Type;FSV-13;
Version;3.70;
Date;14.Mar 24;
Mode;ANALYZER;
Center Freq;15076500.000000;Hz
Freq Offset;0.000000;Hz
Span;29844000.000000;Hz
x-Axis;LIN;
Start;154500.000000;Hz
Stop;29998500.000000;Hz
Ref Level;61.000000;dBµV
Level Offset;0.000000;dB
Ref Position;100.000000;%
y-Axis;LOG;
Level Range;100.000000;dB
Rf Att;0.000000;dB
El Att;0.000000;dB
RBW;9000.000000;Hz
VBW;100000.000000;Hz
SWT;0.100000;s
Trace Mode;AVERAGE;
Detector;RMS;
Sweep Count;0;
Trace 1:;;
x-Unit;Hz;
y-Unit;dBµV;
Preamplifier;OFF;
Transducer;OFF;
Values;3317;
154500;9.4142532348632812;
163500;11.3245849609375;
172500;2.6740036010742187;
181500;1.1805801391601562;
190500;1.3901596069335937;
199500;1.2138824462890625;
208500;1.0597076416015625;
217500;1.0346603393554687;
226500;4.0932159423828125;
235500;2.7350997924804687;
244500;2.1297225952148437;
253500;0.77788543701171875;
262500;0.2245941162109375;
271500;0.94850921630859375;
280500;0.7440948486328125;
289500;1.4056930541992187;
298500;0.70198822021484375;
307500;1.3730926513671875;
316500;4.8197479248046875;
325500;8.5078353881835937;
334500;5.5586624145507813;
343500;0.7985992431640625;
352500;-0.18360137939453125;
361500;-0.4238739013671875;
370500;-0.0608978271484375;
379500;-0.94098663330078125;
388500;-0.905303955078125;
397500;-0.577239990234375;
406500;0.67813873291015625;
415500;-0.171142578125;
424500;-1.1543426513671875;
433500;-1.1775665283203125;
442500;-1.2384033203125;
451500;-0.31310272216796875;
460500;2.422454833984375;
469500;1.2321014404296875;
478500;2.3064498901367187;
487500;6.6016998291015625;
496500;6.1941299438476563;
505500;2.5947113037109375;
514500;-0.150115966796875;
523500;-1.305450439453125;
532500;-0.26485443115234375;
541500;-1.205841064453125;
550500;-1.82098388671875;
559500;-1.5872726440429687;
568500;-0.30035400390625;
577500;-0.65296173095703125;
586500;-1.8120346069335937;
595500;-0.4991607666015625;
604500;-0.01739501953125;
613500;2.5850906372070313;
622500;-0.79705810546875;
631500;0.720245361328125;
640500;2.3773956298828125;
649500;5.323333740234375;
658500;5.2325897216796875;
667500;4.0047607421875;
676500;3.9485855102539062;
685500;0.51165008544921875;
694500;8.6046066284179687;
703500;5.0009613037109375;
712500;3.0571670532226562;
721500;2.5130386352539062;
730500;1.103240966796875;
739500;-0.82720947265625;
748500;0.02387237548828125;
757500;5.6425933837890625;
766500;1.7061004638671875;
775500;0.93866729736328125;
784500;-0.1020355224609375;
793500;6.4481048583984375;
802500;4.7647857666015625;
811500;6.914825439453125;
820500;5.0053634643554687;
829500;5.68572998046875;
838500;8.469482421875;
847500;8.0132904052734375;
856500;5.3793716430664062;
865500;1.9906387329101562;
874500;8.0197906494140625;
883500;9.469512939453125;
892500;12.687179565429688;
901500;6.0729751586914062;
910500;3.5139617919921875;
919500;6.2246932983398437;
928500;13.543052673339844;
937500;9.2530517578125;
946500;4.4666290283203125;
955500;4.1020889282226562;
964500;6.2436370849609375;
973500;10.037933349609375;
982500;5.6099090576171875;
991500;5.853759765625;
1000500;7.020477294921875;
1009500;6.8430252075195312;
1018500;2.9529571533203125;
1027500;0.950103759765625;
1036500;7.3991775512695313;
1045500;2.4115676879882813;
1054500;2.9650192260742187;
1063500;0.53733062744140625;
1072500;5.104705810546875;
1081500;6.3488235473632812;
1090500;1.4578170776367187;
1099500;0.20256805419921875;
1108500;0.94809722900390625;
1117500;7.5678253173828125;
1126500;0.968017578125;
1135500;2.9694137573242187;
1144500;3.7076263427734375;
1153500;6.5936813354492187;
1162500;6.2283935546875;
1171500;3.3284149169921875;
1180500;4.6428375244140625;
1189500;12.329010009765625;
1198500;6.5401458740234375;
1207500;-0.34165191650390625;
1216500;-0.191925048828125;
1225500;7.9164199829101563;
1234500;11.918228149414063;
1243500;1.8469009399414062;
1252500;0.470550537109375;
1261500;0.58104705810546875;
1270500;0.7729644775390625;
1279500;2.88909912109375;
1288500;0.61275482177734375;
1297500;2.586151123046875;
1306500;3.0381622314453125;
1315500;3.6708831787109375;
1324500;3.5425643920898437;
1333500;4.2628707885742187;
1342500;2.371368408203125;
1351500;0.6090545654296875;
1360500;0.7224884033203125;
1369500;0.6281585693359375;
1378500;0.354644775390625;
1387500;0.40547943115234375;
1396500;4.2790451049804687;
1405500;1.2531204223632813;
1414500;1.1164474487304687;
1423500;0.48453521728515625;
1432500;-0.13471221923828125;
1441500;0.32434844970703125;
1450500;0.3697509765625;
1459500;1.8942642211914063;
1468500;2.6740875244140625;
1477500;3.3250503540039062;
1486500;2.5503997802734375;
1495500;3.0095291137695313;
1504500;3.517791748046875;
1513500;1.8610382080078125;
1522500;1.6411056518554687;
1531500;0.82442474365234375;
1540500;0.90219879150390625;
1549500;1.0808486938476562;
1558500;2.0704574584960937;
1567500;0.298126220703125;
1576500;0.20584869384765625;
1585500;0.746307373046875;
1594500;1.5362548828125;
1603500;1.2245254516601562;
1612500;0.57584381103515625;
1621500;1.8152694702148437;
1630500;2.8367996215820313;
1639500;3.476409912109375;
1648500;2.7464218139648437;
1657500;2.718597412109375;
1666500;3.2319793701171875;
1675500;3.042633056640625;
1684500;1.372528076171875;
1693500;1.4948196411132813;
1702500;1.1637954711914062;
1711500;1.0389556884765625;
1720500;1.240753173828125;
1729500;0.83087158203125;
1738500;0.90438079833984375;
1747500;0.42279815673828125;
1756500;1.0030288696289062;
1765500;0.43556976318359375;
1774500;1.1343994140625;
1783500;1.4921798706054687;
1792500;2.109466552734375;
1801500;2.2755584716796875;
1810500;2.07537841796875;
1819500;2.0726776123046875;
1828500;2.23529052734375;
1837500;3.2636260986328125;
1846500;2.150299072265625;
1855500;1.3565826416015625;
1864500;1.8528060913085937;
1873500;1.454833984375;
1882500;1.2595901489257812;
1891500;0.655609130859375;
1900500;0.5447998046875;
1909500;0.848602294921875;
1918500;1.4562759399414062;
1927500;0.2838592529296875;
1936500;0.39504241943359375;
1945500;2.1743621826171875;
1954500;2.6288986206054687;
1963500;1.9337234497070312;
1972500;1.9387588500976562;
1981500;1.9625091552734375;
1990500;2.0723724365234375;
1999500;2.7554473876953125;
2008500;2.3376388549804687;
2017500;1.3444061279296875;
2026500;1.2856597900390625;
2035500;2.4299774169921875;
2044500;1.75872802734375;
2053500;1.2540664672851563;
2062500;0.972625732421875;
2071500;0.88245391845703125;
2080500;1.9502410888671875;
2089500;1.0604476928710937;
2098500;0.9635009765625;
2107500;1.3991470336914063;
2116500;2.85595703125;
2125500;2.1484603881835937;
2134500;2.0372238159179687;
2143500;2.02618408203125;
2152500;2.2585983276367187;
2161500;3.0724105834960937;
2170500;2.5795135498046875;
2179500;2.1458282470703125;
2188500;1.0817947387695312;
2197500;2.2950286865234375;
2206500;1.9209442138671875;
2215500;1.97344970703125;
2224500;1.2081375122070312;
2233500;1.060577392578125;
2242500;1.860595703125;
2251500;1.371124267578125;
2260500;1.383880615234375;
2269500;1.6544189453125;
2278500;3.2412796020507813;
2287500;2.4492263793945313;
2296500;2.9709548950195312;
2305500;6.8288726806640625;
2314500;2.7646865844726562;
2323500;3.0718841552734375;
2332500;2.9221343994140625;
2341500;3.2432022094726562;
2350500;2.1252975463867187;
2359500;2.352325439453125;
2368500;1.0468521118164062;
2377500;5.3316802978515625;
2386500;7.1296768188476563;
2395500;9.1981277465820312;
2404500;2.3173980712890625;
2413500;1.5048446655273437;
2422500;1.3834228515625;
2431500;1.6531524658203125;
2440500;3.1943435668945312;
2449500;1.8765182495117187;
2458500;2.2283706665039062;
2467500;5.6026840209960938;
2476500;5.7474212646484375;
2485500;6.6843414306640625;
2494500;2.460968017578125;
2503500;2.5045852661132813;
2512500;2.3212509155273437;
2521500;2.8365249633789062;
2530500;1.0872573852539062;
2539500;1.0691070556640625;
2548500;0.94220733642578125;
2557500;2.0483245849609375;
2566500;2.6373443603515625;
2575500;2.6250381469726562;
2584500;0.628814697265625;
2593500;1.0772933959960937;
2602500;2.2589569091796875;
2611500;1.38128662109375;
2620500;0.7700958251953125;
2629500;0.621612548828125;
2638500;1.5402984619140625;
2647500;0.82691192626953125;
2656500;1.12353515625;
2665500;0.871551513671875;
2674500;1.165924072265625;
2683500;1.0478134155273437;
2692500;-0.4612884521484375;
2701500;-0.885650634765625;
2710500;-0.97918701171875;
2719500;-0.32077789306640625;
2728500;-0.9990386962890625;
2737500;-1.1487274169921875;
2746500;-0.67464447021484375;
2755500;-0.629180908203125;
2764500;-0.23336029052734375;
2773500;-0.21680450439453125;
2782500;-0.327301025390625;
2791500;-0.45418548583984375;
2800500;0.15377044677734375;
2809500;-0.16607666015625;
2818500;-0.02817535400390625;
2827500;0.064208984375;
2836500;1.6522064208984375;
2845500;0.5448760986328125;
2854500;-0.30097198486328125;
2863500;-0.99521636962890625;
2872500;-1.3763427734375;
2881500;-0.9791107177734375;
2890500;-0.88672637939453125;
2899500;-1.0322341918945313;
2908500;-1.119415283203125;
2917500;-0.7253875732421875;
2926500;1.7272186279296875;
2935500;-0.01908111572265625;
2944500;0.20021820068359375;
2953500;0.0487518310546875;
2962500;0.36241912841796875;
2971500;0.254241943359375;
2980500;0.09203338623046875;
2989500;0.5110321044921875;
2998500;1.2105789184570312;
3007500;1.312255859375;
3016500;1.9105300903320312;
3025500;0.0799407958984375;
3034500;-0.6714019775390625;
3043500;-0.33625030517578125;
3052500;-0.2127838134765625;
3061500;-0.5150299072265625;
3070500;-0.55118560791015625;
3079500;0.012664794921875;
3088500;0.58095550537109375;
3097500;0.75030517578125;
3106500;1.1175155639648437;
3115500;0.0653533935546875;
3124500;0.54642486572265625;
3133500;0.5508575439453125;
3142500;0.447967529296875;
3151500;0.6613311767578125;
3160500;1.1194992065429687;
3169500;1.4463577270507812;
3178500;1.3939590454101563;
3187500;1.2398681640625;
3196500;0.81139373779296875;
3205500;0.17095947265625;
3214500;0.713287353515625;
3223500;0.7577362060546875;
3232500;0.6341705322265625;
3241500;0.59709930419921875;
3250500;1.4084625244140625;
3259500;1.3029327392578125;
3268500;1.2857742309570313;
3277500;1.1019287109375;
3286500;0.8036956787109375;
3295500;1.0673675537109375;
3304500;1.3073043823242187;
3313500;1.5860137939453125;
3322500;1.5413970947265625;
3331500;2.4515228271484375;
3340500;2.5938186645507812;
3349500;2.2312393188476562;
3358500;2.2279815673828125;
3367500;2.028289794921875;
3376500;1.7444076538085937;
3385500;1.629791259765625;
3394500;1.8520736694335938;
3403500;2.0371856689453125;
3412500;2.6270828247070312;
3421500;2.9204788208007813;
3430500;2.5911178588867187;
3439500;2.6111297607421875;
3448500;1.7768936157226562;
3457500;4.1155166625976562;
3466500;1.8564834594726563;
3475500;1.5972900390625;
3484500;1.6627426147460937;
3493500;2.08355712890625;
3502500;2.5531845092773437;
3511500;2.0262298583984375;
3520500;1.727630615234375;
3529500;1.323577880859375;
3538500;1.4586868286132813;
3547500;5.2143325805664062;
3556500;1.6114883422851562;
3565500;1.3830337524414062;
3574500;3.2248153686523438;
3583500;1.6356201171875;
3592500;1.0793609619140625;
3601500;0.95789337158203125;
3610500;0.468658447265625;
3619500;-0.04018402099609375;
3628500;0.044281005859375;
3637500;3.421630859375;
3646500;0.25403594970703125;
3655500;0.43038177490234375;
3664500;0.34494781494140625;
3673500;0.30229949951171875;
3682500;0.3435516357421875;
3691500;0.15607452392578125;
3700500;-0.15496826171875;
3709500;-0.32682037353515625;
3718500;0.04434967041015625;
3727500;1.04833984375;
3736500;0.5101470947265625;
3745500;0.6382598876953125;
3754500;0.43206024169921875;
3763500;0.58924102783203125;
3772500;0.32045745849609375;
3781500;0.425872802734375;
3790500;0.24704742431640625;
3799500;0.2776641845703125;
3808500;0.14975738525390625;
3817500;0.4712066650390625;
3826500;0.1025848388671875;
3835500;0.24933624267578125;
3844500;0.1562957763671875;
3853500;0.14263916015625;
3862500;0.05008697509765625;
3871500;-0.41101837158203125;
3880500;-0.41477203369140625;
3889500;-0.66284942626953125;
3898500;0.4951324462890625;
3907500;0.534698486328125;
3916500;-0.21120452880859375;
3925500;-0.571258544921875;
3934500;-0.68457794189453125;
3943500;-0.721221923828125;
3952500;-0.82468414306640625;
3961500;-1.0269699096679687;
3970500;-1.3162384033203125;
3979500;-1.1275711059570312;
3988500;0.30036163330078125;
3997500;-0.084075927734375;
4006500;-0.8809356689453125;
4015500;-1.1576004028320312;
4024500;-1.2124557495117187;
4033500;-1.169158935546875;
4042500;-1.48358154296875;
4051500;-1.6188583374023437;
4060500;-1.3800277709960937;
4069500;-1.101470947265625;
4078500;0.91445159912109375;
4087500;-0.7701263427734375;
4096500;-1.3569183349609375;
4105500;-1.3349151611328125;
4114500;-1.3761825561523437;
4123500;-1.5421600341796875;
4132500;-1.5448684692382813;
4141500;-1.2219085693359375;
4150500;-0.949737548828125;
4159500;-1.0487213134765625;
4168500;1.1772537231445313;
4177500;-0.34769439697265625;
4186500;-0.95609283447265625;
4195500;-0.68598175048828125;
4204500;-0.8651580810546875;
4213500;-1.0279006958007812;
4222500;-0.98052978515625;
4231500;-0.533843994140625;
4240500;-0.4986114501953125;
4249500;-0.516845703125;
4258500;0.3658294677734375;
4267500;-0.6623382568359375;
4276500;-0.47772216796875;
4285500;-0.19890594482421875;
4294500;-0.2994384765625;
4303500;-0.24267578125;
4312500;0.130706787109375;
4321500;0.2498626708984375;
4330500;0.38530731201171875;
4339500;0.50278472900390625;
4348500;0.771209716796875;
4357500;0.64690399169921875;
4366500;0.54571533203125;
4375500;0.4295196533203125;
4384500;0.50446319580078125;
4393500;0.87430572509765625;
4402500;0.81569671630859375;
4411500;0.8261260986328125;
4420500;0.99105072021484375;
4429500;1.2914276123046875;
4438500;2.2586212158203125;
4447500;1.2797927856445313;
4456500;1.0828323364257812;
4465500;1.4013595581054687;
4474500;1.7385635375976562;
4483500;1.9778900146484375;
4492500;1.9180984497070313;
4501500;1.8052139282226563;
4510500;2.2216110229492187;
4519500;3.5716781616210937;
4528500;4.4019393920898437;
4537500;1.944915771484375;
4546500;2.1742706298828125;
4555500;2.302215576171875;
4564500;2.2910614013671875;
4573500;2.063690185546875;
4582500;2.16510009765625;
4591500;2.1957015991210938;
4600500;2.4753036499023437;
4609500;5.0543212890625;
4618500;4.6082305908203125;
4627500;2.9357986450195313;
4636500;3.393768310546875;
4645500;3.329559326171875;
4654500;3.2642745971679687;
4663500;3.4291534423828125;
4672500;3.2638168334960938;
4681500;3.6917190551757813;
4690500;3.5301971435546875;
4699500;5.8092880249023438;
4708500;4.7603225708007812;
4717500;3.3887710571289062;
4726500;3.4475784301757813;
4735500;3.3659439086914062;
4744500;3.143096923828125;
4753500;2.9931564331054687;
4762500;3.3519668579101562;
4771500;3.5087509155273437;
4780500;3.8480300903320312;
4789500;5.3709716796875;
4798500;4.5873870849609375;
4807500;4.4121856689453125;
4816500;4.6285781860351562;
4825500;4.3806915283203125;
4834500;4.1484527587890625;
4843500;4.4481048583984375;
4852500;4.6328811645507812;
4861500;4.6476669311523437;
4870500;4.6192703247070312;
4879500;4.5777206420898437;
4888500;4.4205703735351563;
4897500;4.4086380004882812;
4906500;4.3040924072265625;
4915500;4.1101303100585938;
4924500;4.3007125854492187;
4933500;4.6818923950195313;
4942500;5.0758438110351563;
4951500;5.1190109252929687;
4960500;5.31622314453125;
4969500;6.86676025390625;
4978500;5.303314208984375;
4987500;4.9648513793945313;
4996500;4.9634780883789062;
5005500;4.9073333740234375;
5014500;5.4825210571289062;
5023500;5.4824066162109375;
5032500;5.3640060424804687;
5041500;5.3663482666015625;
5050500;6.4829177856445312;
5059500;9.641754150390625;
5068500;4.9302902221679687;
5077500;4.5297088623046875;
5086500;4.3231201171875;
5095500;4.7961044311523437;
5104500;5.050933837890625;
5113500;4.967132568359375;
5122500;4.9654006958007812;
5131500;4.6830825805664062;
5140500;7.5798416137695313;
5149500;9.757598876953125;
5158500;4.1790237426757812;
5167500;3.9829330444335937;
5176500;4.4955596923828125;
5185500;4.316497802734375;
5194500;4.2279129028320313;
5203500;4.534332275390625;
5212500;4.21539306640625;
5221500;3.8483047485351563;
5230500;6.65966796875;
5239500;7.378997802734375;
5248500;3.3084793090820312;
5257500;3.4479904174804687;
5266500;3.5529098510742187;
5275500;3.4107589721679687;
5284500;3.7042617797851563;
5293500;3.15606689453125;
5302500;2.9415512084960938;
5311500;2.7631454467773437;
5320500;4.07940673828125;
5329500;3.394073486328125;
5338500;2.5867691040039062;
5347500;3.0173416137695312;
5356500;3.0595855712890625;
5365500;3.0471420288085938;
5374500;2.5991744995117187;
5383500;2.678558349609375;
5392500;2.4722213745117187;
5401500;2.6285781860351562;
5410500;2.1140518188476562;
5419500;2.1941680908203125;
5428500;2.585784912109375;
5437500;2.61041259765625;
5446500;2.4733428955078125;
5455500;2.043731689453125;
5464500;1.4795913696289063;
5473500;1.244415283203125;
5482500;1.1260528564453125;
5491500;1.0791091918945312;
5500500;1.4842987060546875;
5509500;1.1772994995117187;
5518500;1.3285980224609375;
5527500;1.3607635498046875;
5536500;1.158447265625;
5545500;0.9937591552734375;
5554500;0.7871856689453125;
5563500;0.7922210693359375;
5572500;0.71312713623046875;
5581500;0.96106719970703125;
5590500;2.9126205444335938;
5599500;0.98412322998046875;
5608500;0.9191131591796875;
5617500;0.6428070068359375;
5626500;0.534637451171875;
5635500;0.2028656005859375;
5644500;-0.11468505859375;
5653500;-0.19427490234375;
5662500;-0.2373504638671875;
5671500;0.477386474609375;
5680500;3.3902664184570312;
5689500;0.0990447998046875;
5698500;-0.10764312744140625;
5707500;-0.299560546875;
5716500;-0.27445220947265625;
5725500;-0.49092864990234375;
5734500;-0.272796630859375;
5743500;-0.25951385498046875;
5752500;-0.450653076171875;
5761500;0.71154022216796875;
5770500;2.5055770874023437;
5779500;-0.693084716796875;
5788500;-0.61983489990234375;
5797500;-0.93001556396484375;
5806500;-0.8005828857421875;
5815500;-0.89959716796875;
5824500;-1.121978759765625;
5833500;-0.94585418701171875;
5842500;-1.133941650390625;
5851500;-0.13727569580078125;
5860500;0.53649139404296875;
5869500;-1.3765945434570313;
5878500;-1.5777130126953125;
5887500;-1.7133331298828125;
5896500;-1.6459503173828125;
5905500;-1.6711502075195312;
5914500;-1.5416946411132813;
5923500;-1.5268325805664063;
5932500;-1.7610015869140625;
5941500;-1.31707763671875;
5950500;-1.6671066284179687;
5959500;-1.3992385864257812;
5968500;-1.616180419921875;
5977500;-1.7738189697265625;
5986500;-1.9117584228515625;
5995500;-1.82843017578125;
6004500;-1.8064804077148437;
6013500;-1.7076568603515625;
6022500;-1.886138916015625;
6031500;-1.2596359252929687;
6040500;-1.485107421875;
6049500;-1.8195266723632813;
6058500;-1.8845672607421875;
6067500;-1.8635101318359375;
6076500;-2.050628662109375;
6085500;-1.905609130859375;
6094500;-1.945831298828125;
6103500;-1.8012542724609375;
6112500;-1.8025360107421875;
6121500;1.1231536865234375;
6130500;-0.81427001953125;
6139500;-1.5481109619140625;
6148500;-1.6596603393554688;
6157500;-1.674896240234375;
6166500;-1.5381393432617187;
6175500;-1.2237396240234375;
6184500;-1.1680450439453125;
6193500;-1.3288192749023437;
6202500;-1.2325363159179687;
6211500;2.53271484375;
6220500;-0.920562744140625;
6229500;-1.348114013671875;
6238500;-1.2696990966796875;
6247500;-1.3526153564453125;
6256500;-1.2883377075195313;
6265500;-1.347015380859375;
6274500;-1.2344970703125;
6283500;-1.4340438842773437;
6292500;-0.8701629638671875;
6301500;2.6892242431640625;
6310500;-0.9956207275390625;
6319500;-1.0742568969726563;
6328500;-1.0201873779296875;
6337500;-1.1299514770507813;
6346500;-1.17523193359375;
6355500;-1.2615509033203125;
6364500;-1.0920028686523437;
6373500;-1.3242034912109375;
6382500;-0.854644775390625;
6391500;1.1143417358398437;
6400500;-1.249114990234375;
6409500;-1.5064926147460937;
6418500;-1.62744140625;
6427500;-1.394500732421875;
6436500;-1.5773162841796875;
6445500;-1.630584716796875;
6454500;-1.3888320922851562;
6463500;-1.716522216796875;
6472500;-1.594573974609375;
6481500;-1.135040283203125;
6490500;-1.5865707397460938;
6499500;-1.5427093505859375;
6508500;-1.73876953125;
6517500;-1.756866455078125;
6526500;-1.9990158081054688;
6535500;-1.859710693359375;
6544500;-1.7960281372070313;
6553500;-2.07745361328125;
6562500;-1.5656585693359375;
6571500;-1.5508499145507813;
6580500;-1.7564697265625;
6589500;-1.5712203979492187;
6598500;-1.8371963500976563;
6607500;-1.6873397827148437;
6616500;-1.7056732177734375;
6625500;-1.6063003540039062;
6634500;-1.751708984375;
6643500;-1.6726531982421875;
6652500;0.1529998779296875;
6661500;-0.22071075439453125;
6670500;-1.7601242065429687;
6679500;-1.713470458984375;
6688500;-1.8751983642578125;
6697500;-1.5164031982421875;
6706500;-1.6731796264648437;
6715500;-1.5233535766601563;
6724500;-1.6340179443359375;
6733500;-1.6997222900390625;
6742500;1.5143508911132813;
6751500;-0.301483154296875;
6760500;-1.42132568359375;
6769500;-1.1740570068359375;
6778500;-1.4065017700195313;
6787500;-1.282470703125;
6796500;-1.7218704223632813;
6805500;-1.2534561157226563;
6814500;-1.5183944702148437;
6823500;-1.64990234375;
6832500;0.87142181396484375;
6841500;-1.3676605224609375;
6850500;-1.5972061157226563;
6859500;-1.3066482543945313;
6868500;-1.56988525390625;
6877500;-1.7540206909179687;
6886500;-1.8964385986328125;
6895500;-1.522064208984375;
6904500;-1.9183883666992187;
6913500;-1.6766433715820312;
6922500;-1.0044784545898437;
6931500;-1.8652191162109375;
6940500;-1.8984832763671875;
6949500;-2.269378662109375;
6958500;-1.9998931884765625;
6967500;-2.0916290283203125;
6976500;-2.3601913452148438;
6985500;-2.2147064208984375;
6994500;-2.55419921875;
7003500;-2.0943756103515625;
7012500;-2.0907821655273437;
7021500;-2.3799667358398437;
7030500;-2.1952133178710937;
7039500;-2.10101318359375;
7048500;-2.0809860229492187;
7057500;-2.2197723388671875;
7066500;-2.4925994873046875;
7075500;-2.4363937377929687;
7084500;-2.5074005126953125;
7093500;-2.2955780029296875;
7102500;-2.0058441162109375;
7111500;-2.3610458374023437;
7120500;-2.4272689819335937;
7129500;-2.1371231079101562;
7138500;-2.3209075927734375;
7147500;-2.474456787109375;
7156500;-2.1753616333007813;
7165500;-2.1092147827148437;
7174500;-2.5819931030273437;
7183500;-1.8707656860351563;
7192500;-1.451507568359375;
7201500;-2.5890655517578125;
7210500;-2.408966064453125;
7219500;-2.5655441284179687;
7228500;-2.3462982177734375;
7237500;-2.5741653442382813;
7246500;-2.542938232421875;
7255500;-2.305999755859375;
7264500;-2.3664016723632813;
7273500;-1.3870849609375;
7282500;-1.4237823486328125;
7291500;-2.432464599609375;
7300500;-2.2007522583007812;
7309500;-2.4729766845703125;
7318500;-2.5586776733398437;
7327500;-2.612396240234375;
7336500;-2.56036376953125;
7345500;-2.443389892578125;
7354500;-2.4915924072265625;
7363500;-0.9448699951171875;
7372500;-1.4912948608398437;
7381500;-2.3268661499023437;
7390500;-2.4446334838867187;
7399500;-2.53460693359375;
7408500;-2.615447998046875;
7417500;-2.4914703369140625;
7426500;-2.3279037475585937;
7435500;-2.5393524169921875;
7444500;-2.1116714477539062;
7453500;-1.3267745971679687;
7462500;-1.9485092163085938;
7471500;-2.2671737670898437;
7480500;-2.148345947265625;
7489500;-2.2480545043945312;
7498500;-2.21978759765625;
7507500;-2.127349853515625;
7516500;-2.151092529296875;
7525500;-2.16888427734375;
7534500;-2.01654052734375;
7543500;-1.8404617309570313;
7552500;-2.0230560302734375;
7561500;-2.052947998046875;
7570500;-1.970855712890625;
7579500;-1.9990310668945312;
7588500;-2.2111740112304687;
7597500;-1.9787979125976563;
7606500;-1.7935562133789063;
7615500;-1.633697509765625;
7624500;-1.5928192138671875;
7633500;-1.9018096923828125;
7642500;-2.1372909545898437;
7651500;-1.9648590087890625;
7660500;-1.994720458984375;
7669500;-2.0236434936523437;
7678500;-2.2243576049804687;
7687500;-1.8781890869140625;
7696500;-1.9069061279296875;
7705500;-1.8001937866210938;
7714500;-2.3085174560546875;
7723500;-1.835723876953125;
7732500;-1.9102249145507812;
7741500;-1.7311782836914063;
7750500;-2.0861358642578125;
7759500;-2.0530242919921875;
7768500;-1.8519058227539063;
7777500;-1.9161834716796875;
7786500;-1.7692031860351563;
7795500;-2.0789642333984375;
7804500;-1.8433456420898437;
7813500;-1.75848388671875;
7822500;-1.6739654541015625;
7831500;-1.9390716552734375;
7840500;-2.097137451171875;
7849500;-1.78173828125;
7858500;-1.977752685546875;
7867500;-1.788909912109375;
7876500;-1.8248138427734375;
7885500;-1.8113555908203125;
7894500;-1.7558670043945313;
7903500;-1.2254257202148437;
7912500;-1.6687545776367187;
7921500;-1.6971206665039063;
7930500;-1.6077880859375;
7939500;-1.713714599609375;
7948500;-1.61199951171875;
7957500;-1.6909561157226562;
7966500;-1.7501220703125;
7975500;-1.63739013671875;
7984500;-1.0386886596679687;
7993500;-1.0858535766601563;
8002500;-1.4581756591796875;
8011500;-1.3539657592773437;
8020500;-1.3098297119140625;
8029500;-1.5500259399414063;
8038500;-1.5889434814453125;
8047500;-1.447509765625;
8056500;-1.4036712646484375;
8065500;-1.1754608154296875;
8074500;-1.0252304077148437;
8083500;-1.3577346801757812;
8092500;-1.285797119140625;
8101500;-0.992828369140625;
8110500;-1.1606216430664063;
8119500;-1.2865982055664062;
8128500;-1.0736312866210937;
8137500;-1.2867279052734375;
8146500;-1.3114776611328125;
8155500;-1.1885223388671875;
8164500;-1.2467269897460937;
8173500;-1.1629562377929687;
8182500;-1.4015121459960937;
8191500;-1.3563308715820312;
8200500;-1.2505569458007813;
8209500;-1.6112747192382813;
8218500;-1.4505233764648437;
8227500;-1.4108123779296875;
8236500;-1.6272201538085937;
8245500;-1.35150146484375;
8254500;-0.3487396240234375;
8263500;-1.65838623046875;
8272500;-1.94354248046875;
8281500;-1.99969482421875;
8290500;-1.641510009765625;
8299500;-1.7109222412109375;
8308500;-1.9804306030273437;
8317500;-2.1194229125976562;
8326500;-1.9619064331054687;
8335500;-1.5521087646484375;
8344500;0.84607696533203125;
8353500;-2.0314483642578125;
8362500;-2.0878143310546875;
8371500;-2.156402587890625;
8380500;-2.4409713745117187;
8389500;-2.4020156860351562;
8398500;-2.4004058837890625;
8407500;-2.0924911499023437;
8416500;-2.0208511352539062;
8425500;-1.742767333984375;
8434500;-0.09954071044921875;
8443500;-2.6004714965820312;
8452500;-2.1432342529296875;
8461500;-2.1109771728515625;
8470500;-2.1820449829101562;
8479500;-2.1819381713867187;
8488500;-1.974090576171875;
8497500;-2.139007568359375;
8506500;-2.2872848510742187;
8515500;-1.63299560546875;
8524500;-1.26409912109375;
8533500;-2.2374954223632813;
8542500;-2.0211715698242187;
8551500;-2.0805282592773437;
8560500;-2.0605545043945312;
8569500;-2.0714874267578125;
8578500;-2.1377944946289062;
8587500;-2.1399459838867187;
8596500;-2.00994873046875;
8605500;-1.9674606323242187;
8614500;-2.0006866455078125;
8623500;-2.1229248046875;
8632500;-2.1828765869140625;
8641500;-2.2432327270507813;
8650500;-2.2626495361328125;
8659500;-2.3477783203125;
8668500;-2.2820892333984375;
8677500;-2.3986740112304687;
8686500;-2.34271240234375;
8695500;-2.2914581298828125;
8704500;-2.34857177734375;
8713500;-2.4187469482421875;
8722500;-2.38287353515625;
8731500;-2.6392745971679687;
8740500;-2.4871368408203125;
8749500;-2.5735321044921875;
8758500;-2.59417724609375;
8767500;-2.5968093872070312;
8776500;-2.8134613037109375;
8785500;-2.1157684326171875;
8794500;-2.4809417724609375;
8803500;-2.694488525390625;
8812500;-2.5392303466796875;
8821500;-2.743255615234375;
8830500;-2.69036865234375;
8839500;-2.812744140625;
8848500;-2.9006423950195313;
8857500;-2.7954635620117187;
8866500;-2.8364105224609375;
8875500;-1.9148178100585937;
8884500;-2.61651611328125;
8893500;-2.8980941772460937;
8902500;-3.0875930786132812;
8911500;-3.3410186767578125;
8920500;-3.1565017700195312;
8929500;-2.9750595092773437;
8938500;-3.0176544189453125;
8947500;-3.1695480346679687;
8956500;-3.1954574584960938;
8965500;-1.9127349853515625;
8974500;-2.7756881713867187;
8983500;-2.8723220825195313;
8992500;-2.9427871704101562;
9001500;-2.9988174438476562;
9010500;-2.9423904418945313;
9019500;-3.0202178955078125;
9028500;-2.9756011962890625;
9037500;-3.1442108154296875;
9046500;-2.9883575439453125;
9055500;-2.1313629150390625;
9064500;-2.9299392700195313;
9073500;-3.0081329345703125;
9082500;-3.2140884399414062;
9091500;-3.1477813720703125;
9100500;-3.0147171020507813;
9109500;-3.0628814697265625;
9118500;-2.9006271362304687;
9127500;-3.0986175537109375;
9136500;-3.1376113891601562;
9145500;-3.029571533203125;
9154500;-3.1507492065429687;
9163500;-3.0586776733398437;
9172500;-3.0911483764648438;
9181500;-3.1939849853515625;
9190500;-3.0548858642578125;
9199500;-3.1304702758789062;
9208500;-3.2297821044921875;
9217500;-3.1025009155273437;
9226500;-3.2121047973632812;
9235500;-3.2668991088867187;
9244500;-3.3374481201171875;
9253500;-3.2724609375;
9262500;-3.2376861572265625;
9271500;-3.13189697265625;
9280500;-3.0620346069335937;
9289500;-3.0955047607421875;
9298500;-2.9466705322265625;
9307500;-3.0366058349609375;
9316500;-3.0208587646484375;
9325500;-3.23724365234375;
9334500;-3.3009414672851562;
9343500;-3.0954513549804687;
9352500;-3.1188583374023438;
9361500;-3.3116989135742187;
9370500;-3.24786376953125;
9379500;-3.188690185546875;
9388500;-3.2514114379882812;
9397500;-3.1256561279296875;
9406500;-2.86492919921875;
9415500;-3.1236495971679687;
9424500;-3.122589111328125;
9433500;-3.21014404296875;
9442500;-3.2231674194335937;
9451500;-3.1297607421875;
9460500;-3.3160781860351563;
9469500;-3.2388076782226562;
9478500;-3.5960693359375;
9487500;-3.521453857421875;
9496500;-3.3386917114257812;
9505500;-3.3462142944335938;
9514500;-3.2410888671875;
9523500;-3.3024063110351562;
9532500;-3.4552688598632812;
9541500;-3.2603530883789062;
9550500;-3.146209716796875;
9559500;-3.0965118408203125;
9568500;-3.2171783447265625;
9577500;-3.2694244384765625;
9586500;-3.1708755493164062;
9595500;-3.4085617065429687;
9604500;-3.2269439697265625;
9613500;-3.1446990966796875;
9622500;-3.3003768920898437;
9631500;-3.2178878784179687;
9640500;-3.4084243774414062;
9649500;-3.2311630249023438;
9658500;-3.3050537109375;
9667500;-3.3138275146484375;
9676500;-3.293792724609375;
9685500;-3.3376617431640625;
9694500;-3.2904434204101563;
9703500;-3.3097152709960937;
9712500;-3.2336044311523438;
9721500;-3.1625900268554687;
9730500;-3.3184585571289062;
9739500;-3.1786651611328125;
9748500;-3.2679824829101562;
9757500;-3.2750625610351562;
9766500;-2.9795379638671875;
9775500;-3.1106185913085938;
9784500;-3.01885986328125;
9793500;-3.0576400756835937;
9802500;-3.0861587524414062;
9811500;-3.1570587158203125;
9820500;-3.0092849731445313;
9829500;-3.1628875732421875;
9838500;-3.2662811279296875;
9847500;-2.9642181396484375;
9856500;-2.953125;
9865500;-2.75726318359375;
9874500;-2.93017578125;
9883500;-2.8295745849609375;
9892500;-2.659332275390625;
9901500;-2.4349899291992187;
9910500;-2.58221435546875;
9919500;-2.5932769775390625;
9928500;-2.3832855224609375;
9937500;-2.3175888061523437;
9946500;-1.6848220825195313;
9955500;-2.1996612548828125;
9964500;-2.2239456176757812;
9973500;-1.9482192993164062;
9982500;-1.55706787109375;
9991500;-1.6179580688476563;
10000500;-1.9104690551757813;
10009500;-1.5206680297851562;
10018500;-1.506072998046875;
10027500;-0.724334716796875;
10036500;-1.4135513305664062;
10045500;-1.46728515625;
10054500;-0.93257904052734375;
10063500;-0.5396881103515625;
10072500;-1.2083663940429687;
10081500;-1.6721115112304687;
10090500;-1.2774810791015625;
10099500;-1.4021682739257813;
10108500;-0.97754669189453125;
10117500;-1.9118423461914063;
10126500;-1.83319091796875;
10135500;-1.8942794799804687;
10144500;-1.5532989501953125;
10153500;-2.2852783203125;
10162500;-2.367279052734375;
10171500;-2.202606201171875;
10180500;-2.370849609375;
10189500;-2.0769577026367187;
10198500;-2.6422119140625;
10207500;-2.5052642822265625;
10216500;-2.4759063720703125;
10225500;-2.349700927734375;
10234500;-2.800811767578125;
10243500;-3.0235443115234375;
10252500;-2.6622390747070313;
10261500;-2.5225982666015625;
10270500;-2.7097015380859375;
10279500;-2.9999160766601563;
10288500;-2.940399169921875;
10297500;-2.9134902954101562;
10306500;-2.8468704223632813;
10315500;-2.9044723510742187;
10324500;-3.0367431640625;
10333500;-2.7915115356445312;
10342500;-2.6567840576171875;
10351500;-2.7543563842773437;
10360500;-2.7526626586914062;
10369500;-2.637786865234375;
10378500;-3.1059722900390625;
10387500;-2.9735870361328125;
10396500;-2.878814697265625;
10405500;-3.0406494140625;
10414500;-2.830718994140625;
10423500;-2.822540283203125;
10432500;-2.820343017578125;
10441500;-2.9003067016601562;
10450500;-2.7533035278320313;
10459500;-2.9411773681640625;
10468500;-2.655548095703125;
10477500;-3.061309814453125;
10486500;-3.2345199584960938;
10495500;-3.0380783081054687;
10504500;-2.8305282592773438;
10513500;-2.86761474609375;
10522500;-2.8912506103515625;
10531500;-2.946075439453125;
10540500;-2.9719009399414062;
10549500;-3.0435409545898438;
10558500;-3.201416015625;
10567500;-2.9453201293945312;
10576500;-3.2633590698242187;
10585500;-3.1193008422851562;
10594500;-3.1274185180664062;
10603500;-3.0709381103515625;
10612500;-2.9707183837890625;
10621500;-2.8917999267578125;
10630500;-3.2182693481445313;
10639500;-3.254425048828125;
10648500;-2.9067306518554687;
10657500;-2.9498825073242187;
10666500;-2.9610366821289062;
10675500;-3.0295181274414063;
10684500;-3.1715164184570312;
10693500;-3.095001220703125;
10702500;-3.0825729370117187;
10711500;-3.162139892578125;
10720500;-3.4658355712890625;
10729500;-3.3640289306640625;
10738500;-2.9341049194335937;
10747500;-3.0465469360351562;
10756500;-3.206512451171875;
10765500;-3.1166534423828125;
10774500;-3.144622802734375;
10783500;-3.1711654663085937;
10792500;-3.0304946899414062;
10801500;-3.1094436645507813;
10810500;-3.0848159790039062;
10819500;-2.9287490844726562;
10828500;-2.999908447265625;
10837500;-3.2439956665039062;
10846500;-3.1229095458984375;
10855500;-3.1994476318359375;
10864500;-3.0266647338867187;
10873500;-2.82293701171875;
10882500;-3.18255615234375;
10891500;-3.0767593383789062;
10900500;-3.1692123413085938;
10909500;-2.98956298828125;
10918500;-2.6742324829101562;
10927500;-3.024322509765625;
10936500;-3.14276123046875;
10945500;-2.7653121948242187;
10954500;-2.8605194091796875;
10963500;-2.92144775390625;
10972500;-2.8373184204101562;
10981500;-2.8946075439453125;
10990500;-2.7069015502929687;
10999500;-2.8676528930664062;
11008500;-1.968719482421875;
11017500;-2.4323272705078125;
11026500;-2.5367507934570312;
11035500;-2.6415023803710937;
11044500;-2.6049652099609375;
11053500;-2.3188018798828125;
11062500;-2.4119491577148437;
11071500;-2.2289886474609375;
11080500;-2.1795806884765625;
11089500;-2.0980224609375;
11098500;-1.4194793701171875;
11107500;-2.0391998291015625;
11116500;-2.1144866943359375;
11125500;-2.0142669677734375;
11134500;-1.9167938232421875;
11143500;-1.9012298583984375;
11152500;-1.9250564575195312;
11161500;-1.8614959716796875;
11170500;-1.90374755859375;
11179500;-1.5039825439453125;
11188500;-0.7857666015625;
11197500;-1.5215988159179687;
11206500;-1.6305694580078125;
11215500;-1.7167816162109375;
11224500;-1.4849090576171875;
11233500;-1.545196533203125;
11242500;-1.449127197265625;
11251500;-1.5210952758789063;
11260500;-1.690338134765625;
11269500;-1.3120651245117188;
11278500;-1.2642364501953125;
11287500;-1.9141616821289063;
11296500;-1.661102294921875;
11305500;-1.5879058837890625;
11314500;-1.73486328125;
11323500;-1.8360977172851562;
11332500;-2.1438980102539062;
11341500;-1.6689529418945313;
11350500;-1.7214889526367187;
11359500;-1.8512420654296875;
11368500;-1.7182998657226562;
11377500;-2.0444793701171875;
11386500;-2.012115478515625;
11395500;-2.1178512573242187;
11404500;-2.2843551635742187;
11413500;-2.305419921875;
11422500;-2.246551513671875;
11431500;-2.3229904174804687;
11440500;-2.3495941162109375;
11449500;-2.0662689208984375;
11458500;-2.4043426513671875;
11467500;-2.4681777954101562;
11476500;-2.6790847778320313;
11485500;-2.5909194946289062;
11494500;-2.5125885009765625;
11503500;-2.74652099609375;
11512500;-2.745330810546875;
11521500;-2.7787551879882812;
11530500;-2.6408309936523437;
11539500;-1.9338607788085938;
11548500;-2.5214462280273437;
11557500;-2.5383224487304687;
11566500;-2.6364517211914063;
11575500;-2.5862274169921875;
11584500;-2.6976776123046875;
11593500;-2.6577682495117187;
11602500;-2.6575241088867187;
11611500;-2.7145233154296875;
11620500;-2.6924057006835937;
11629500;-1.8367996215820313;
11638500;-2.6021728515625;
11647500;-2.7947921752929687;
11656500;-2.7581024169921875;
11665500;-2.54327392578125;
11674500;-2.47869873046875;
11683500;-2.7071990966796875;
11692500;-2.8840713500976562;
11701500;-2.8363037109375;
11710500;-2.7729415893554687;
11719500;-2.0868682861328125;
11728500;-2.841064453125;
11737500;-2.86993408203125;
11746500;-2.8828659057617187;
11755500;-2.8623123168945312;
11764500;-3.0391082763671875;
11773500;-3.213287353515625;
11782500;-3.0233154296875;
11791500;-2.9566497802734375;
11800500;-2.8485565185546875;
11809500;-2.5955352783203125;
11818500;-3.0338668823242187;
11827500;-3.0939788818359375;
11836500;-3.1143035888671875;
11845500;-3.0229339599609375;
11854500;-3.0923919677734375;
11863500;-3.022247314453125;
11872500;-2.9664459228515625;
11881500;-3.099456787109375;
11890500;-3.1152725219726563;
11899500;-3.2269515991210938;
11908500;-3.3464813232421875;
11917500;-1.2199478149414062;
11926500;-2.8852767944335937;
11935500;-3.2704391479492187;
11944500;-3.3691177368164062;
11953500;-2.9899139404296875;
11962500;-3.034637451171875;
11971500;-3.270111083984375;
11980500;-3.0553207397460937;
11989500;-2.8175430297851562;
11998500;3.1349334716796875;
12007500;-1.7480010986328125;
12016500;-3.187896728515625;
12025500;-3.1121826171875;
12034500;-3.1388397216796875;
12043500;-3.26593017578125;
12052500;-3.343841552734375;
12061500;-3.2386932373046875;
12070500;-2.8008193969726562;
12079500;-2.969573974609375;
12088500;-3.0240249633789063;
12097500;-3.1971664428710937;
12106500;-3.1829986572265625;
12115500;-3.2602920532226562;
12124500;-3.0574569702148437;
12133500;-3.154815673828125;
12142500;-3.1931686401367187;
12151500;-3.264495849609375;
12160500;-2.2628021240234375;
12169500;-3.023345947265625;
12178500;-3.0560760498046875;
12187500;-2.9759597778320313;
12196500;-3.1982192993164062;
12205500;-3.2956314086914063;
12214500;-3.0848159790039062;
12223500;-3.1495361328125;
12232500;-3.1935653686523437;
12241500;-3.3145217895507813;
12250500;-2.6858749389648438;
12259500;-3.1907424926757812;
12268500;-3.067535400390625;
12277500;-3.3669509887695313;
12286500;-3.0652008056640625;
12295500;-2.9187774658203125;
12304500;-3.19573974609375;
12313500;-3.1986007690429687;
12322500;-3.006256103515625;
12331500;-3.0524673461914062;
12340500;-2.7209548950195313;
12349500;-3.0141677856445313;
12358500;-3.2134475708007813;
12367500;-3.0911941528320312;
12376500;-3.0837249755859375;
12385500;-3.0334320068359375;
12394500;-3.1358795166015625;
12403500;-3.3348312377929687;
12412500;-3.0904083251953125;
12421500;-3.0619659423828125;
12430500;-2.9185562133789062;
12439500;-3.0241241455078125;
12448500;-3.2031097412109375;
12457500;-3.22174072265625;
12466500;-2.8614959716796875;
12475500;-3.003631591796875;
12484500;-3.2677383422851562;
12493500;-3.2270431518554687;
12502500;-3.0962066650390625;
12511500;-3.0825271606445313;
12520500;-2.9716644287109375;
12529500;-3.1464385986328125;
12538500;-3.0018386840820312;
12547500;-3.1687774658203125;
12556500;-3.1967086791992187;
12565500;-3.1877212524414062;
12574500;-3.146942138671875;
12583500;-2.9984359741210937;
12592500;-3.1470565795898437;
12601500;-3.0954818725585937;
12610500;-2.6933746337890625;
12619500;-3.1650390625;
12628500;-3.140899658203125;
12637500;-3.1294708251953125;
12646500;-3.2449722290039063;
12655500;-3.0406951904296875;
12664500;-3.0567474365234375;
12673500;-2.9815521240234375;
12682500;-2.7973709106445312;
12691500;-2.6141433715820313;
12700500;-3.0071487426757813;
12709500;-3.0398406982421875;
12718500;-3.1100234985351562;
12727500;-3.0483474731445313;
12736500;-2.9052963256835938;
12745500;-3.0386581420898438;
12754500;-2.92498779296875;
12763500;-2.907562255859375;
12772500;-3.1908416748046875;
12781500;-2.9235916137695313;
12790500;-3.1021957397460937;
12799500;-3.0093536376953125;
12808500;-3.091400146484375;
12817500;-3.0588226318359375;
12826500;-3.1661224365234375;
12835500;-3.25726318359375;
12844500;-3.0144119262695313;
12853500;-3.1201171875;
12862500;-2.9000778198242187;
12871500;-2.9337921142578125;
12880500;-2.9012222290039062;
12889500;-3.0333251953125;
12898500;-3.12939453125;
12907500;-3.1581802368164062;
12916500;-3.0902633666992187;
12925500;-3.2269058227539062;
12934500;-3.0875625610351562;
12943500;-3.062225341796875;
12952500;-3.0801010131835938;
12961500;-3.0397872924804687;
12970500;-3.17950439453125;
12979500;-3.2378921508789062;
12988500;-3.1917190551757813;
12997500;-2.9413833618164062;
13006500;-2.9190521240234375;
13015500;-3.1134796142578125;
13024500;-3.110565185546875;
13033500;-3.0325088500976562;
13042500;-3.145843505859375;
13051500;-3.0623397827148437;
13060500;-3.0267715454101563;
13069500;-2.8777618408203125;
13078500;-2.95166015625;
13087500;-3.0513153076171875;
13096500;-3.2314605712890625;
13105500;-3.2360305786132813;
13114500;-2.9345626831054687;
13123500;-2.9482650756835938;
13132500;-3.1267318725585937;
13141500;-2.8571014404296875;
13150500;-2.8981170654296875;
13159500;-3.10955810546875;
13168500;-3.0932159423828125;
13177500;-3.0895462036132813;
13186500;-3.034423828125;
13195500;-3.0881576538085937;
13204500;-3.0223541259765625;
13213500;-3.2264251708984375;
13222500;-2.8235702514648437;
13231500;-2.981781005859375;
13240500;-2.8599166870117187;
13249500;-3.1794586181640625;
13258500;-3.1102066040039062;
13267500;-3.013031005859375;
13276500;-3.1920166015625;
13285500;-3.0696029663085937;
13294500;-3.2070083618164062;
13303500;-3.17230224609375;
13312500;-2.891387939453125;
13321500;-2.8485946655273437;
13330500;-2.9404449462890625;
13339500;-2.78948974609375;
13348500;-2.9790115356445313;
13357500;-3.0741729736328125;
13366500;-3.0641555786132813;
13375500;-3.0291824340820313;
13384500;-2.920257568359375;
13393500;-2.7075958251953125;
13402500;-2.7206497192382813;
13411500;-2.8460006713867187;
13420500;-2.931427001953125;
13429500;-3.0044097900390625;
13438500;-2.8011398315429687;
13447500;-3.087799072265625;
13456500;-2.8741302490234375;
13465500;-2.7446746826171875;
13474500;-2.6664581298828125;
13483500;-2.9134292602539062;
13492500;-2.9322052001953125;
13501500;-2.87640380859375;
13510500;-2.7356338500976563;
13519500;-2.8199844360351562;
13528500;-2.8710556030273438;
13537500;-2.9754638671875;
13546500;-2.806640625;
13555500;-2.9928131103515625;
13564500;-2.998504638671875;
13573500;-3.0760574340820313;
13582500;-2.932525634765625;
13591500;-2.774505615234375;
13600500;-2.8367691040039062;
13609500;-2.8390731811523438;
13618500;-2.6997299194335937;
13627500;-2.7975921630859375;
13636500;-2.8765335083007813;
13645500;-2.8117294311523437;
13654500;-2.6966018676757812;
13663500;-2.7183074951171875;
13672500;-2.558258056640625;
13681500;-2.5418472290039063;
13690500;-2.7980575561523437;
13699500;-2.9558944702148438;
13708500;-2.7208023071289062;
13717500;-2.55596923828125;
13726500;-2.620880126953125;
13735500;-2.62298583984375;
13744500;-2.7169189453125;
13753500;-2.8013381958007812;
13762500;-2.6914520263671875;
13771500;-2.7964324951171875;
13780500;-2.8550033569335937;
13789500;-2.8820266723632813;
13798500;-2.7173843383789062;
13807500;-2.9020614624023437;
13816500;-2.697265625;
13825500;-2.717071533203125;
13834500;-2.7236175537109375;
13843500;-2.6218719482421875;
13852500;-2.5830535888671875;
13861500;-2.8210678100585938;
13870500;-2.8272705078125;
13879500;-2.9576568603515625;
13888500;-2.7024688720703125;
13897500;-2.6496658325195312;
13906500;-2.5264053344726562;
13915500;-2.6734161376953125;
13924500;-3.0151443481445313;
13933500;-2.9607772827148438;
13942500;-2.8489532470703125;
13951500;-2.5767440795898437;
13960500;-2.6962966918945312;
13969500;-2.9030303955078125;
13978500;-2.605682373046875;
13987500;-2.551544189453125;
13996500;-2.7238235473632812;
14005500;-2.628387451171875;
14014500;-2.90234375;
14023500;-2.5659408569335938;
14032500;-2.36944580078125;
14041500;-2.4181365966796875;
14050500;-2.6140289306640625;
14059500;-2.6337432861328125;
14068500;-2.6246795654296875;
14077500;-2.48223876953125;
14086500;-2.6429977416992187;
14095500;-2.5061111450195313;
14104500;-2.5935134887695312;
14113500;-2.4681015014648437;
14122500;-2.6504592895507813;
14131500;-2.6943283081054687;
14140500;-2.8027191162109375;
14149500;-2.767303466796875;
14158500;-2.5387725830078125;
14167500;-2.5718841552734375;
14176500;-2.56500244140625;
14185500;-2.4509658813476562;
14194500;-2.5007247924804687;
14203500;-2.4576873779296875;
14212500;-2.665130615234375;
14221500;-2.5856857299804687;
14230500;-2.5842514038085938;
14239500;-2.767608642578125;
14248500;-2.67401123046875;
14257500;-2.6126174926757813;
14266500;-2.4415283203125;
14275500;-2.4559402465820313;
14284500;-2.55987548828125;
14293500;-2.353729248046875;
14302500;-2.4945831298828125;
14311500;-2.5004119873046875;
14320500;-2.4010543823242187;
14329500;-2.5001296997070312;
14338500;-2.4941940307617187;
14347500;-2.356597900390625;
14356500;-2.522613525390625;
14365500;-2.4027938842773437;
14374500;-2.32598876953125;
14383500;-2.403228759765625;
14392500;-2.63134765625;
14401500;-2.62188720703125;
14410500;-2.449981689453125;
14419500;-2.2120895385742187;
14428500;-2.2662811279296875;
14437500;-2.48028564453125;
14446500;-2.5234375;
14455500;-2.560699462890625;
14464500;-2.5243759155273438;
14473500;-2.4593887329101562;
14482500;-2.2497406005859375;
14491500;-2.3191452026367187;
14500500;-2.2547607421875;
14509500;-2.4164505004882813;
14518500;-2.4066238403320312;
14527500;-2.2543869018554687;
14536500;-2.454376220703125;
14545500;-2.4219970703125;
14554500;-2.450042724609375;
14563500;-2.5232620239257812;
14572500;-2.4559173583984375;
14581500;-2.38348388671875;
14590500;-2.3943252563476562;
14599500;-2.5068359375;
14608500;-2.278839111328125;
14617500;-2.261474609375;
14626500;-2.1673660278320312;
14635500;-2.4282913208007812;
14644500;-2.2679061889648437;
14653500;-2.3482818603515625;
14662500;-2.4723052978515625;
14671500;-2.1396255493164062;
14680500;-2.3131103515625;
14689500;-2.3357467651367187;
14698500;-2.2376861572265625;
14707500;-2.2322998046875;
14716500;-2.2041091918945312;
14725500;-2.1153793334960937;
14734500;-2.0940017700195313;
14743500;-2.2845916748046875;
14752500;-2.4062576293945313;
14761500;-2.4540481567382812;
14770500;-2.445098876953125;
14779500;-2.3862762451171875;
14788500;-2.2084884643554687;
14797500;-2.2077789306640625;
14806500;-2.0179290771484375;
14815500;-2.2199325561523437;
14824500;-2.4165420532226562;
14833500;-2.2448272705078125;
14842500;-2.2336502075195313;
14851500;-2.1183395385742187;
14860500;-1.985931396484375;
14869500;-2.1757965087890625;
14878500;-2.232666015625;
14887500;-2.25714111328125;
14896500;-2.207489013671875;
14905500;-2.0927886962890625;
14914500;-2.0114669799804687;
14923500;-2.2171173095703125;
14932500;-2.2425155639648437;
14941500;-2.2273941040039062;
14950500;-2.126434326171875;
14959500;-2.1094589233398437;
14968500;-2.310333251953125;
14977500;-2.06964111328125;
14986500;-2.0607757568359375;
14995500;-1.9726715087890625;
15004500;-2.0377731323242187;
15013500;-2.169097900390625;
15022500;-2.358154296875;
15031500;-2.0372390747070313;
15040500;-2.0447998046875;
15049500;-2.0555191040039062;
15058500;-2.03277587890625;
15067500;-2.051666259765625;
15076500;-2.1661911010742187;
15085500;-2.2113265991210937;
15094500;-2.0995635986328125;
15103500;-2.0965347290039062;
15112500;-2.2285232543945312;
15121500;-2.044891357421875;
15130500;-1.8710861206054687;
15139500;-2.0435104370117187;
15148500;-2.0712890625;
15157500;-2.0399169921875;
15166500;-1.8973770141601563;
15175500;-1.855865478515625;
15184500;-1.8263702392578125;
15193500;-2.08587646484375;
15202500;-1.920074462890625;
15211500;-1.683685302734375;
15220500;-1.9722442626953125;
15229500;-2.0022201538085938;
15238500;-2.0097122192382812;
15247500;-2.0409927368164062;
15256500;-1.8082504272460937;
15265500;-1.6215591430664062;
15274500;-1.9438018798828125;
15283500;-1.9173583984375;
15292500;-1.90753173828125;
15301500;-2.239410400390625;
15310500;-2.1555633544921875;
15319500;-1.958770751953125;
15328500;-1.8268890380859375;
15337500;-1.7904510498046875;
15346500;-1.9856414794921875;
15355500;-1.854705810546875;
15364500;-1.8594970703125;
15373500;-1.93487548828125;
15382500;-1.7579727172851562;
15391500;-2.1953964233398438;
15400500;-2.1347579956054687;
15409500;-2.1191940307617187;
15418500;-2.131622314453125;
15427500;-1.7210693359375;
15436500;-1.8602676391601563;
15445500;-1.6081619262695313;
15454500;-1.7363357543945313;
15463500;-1.9754867553710937;
15472500;-2.0695419311523437;
15481500;-1.949188232421875;
15490500;-1.9469146728515625;
15499500;-1.863494873046875;
15508500;-1.791107177734375;
15517500;-1.7368927001953125;
15526500;-1.9114837646484375;
15535500;-1.7438812255859375;
15544500;-1.86578369140625;
15553500;-1.9047317504882812;
15562500;-1.7514419555664063;
15571500;-1.9503326416015625;
15580500;-1.8351593017578125;
15589500;-1.7281723022460938;
15598500;-1.8099822998046875;
15607500;-1.6385498046875;
15616500;-1.7382354736328125;
15625500;-1.7547073364257813;
15634500;-1.7496871948242188;
15643500;-1.894805908203125;
15652500;-1.8507308959960937;
15661500;-1.652679443359375;
15670500;-1.7857437133789062;
15679500;-2.0190887451171875;
15688500;-1.8368148803710938;
15697500;-1.7301101684570313;
15706500;-1.8095855712890625;
15715500;-1.6966629028320313;
15724500;-2.0762100219726562;
15733500;-2.03094482421875;
15742500;-1.9765090942382813;
15751500;-1.9420166015625;
15760500;-1.7692718505859375;
15769500;-1.9690399169921875;
15778500;-1.8175048828125;
15787500;-1.6020050048828125;
15796500;-1.7709808349609375;
15805500;-1.6982040405273437;
15814500;-1.6614913940429688;
15823500;-1.666961669921875;
15832500;-1.6848983764648437;
15841500;-1.76123046875;
15850500;-1.846343994140625;
15859500;-1.822662353515625;
15868500;-1.85546875;
15877500;-1.7784347534179687;
15886500;-1.694000244140625;
15895500;-1.5551605224609375;
15904500;-1.7726287841796875;
15913500;-1.8721847534179687;
15922500;-1.7774581909179688;
15931500;-1.9859695434570313;
15940500;-1.8171768188476562;
15949500;-1.7293472290039063;
15958500;-1.5262832641601563;
15967500;-1.8004837036132813;
15976500;-2.0769729614257813;
15985500;-1.8820114135742187;
15994500;-1.767974853515625;
16003500;-1.880706787109375;
16012500;-1.9739151000976563;
16021500;-1.9957962036132813;
16030500;-1.7316055297851563;
16039500;-1.8728256225585938;
16048500;-1.7865982055664063;
16057500;-1.7299728393554687;
16066500;-1.481475830078125;
16075500;-1.463043212890625;
16084500;-1.7709121704101562;
16093500;-1.5942306518554687;
16102500;-1.7378387451171875;
16111500;-1.682952880859375;
16120500;-1.5601882934570312;
16129500;-1.8342437744140625;
16138500;-1.9635009765625;
16147500;-1.9343185424804688;
16156500;-1.6964569091796875;
16165500;-1.6016769409179688;
16174500;-1.671905517578125;
16183500;-1.7940444946289063;
16192500;-1.8922500610351562;
16201500;-1.7024154663085937;
16210500;-1.7887649536132812;
16219500;-1.9768829345703125;
16228500;-1.9854660034179687;
16237500;-1.7633209228515625;
16246500;-1.6153945922851563;
16255500;-1.956787109375;
16264500;-1.794525146484375;
16273500;-1.7739410400390625;
16282500;-1.6987457275390625;
16291500;-1.8032455444335938;
16300500;-1.6745147705078125;
16309500;-1.8072357177734375;
16318500;-1.722198486328125;
16327500;-1.75665283203125;
16336500;-1.7377777099609375;
16345500;-1.877685546875;
16354500;-1.7510910034179687;
16363500;-1.7771682739257812;
16372500;-1.7661819458007812;
16381500;-1.80224609375;
16390500;-1.8606109619140625;
16399500;-1.6893157958984375;
16408500;-1.8219146728515625;
16417500;-1.6324539184570313;
16426500;-1.5743942260742187;
16435500;-1.5594863891601563;
16444500;-1.785003662109375;
16453500;-1.90753173828125;
16462500;-1.5864410400390625;
16471500;-1.5695037841796875;
16480500;-1.7103195190429688;
16489500;-1.7709121704101562;
16498500;-1.7236709594726563;
16507500;-1.7667083740234375;
16516500;-1.4801788330078125;
16525500;-1.783050537109375;
16534500;-1.6253204345703125;
16543500;-1.5394973754882813;
16552500;-1.576019287109375;
16561500;-1.7727508544921875;
16570500;-1.8720474243164063;
16579500;-1.8254852294921875;
16588500;-1.8125534057617188;
16597500;-1.763824462890625;
16606500;-1.7106781005859375;
16615500;-1.7127227783203125;
16624500;-1.8368911743164063;
16633500;-1.886077880859375;
16642500;-1.8398208618164063;
16651500;-2.0445175170898437;
16660500;-1.98834228515625;
16669500;-1.71112060546875;
16678500;-1.6669082641601563;
16687500;-1.6882781982421875;
16696500;-1.59271240234375;
16705500;-1.7003250122070313;
16714500;-1.8902587890625;
16723500;-1.942138671875;
16732500;-1.68389892578125;
16741500;-1.7403564453125;
16750500;-1.7468795776367187;
16759500;-1.722564697265625;
16768500;-1.77081298828125;
16777500;-1.8077926635742187;
16786500;-1.82586669921875;
16795500;-1.8696975708007813;
16804500;-1.7274856567382813;
16813500;-1.6119461059570312;
16822500;-1.6989974975585937;
16831500;-1.8507080078125;
16840500;-1.7963409423828125;
16849500;-1.8400955200195313;
16858500;-1.9721450805664063;
16867500;-1.8373336791992187;
16876500;-1.8347854614257813;
16885500;-1.9225311279296875;
16894500;-1.8090286254882813;
16903500;-1.8058395385742188;
16912500;-2.0727157592773438;
16921500;-1.7966995239257812;
16930500;-1.8587188720703125;
16939500;-1.7995986938476562;
16948500;-1.7870712280273438;
16957500;-1.7375946044921875;
16966500;-1.6926803588867187;
16975500;-1.7996292114257812;
16984500;-1.84326171875;
16993500;-1.8154678344726562;
17002500;-1.9219131469726563;
17011500;-2.0238876342773438;
17020500;-1.9678802490234375;
17029500;-1.9178314208984375;
17038500;-1.7527542114257812;
17047500;-1.5799789428710937;
17056500;-1.8019485473632813;
17065500;-1.9632949829101563;
17074500;-1.9337310791015625;
17083500;-1.8360366821289063;
17092500;-1.7672882080078125;
17101500;-1.7363967895507813;
17110500;-1.9265060424804687;
17119500;-1.9377288818359375;
17128500;-1.9437255859375;
17137500;-1.9787750244140625;
17146500;-1.9810409545898437;
17155500;-1.919921875;
17164500;-2.031158447265625;
17173500;-1.8993759155273438;
17182500;-2.0517196655273437;
17191500;-2.0946273803710937;
17200500;-1.950408935546875;
17209500;-1.9966659545898437;
17218500;-1.8874740600585938;
17227500;-2.15350341796875;
17236500;-1.9487380981445313;
17245500;-1.8735198974609375;
17254500;-2.0237808227539062;
17263500;-1.8979721069335937;
17272500;-1.8849639892578125;
17281500;-1.9793243408203125;
17290500;-1.7775192260742187;
17299500;-1.9880523681640625;
17308500;-2.0506744384765625;
17317500;-2.1078033447265625;
17326500;-1.9912567138671875;
17335500;-1.8975448608398438;
17344500;-2.0244369506835937;
17353500;-1.8388290405273437;
17362500;-1.8513031005859375;
17371500;-1.9339141845703125;
17380500;-2.157623291015625;
17389500;-2.2808685302734375;
17398500;-1.775360107421875;
17407500;-1.7205810546875;
17416500;-1.959808349609375;
17425500;-2.1553192138671875;
17434500;-2.0519561767578125;
17443500;-1.9394073486328125;
17452500;-1.9523162841796875;
17461500;-2.0660324096679687;
17470500;-1.935791015625;
17479500;-1.9800567626953125;
17488500;-1.94903564453125;
17497500;-2.1107101440429687;
17506500;-1.9990386962890625;
17515500;-2.1581344604492187;
17524500;-1.982666015625;
17533500;-2.0294570922851562;
17542500;-2.181304931640625;
17551500;-1.8663406372070313;
17560500;-2.0063247680664062;
17569500;-2.2603836059570313;
17578500;-2.0683135986328125;
17587500;-2.1203231811523438;
17596500;-1.9632568359375;
17605500;-2.0472946166992187;
17614500;-2.1976547241210937;
17623500;-2.1242523193359375;
17632500;-2.2244415283203125;
17641500;-2.152435302734375;
17650500;-2.1780548095703125;
17659500;-2.2622909545898437;
17668500;-2.150238037109375;
17677500;-2.1475067138671875;
17686500;-2.1814422607421875;
17695500;-2.1776962280273438;
17704500;-2.1945571899414062;
17713500;-2.1968841552734375;
17722500;-2.0950164794921875;
17731500;-2.0317840576171875;
17740500;-2.21136474609375;
17749500;-2.1833724975585937;
17758500;-2.3276443481445313;
17767500;-2.4566650390625;
17776500;-2.3253097534179687;
17785500;-2.3794784545898437;
17794500;-2.2894821166992187;
17803500;-2.3963775634765625;
17812500;-2.459716796875;
17821500;-2.3005218505859375;
17830500;-2.2459945678710937;
17839500;-2.051055908203125;
17848500;-2.4328079223632813;
17857500;-2.3283004760742187;
17866500;-2.1146087646484375;
17875500;-2.080780029296875;
17884500;-2.042327880859375;
17893500;-2.37890625;
17902500;-2.2172393798828125;
17911500;-2.1231613159179687;
17920500;-2.5202789306640625;
17929500;-2.3753738403320313;
17938500;-2.238525390625;
17947500;-2.2683181762695313;
17956500;-2.2768325805664062;
17965500;-2.4727325439453125;
17974500;-2.3935470581054687;
17983500;-2.39874267578125;
17992500;-2.3049392700195313;
18001500;-2.415740966796875;
18010500;-2.2375030517578125;
18019500;-2.1940994262695313;
18028500;-2.3442001342773437;
18037500;-2.4410552978515625;
18046500;-2.3301467895507812;
18055500;-2.5169754028320313;
18064500;-2.2941131591796875;
18073500;-2.3488616943359375;
18082500;-2.21417236328125;
18091500;-2.235565185546875;
18100500;-2.3547439575195312;
18109500;-2.3722686767578125;
18118500;-2.4587783813476562;
18127500;-2.3001251220703125;
18136500;-2.4713821411132813;
18145500;-2.3102264404296875;
18154500;-2.4719009399414062;
18163500;-2.5363845825195312;
18172500;-2.5022125244140625;
18181500;-2.345916748046875;
18190500;-2.390411376953125;
18199500;-2.418548583984375;
18208500;-2.4319076538085938;
18217500;-2.6361770629882812;
18226500;-2.4798965454101562;
18235500;-2.6183319091796875;
18244500;-2.7140960693359375;
18253500;-2.3862838745117187;
18262500;-2.45550537109375;
18271500;-2.4180068969726562;
18280500;-2.5240936279296875;
18289500;-2.5674667358398438;
18298500;-2.5350341796875;
18307500;-2.6322402954101562;
18316500;-2.5518798828125;
18325500;-2.5717620849609375;
18334500;-2.5449447631835937;
18343500;-2.3750457763671875;
18352500;-2.557647705078125;
18361500;-2.5800018310546875;
18370500;-2.6735305786132813;
18379500;-2.606292724609375;
18388500;-2.6059799194335937;
18397500;-2.4669723510742187;
18406500;-2.4018936157226562;
18415500;-2.6817550659179687;
18424500;-2.5509033203125;
18433500;-2.4471435546875;
18442500;-2.6177902221679687;
18451500;-2.5140762329101563;
18460500;-2.4756011962890625;
18469500;0.976837158203125;
18478500;-1.4649429321289063;
18487500;-2.7251052856445313;
18496500;-2.5944595336914062;
18505500;-2.3565826416015625;
18514500;-2.6711044311523437;
18523500;-2.6588897705078125;
18532500;-2.599517822265625;
18541500;-2.6007537841796875;
18550500;-2.395111083984375;
18559500;-2.6202468872070313;
18568500;-2.546142578125;
18577500;-2.512298583984375;
18586500;-2.6629638671875;
18595500;-2.6002349853515625;
18604500;-2.5804672241210937;
18613500;-2.483856201171875;
18622500;-2.5836944580078125;
18631500;-2.844635009765625;
18640500;-2.6663436889648438;
18649500;-2.6494903564453125;
18658500;-2.7648162841796875;
18667500;-2.6073989868164062;
18676500;-2.7201919555664062;
18685500;-2.5909576416015625;
18694500;-2.661590576171875;
18703500;-2.6768264770507812;
18712500;-2.8418960571289062;
18721500;-2.6452789306640625;
18730500;-2.5379257202148437;
18739500;-2.732025146484375;
18748500;-2.6447296142578125;
18757500;-2.5838775634765625;
18766500;-2.7952346801757812;
18775500;-2.6761474609375;
18784500;-2.8614959716796875;
18793500;-2.5718536376953125;
18802500;-2.3783111572265625;
18811500;-2.6384429931640625;
18820500;-2.8523406982421875;
18829500;-2.8729934692382812;
18838500;-2.8341903686523438;
18847500;-2.8305130004882813;
18856500;-2.8613357543945313;
18865500;-2.8704147338867187;
18874500;-2.7582015991210938;
18883500;-2.7343673706054687;
18892500;-2.5773468017578125;
18901500;-2.69195556640625;
18910500;-2.7932510375976562;
18919500;-3.03118896484375;
18928500;-3.0102081298828125;
18937500;-2.9559478759765625;
18946500;-2.65911865234375;
18955500;-2.4961166381835937;
18964500;-2.5870132446289063;
18973500;-2.6153640747070313;
18982500;-2.8764419555664062;
18991500;-2.7405776977539062;
19000500;-2.858673095703125;
19009500;-3.0246429443359375;
19018500;-2.604644775390625;
19027500;-2.6346359252929687;
19036500;-2.9738235473632813;
19045500;-2.9375152587890625;
19054500;-2.9362869262695313;
19063500;-2.8566055297851562;
19072500;-2.8492584228515625;
19081500;-2.8101577758789062;
19090500;-2.8374862670898438;
19099500;-2.9269638061523438;
19108500;-2.7327880859375;
19117500;-2.7829437255859375;
19126500;-2.6752853393554687;
19135500;-2.615936279296875;
19144500;-2.8782882690429687;
19153500;-3.0252532958984375;
19162500;-2.9937896728515625;
19171500;-2.8590164184570312;
19180500;-2.6229629516601562;
19189500;-2.7807159423828125;
19198500;-2.8302459716796875;
19207500;-2.8011016845703125;
19216500;-2.9042434692382813;
19225500;-2.8853378295898437;
19234500;-3.0117034912109375;
19243500;-2.9873275756835938;
19252500;-3.0950698852539062;
19261500;-2.91656494140625;
19270500;-2.765045166015625;
19279500;-2.8790740966796875;
19288500;-2.8325271606445313;
19297500;-2.8737258911132813;
19306500;-2.9754409790039062;
19315500;-2.9294586181640625;
19324500;-2.8561172485351562;
19333500;-2.93572998046875;
19342500;-3.0275955200195313;
19351500;-3.0214920043945313;
19360500;-2.8550643920898437;
19369500;-3.0459823608398438;
19378500;-2.7145462036132813;
19387500;-3.0607223510742187;
19396500;-3.0300979614257813;
19405500;-2.83477783203125;
19414500;-3.1393051147460938;
19423500;-3.1237258911132813;
19432500;-2.9714584350585938;
19441500;-2.8443984985351562;
19450500;-2.8503036499023438;
19459500;-2.9735031127929687;
19468500;-2.908599853515625;
19477500;-2.9531478881835938;
19486500;-3.0363235473632812;
19495500;-3.048065185546875;
19504500;-2.8983383178710937;
19513500;-2.8843994140625;
19522500;-3.1739883422851562;
19531500;-3.0510101318359375;
19540500;-2.930511474609375;
19549500;-3.1184616088867187;
19558500;-2.9202804565429687;
19567500;-3.0592422485351562;
19576500;-3.0131454467773437;
19585500;-3.1835784912109375;
19594500;-3.0605850219726562;
19603500;-3.121002197265625;
19612500;-3.16241455078125;
19621500;-2.8658447265625;
19630500;-2.9729766845703125;
19639500;-3.2337112426757812;
19648500;-3.0852813720703125;
19657500;-3.2158279418945313;
19666500;-3.29229736328125;
19675500;-3.1696090698242187;
19684500;-3.1159286499023437;
19693500;-3.0972366333007813;
19702500;-2.9141921997070312;
19711500;-3.1270904541015625;
19720500;-3.3354263305664062;
19729500;-3.1493911743164062;
19738500;-3.1490631103515625;
19747500;-2.9973678588867187;
19756500;-3.2434921264648437;
19765500;-3.023529052734375;
19774500;-3.1612930297851562;
19783500;-3.063018798828125;
19792500;-3.0736236572265625;
19801500;-3.2373504638671875;
19810500;-3.1375732421875;
19819500;-3.0965423583984375;
19828500;-2.9781646728515625;
19837500;-2.9561080932617187;
19846500;-2.8400497436523437;
19855500;-2.96728515625;
19864500;-3.24432373046875;
19873500;-3.441925048828125;
19882500;-3.0150604248046875;
19891500;-3.2363128662109375;
19900500;-3.1948013305664062;
19909500;-3.1982955932617187;
19918500;-3.336639404296875;
19927500;-3.1906280517578125;
19936500;-3.2310791015625;
19945500;-3.1602401733398437;
19954500;-3.2481155395507812;
19963500;-3.2202911376953125;
19972500;-3.0705108642578125;
19981500;-3.0696868896484375;
19990500;-3.2528228759765625;
19999500;-3.2828521728515625;
20008500;-3.1922378540039062;
20017500;-3.0012054443359375;
20026500;-3.2550811767578125;
20035500;-3.3200531005859375;
20044500;-3.3003692626953125;
20053500;-3.2584686279296875;
20062500;-2.9974212646484375;
20071500;-3.2831268310546875;
20080500;-3.067169189453125;
20089500;-3.3339767456054687;
20098500;-3.033905029296875;
20107500;-3.3101959228515625;
20116500;-3.1166534423828125;
20125500;-3.36834716796875;
20134500;-3.2246017456054687;
20143500;-3.2934112548828125;
20152500;-3.17340087890625;
20161500;-3.1646347045898438;
20170500;-2.9928512573242187;
20179500;-3.065673828125;
20188500;-3.1109619140625;
20197500;-3.3496246337890625;
20206500;-3.4148101806640625;
20215500;-3.2275924682617187;
20224500;-3.22412109375;
20233500;-3.3523941040039063;
20242500;-3.1698150634765625;
20251500;-3.1222991943359375;
20260500;-3.2613067626953125;
20269500;-3.191192626953125;
20278500;-3.0999832153320313;
20287500;-3.2362823486328125;
20296500;-3.3408584594726562;
20305500;-3.1561508178710938;
20314500;-3.1435317993164062;
20323500;-3.2844009399414062;
20332500;-3.1242828369140625;
20341500;-3.455657958984375;
20350500;-3.3348159790039062;
20359500;-2.923126220703125;
20368500;-2.9913101196289062;
20377500;-3.4433822631835937;
20386500;-3.28125;
20395500;-2.99749755859375;
20404500;-3.3366165161132812;
20413500;-3.0850753784179687;
20422500;-3.0997848510742187;
20431500;-3.22784423828125;
20440500;-3.1623001098632812;
20449500;-3.1433792114257812;
20458500;-3.2113418579101562;
20467500;-3.091094970703125;
20476500;-3.0107345581054687;
20485500;-3.325347900390625;
20494500;-3.1921615600585938;
20503500;-3.310333251953125;
20512500;-3.169677734375;
20521500;-3.1082916259765625;
20530500;-3.3044891357421875;
20539500;-3.5618057250976562;
20548500;-3.316070556640625;
20557500;-3.274749755859375;
20566500;-3.3011016845703125;
20575500;-3.2727127075195313;
20584500;-3.0607757568359375;
20593500;-3.3634033203125;
20602500;-3.2903060913085937;
20611500;-3.0285110473632813;
20620500;-3.2567214965820313;
20629500;-3.354156494140625;
20638500;-3.2051925659179687;
20647500;-3.0957107543945313;
20656500;-3.2313232421875;
20665500;-3.0026626586914063;
20674500;-3.26531982421875;
20683500;-3.2574920654296875;
20692500;-3.486236572265625;
20701500;-3.2455291748046875;
20710500;-3.3598556518554687;
20719500;-3.3512420654296875;
20728500;-3.27178955078125;
20737500;-3.2927017211914062;
20746500;-3.3389434814453125;
20755500;-3.236419677734375;
20764500;-3.0858840942382813;
20773500;-3.1231307983398438;
20782500;-3.3003158569335937;
20791500;-3.4512557983398438;
20800500;-3.4115982055664063;
20809500;-3.3011016845703125;
20818500;-3.236236572265625;
20827500;-3.4104690551757812;
20836500;-3.4753570556640625;
20845500;-3.3103790283203125;
20854500;-3.207183837890625;
20863500;-3.2889404296875;
20872500;-3.2583694458007813;
20881500;-3.2397689819335938;
20890500;-3.2592239379882813;
20899500;-3.2964630126953125;
20908500;-3.5040435791015625;
20917500;-3.297698974609375;
20926500;-3.4662628173828125;
20935500;-3.3803939819335938;
20944500;-3.3921432495117187;
20953500;-3.4353790283203125;
20962500;-3.2742156982421875;
20971500;-3.0787353515625;
20980500;-3.0809707641601562;
20989500;-3.2228240966796875;
20998500;-3.2748489379882813;
21007500;-3.2373428344726563;
21016500;-3.2389755249023437;
21025500;-3.2899169921875;
21034500;-3.3205184936523437;
21043500;-3.247772216796875;
21052500;-3.2638397216796875;
21061500;-3.3076858520507813;
21070500;-3.349853515625;
21079500;-3.35247802734375;
21088500;-3.3305435180664062;
21097500;-3.2200927734375;
21106500;-3.3496322631835938;
21115500;-3.3574981689453125;
21124500;-3.3878326416015625;
21133500;-3.0528793334960937;
21142500;-3.2160263061523437;
21151500;-3.3504714965820313;
21160500;-3.246734619140625;
21169500;-3.1853790283203125;
21178500;-3.2629623413085938;
21187500;-3.446868896484375;
21196500;-3.3271026611328125;
21205500;-3.3133697509765625;
21214500;-3.4172210693359375;
21223500;-3.2705535888671875;
21232500;-3.1942901611328125;
21241500;-3.2892608642578125;
21250500;-3.3636474609375;
21259500;-3.3396759033203125;
21268500;-3.2763214111328125;
21277500;-3.3548965454101562;
21286500;-3.4870071411132812;
21295500;-3.4146041870117187;
21304500;-3.372467041015625;
21313500;-3.2447280883789062;
21322500;-3.295806884765625;
21331500;-3.0696563720703125;
21340500;-2.9938507080078125;
21349500;-3.22503662109375;
21358500;-3.4650802612304687;
21367500;-3.4276504516601562;
21376500;-3.3448867797851562;
21385500;-3.1839828491210937;
21394500;-3.1400146484375;
21403500;-3.43890380859375;
21412500;-3.2664337158203125;
21421500;-3.3692169189453125;
21430500;-3.1831283569335937;
21439500;-3.19830322265625;
21448500;-3.1233367919921875;
21457500;-3.1616592407226563;
21466500;-3.2433853149414062;
21475500;-3.158447265625;
21484500;-3.227935791015625;
21493500;-3.29803466796875;
21502500;-3.0807647705078125;
21511500;-3.1358795166015625;
21520500;-3.1031265258789062;
21529500;-3.1409835815429687;
21538500;-3.1147994995117187;
21547500;-3.0777435302734375;
21556500;-3.1269989013671875;
21565500;-3.045257568359375;
21574500;-3.2013931274414062;
21583500;-3.266265869140625;
21592500;-2.8018264770507813;
21601500;-3.0131683349609375;
21610500;-3.2784271240234375;
21619500;-3.2008590698242187;
21628500;-3.0029525756835938;
21637500;-3.2578811645507812;
21646500;-3.0846939086914062;
21655500;-3.1062850952148437;
21664500;-3.26123046875;
21673500;-3.135986328125;
21682500;-3.2249374389648437;
21691500;-3.1085586547851563;
21700500;-3.2140350341796875;
21709500;-3.192657470703125;
21718500;-3.2796096801757813;
21727500;-3.2989120483398438;
21736500;-3.1815719604492187;
21745500;-3.2070159912109375;
21754500;-3.104400634765625;
21763500;-3.2895355224609375;
21772500;-3.293792724609375;
21781500;-3.3009033203125;
21790500;-3.0473785400390625;
21799500;-2.8821258544921875;
21808500;-3.2951278686523437;
21817500;-3.2675094604492187;
21826500;-3.2949752807617187;
21835500;-3.207794189453125;
21844500;-3.1188201904296875;
21853500;-3.0659103393554687;
21862500;-2.9571304321289062;
21871500;-3.083709716796875;
21880500;-2.9306793212890625;
21889500;-2.9725570678710937;
21898500;-3.229827880859375;
21907500;-3.1782073974609375;
21916500;-3.1391067504882812;
21925500;-3.1801071166992187;
21934500;-3.1011581420898438;
21943500;-3.051239013671875;
21952500;-3.2088699340820313;
21961500;-3.0936737060546875;
21970500;-3.2004623413085937;
21979500;-3.13751220703125;
21988500;-3.1019973754882813;
21997500;-3.3396453857421875;
22006500;-3.1450347900390625;
22015500;-3.4393539428710938;
22024500;-2.9903335571289062;
22033500;-3.2723236083984375;
22042500;-3.0173416137695312;
22051500;-3.434417724609375;
22060500;-3.2337570190429687;
22069500;-3.1734695434570313;
22078500;-3.0432662963867187;
22087500;-3.2957077026367187;
22096500;-3.1167068481445313;
22105500;-3.25164794921875;
22114500;-3.2193450927734375;
22123500;-3.1026763916015625;
22132500;-3.3775863647460937;
22141500;-3.2306442260742187;
22150500;-3.0759124755859375;
22159500;-3.1407928466796875;
22168500;-3.1581802368164062;
22177500;-3.1062088012695312;
22186500;-3.2849807739257812;
22195500;-3.6286468505859375;
22204500;-3.1592254638671875;
22213500;-3.1580047607421875;
22222500;-3.1613998413085937;
22231500;-3.15380859375;
22240500;-3.0753326416015625;
22249500;-3.402099609375;
22258500;-3.2716445922851562;
22267500;-3.02496337890625;
22276500;-3.033111572265625;
22285500;-3.2586212158203125;
22294500;-3.3008499145507812;
22303500;-3.09979248046875;
22312500;-3.0894317626953125;
22321500;-3.0822296142578125;
22330500;-3.1739578247070312;
22339500;-3.2588653564453125;
22348500;-3.3414840698242187;
22357500;-3.2561492919921875;
22366500;-3.2533950805664062;
22375500;-3.21856689453125;
22384500;-3.2124710083007813;
22393500;-3.318267822265625;
22402500;-3.15374755859375;
22411500;-3.0296554565429687;
22420500;-3.0876693725585937;
22429500;-3.1297531127929687;
22438500;-3.1575546264648437;
22447500;-3.3076629638671875;
22456500;-2.9904861450195312;
22465500;-3.02398681640625;
22474500;-3.07049560546875;
22483500;-3.0205612182617187;
22492500;-2.9991836547851562;
22501500;-2.9314956665039062;
22510500;-3.0777816772460937;
22519500;-2.8709793090820313;
22528500;-3.0572357177734375;
22537500;-3.1632766723632812;
22546500;-3.315826416015625;
22555500;-3.2975845336914062;
22564500;-3.2503662109375;
22573500;-3.2118301391601562;
22582500;-3.06640625;
22591500;-3.0918807983398437;
22600500;-3.17535400390625;
22609500;-3.1558380126953125;
22618500;-3.1129302978515625;
22627500;-3.2058181762695313;
22636500;-3.2055740356445313;
22645500;-3.1140899658203125;
22654500;-3.1376190185546875;
22663500;-3.1280441284179687;
22672500;-3.4472579956054687;
22681500;-3.2789077758789062;
22690500;-3.0905914306640625;
22699500;-3.24371337890625;
22708500;-3.1969680786132813;
22717500;-3.1440963745117187;
22726500;-3.2689132690429687;
22735500;-3.27117919921875;
22744500;-3.224853515625;
22753500;-3.1474456787109375;
22762500;-3.0649185180664063;
22771500;-3.0641326904296875;
22780500;-3.0010986328125;
22789500;-3.3751907348632813;
22798500;-3.10198974609375;
22807500;-3.2009658813476562;
22816500;-3.2679367065429687;
22825500;-2.9656906127929687;
22834500;-3.1232833862304687;
22843500;-3.1108474731445313;
22852500;-3.1345901489257812;
22861500;-3.3675384521484375;
22870500;-3.2678298950195313;
22879500;-3.1934051513671875;
22888500;-3.098052978515625;
22897500;-3.1588516235351562;
22906500;-3.2108001708984375;
22915500;-3.1906356811523438;
22924500;-3.196533203125;
22933500;-3.1320571899414063;
22942500;-3.1497344970703125;
22951500;-3.0634613037109375;
22960500;-3.0079727172851562;
22969500;-2.9767532348632812;
22978500;-3.0967178344726562;
22987500;-3.1437835693359375;
22996500;-3.2340316772460937;
23005500;-3.220855712890625;
23014500;-2.958984375;
23023500;-2.8813323974609375;
23032500;-3.1848297119140625;
23041500;-3.2487106323242187;
23050500;-3.1949462890625;
23059500;-3.0552978515625;
23068500;-3.228302001953125;
23077500;-2.8368072509765625;
23086500;-2.7960205078125;
23095500;-3.1770706176757813;
23104500;-3.131072998046875;
23113500;-2.9793014526367187;
23122500;-3.02435302734375;
23131500;-2.9444351196289062;
23140500;-3.2762298583984375;
23149500;-3.1157073974609375;
23158500;-3.2433700561523438;
23167500;-3.3370513916015625;
23176500;-3.2272567749023438;
23185500;-3.1151657104492187;
23194500;-3.03759765625;
23203500;-3.0569076538085938;
23212500;-3.0340957641601563;
23221500;-3.0895462036132813;
23230500;-3.1598434448242187;
23239500;-2.9623336791992187;
23248500;-3.03118896484375;
23257500;-3.03515625;
23266500;-2.9951324462890625;
23275500;-3.04180908203125;
23284500;-3.1649246215820313;
23293500;-3.2317276000976562;
23302500;-3.1318740844726562;
23311500;-3.1605148315429687;
23320500;-3.1975479125976562;
23329500;-3.1285934448242187;
23338500;-2.99798583984375;
23347500;-2.8983688354492187;
23356500;-3.1451568603515625;
23365500;-3.0797271728515625;
23374500;-3.247772216796875;
23383500;-3.1461181640625;
23392500;-3.1141433715820312;
23401500;-2.9588165283203125;
23410500;-3.0069046020507813;
23419500;-3.1839523315429687;
23428500;-3.3254852294921875;
23437500;-2.87884521484375;
23446500;-3.0774612426757812;
23455500;-3.174957275390625;
23464500;-2.7947311401367187;
23473500;-2.9304351806640625;
23482500;-3.156097412109375;
23491500;-3.2439422607421875;
23500500;-3.0758209228515625;
23509500;-2.8958740234375;
23518500;-3.1207122802734375;
23527500;-2.937164306640625;
23536500;-2.8469696044921875;
23545500;-3.0332489013671875;
23554500;-3.1594924926757813;
23563500;-2.954986572265625;
23572500;-3.0538787841796875;
23581500;-3.0204696655273437;
23590500;-3.246368408203125;
23599500;-3.2073211669921875;
23608500;-3.2642440795898437;
23617500;-3.238311767578125;
23626500;-3.0113067626953125;
23635500;-3.1385040283203125;
23644500;-2.9476394653320313;
23653500;-3.0356903076171875;
23662500;-2.8941497802734375;
23671500;-3.0040283203125;
23680500;-3.0515975952148437;
23689500;-3.0027999877929687;
23698500;-3.1440811157226562;
23707500;-3.0973281860351562;
23716500;-3.3072052001953125;
23725500;-3.2377395629882812;
23734500;-3.19464111328125;
23743500;-2.8695526123046875;
23752500;-3.138458251953125;
23761500;-3.095611572265625;
23770500;-3.2742385864257813;
23779500;-3.033905029296875;
23788500;-2.9116668701171875;
23797500;-2.9216842651367187;
23806500;-3.037811279296875;
23815500;-2.7734146118164062;
23824500;-2.9006881713867187;
23833500;-3.0213699340820312;
23842500;-2.8991851806640625;
23851500;-2.7630157470703125;
23860500;-3.015960693359375;
23869500;-2.9769134521484375;
23878500;-2.999969482421875;
23887500;-2.7884750366210937;
23896500;-2.9007797241210937;
23905500;-3.0666656494140625;
23914500;-2.764617919921875;
23923500;-2.7387313842773437;
23932500;-2.9260406494140625;
23941500;-3.0206298828125;
23950500;-2.87457275390625;
23959500;-2.9921798706054687;
23968500;-2.9546127319335937;
23977500;-2.9129791259765625;
23986500;-2.6981277465820312;
23995500;-1.5907058715820312;
24004500;4.0027084350585938;
24013500;-2.25970458984375;
24022500;-2.8008193969726562;
24031500;-2.833587646484375;
24040500;-2.9056777954101562;
24049500;-3.003082275390625;
24058500;-2.8668060302734375;
24067500;-3.0915451049804687;
24076500;-3.1527099609375;
24085500;-2.9051284790039062;
24094500;-2.8308486938476563;
24103500;-2.94842529296875;
24112500;-3.1673202514648437;
24121500;-2.7435073852539062;
24130500;-2.7317657470703125;
24139500;-2.8362197875976562;
24148500;-2.9597320556640625;
24157500;-2.946624755859375;
24166500;-2.8567886352539063;
24175500;-3.0839767456054687;
24184500;-2.8954086303710937;
24193500;-2.8002395629882813;
24202500;-2.9009246826171875;
24211500;-2.8951492309570313;
24220500;-2.904052734375;
24229500;-2.9600753784179687;
24238500;-2.9499053955078125;
24247500;-2.648284912109375;
24256500;-2.639923095703125;
24265500;-2.7081146240234375;
24274500;-2.8538436889648437;
24283500;-3.0116424560546875;
24292500;-2.741943359375;
24301500;-2.6473159790039062;
24310500;-2.7835922241210937;
24319500;-2.88507080078125;
24328500;-2.830810546875;
24337500;-2.7563400268554687;
24346500;-2.7564620971679687;
24355500;-2.9019699096679687;
24364500;-2.755401611328125;
24373500;-2.7173995971679687;
24382500;-2.8974761962890625;
24391500;-2.8284912109375;
24400500;-2.6227035522460938;
24409500;-2.9260711669921875;
24418500;-2.8727493286132812;
24427500;-2.78240966796875;
24436500;-2.9181594848632812;
24445500;-2.696685791015625;
24454500;-2.7890472412109375;
24463500;-2.927642822265625;
24472500;-2.885894775390625;
24481500;-2.7843017578125;
24490500;-2.747802734375;
24499500;-2.795562744140625;
24508500;-2.8191070556640625;
24517500;-2.680877685546875;
24526500;-2.8356475830078125;
24535500;-2.8683013916015625;
24544500;-2.7889785766601562;
24553500;-2.7643051147460938;
24562500;-2.7821502685546875;
24571500;-2.6242141723632813;
24580500;-2.7148666381835938;
24589500;-2.7440338134765625;
24598500;-2.6718063354492187;
24607500;-2.7916488647460937;
24616500;-2.8138351440429687;
24625500;-2.63037109375;
24634500;-2.536163330078125;
24643500;-2.6397933959960938;
24652500;-2.785400390625;
24661500;-2.652923583984375;
24670500;-2.8079681396484375;
24679500;-2.7711944580078125;
24688500;-2.699981689453125;
24697500;-2.5754776000976562;
24706500;-2.8243942260742187;
24715500;-2.6269149780273438;
24724500;-2.6652984619140625;
24733500;-2.7891464233398437;
24742500;-2.67657470703125;
24751500;-2.7002182006835938;
24760500;-2.4572525024414062;
24769500;-2.9132003784179687;
24778500;-2.9451980590820313;
24787500;-2.8107757568359375;
24796500;-2.7123565673828125;
24805500;-2.588836669921875;
24814500;-2.6940765380859375;
24823500;-2.4402923583984375;
24832500;-2.4892044067382813;
24841500;-2.587646484375;
24850500;-2.75634765625;
24859500;-2.5563812255859375;
24868500;-2.8069686889648438;
24877500;-2.7016983032226562;
24886500;-2.6149444580078125;
24895500;-2.5016021728515625;
24904500;-2.7151031494140625;
24913500;-2.6717910766601562;
24922500;-2.7483367919921875;
24931500;-2.4727935791015625;
24940500;-2.6871414184570312;
24949500;-2.728973388671875;
24958500;-2.5755996704101562;
24967500;-2.4692764282226562;
24976500;-2.440521240234375;
24985500;-2.5106277465820313;
24994500;-2.427093505859375;
25003500;-2.5047454833984375;
25012500;-2.662811279296875;
25021500;-2.4547119140625;
25030500;-2.5128860473632812;
25039500;-2.6092300415039062;
25048500;-2.4749908447265625;
25057500;-2.5955352783203125;
25066500;-2.5270233154296875;
25075500;-2.794342041015625;
25084500;-2.66790771484375;
25093500;-2.5924453735351562;
25102500;-2.544342041015625;
25111500;-2.607025146484375;
25120500;-2.642578125;
25129500;-2.7097244262695312;
25138500;-2.5176315307617187;
25147500;-2.4954147338867187;
25156500;-2.7331085205078125;
25165500;-2.488067626953125;
25174500;-2.6039657592773437;
25183500;-2.6846847534179687;
25192500;-2.5435409545898437;
25201500;-2.5684280395507812;
25210500;-2.4399261474609375;
25219500;-2.4900588989257812;
25228500;-2.3310012817382813;
25237500;-2.3646697998046875;
25246500;-2.3218841552734375;
25255500;-2.429931640625;
25264500;-2.5145416259765625;
25273500;-2.38189697265625;
25282500;-2.55914306640625;
25291500;-2.5042037963867187;
25300500;-2.7840423583984375;
25309500;-2.6905136108398437;
25318500;-2.7382888793945313;
25327500;-2.62713623046875;
25336500;-2.411346435546875;
25345500;-2.383087158203125;
25354500;-2.2257080078125;
25363500;-2.3507308959960938;
25372500;-2.460205078125;
25381500;-2.5733184814453125;
25390500;-2.6224288940429687;
25399500;-2.4205474853515625;
25408500;-2.3353118896484375;
25417500;-2.5530319213867187;
25426500;-2.310638427734375;
25435500;-2.396514892578125;
25444500;-2.4657516479492187;
25453500;-2.45947265625;
25462500;-2.4106369018554687;
25471500;-2.1029891967773437;
25480500;-2.1307449340820312;
25489500;-2.12091064453125;
25498500;-2.236297607421875;
25507500;-2.29010009765625;
25516500;-2.2521591186523438;
25525500;-2.3012924194335938;
25534500;-2.186004638671875;
25543500;-2.4295883178710937;
25552500;-2.4137420654296875;
25561500;-2.2851181030273438;
25570500;-2.3130111694335937;
25579500;-2.3541412353515625;
25588500;-2.191253662109375;
25597500;-2.2504425048828125;
25606500;-2.3729400634765625;
25615500;-2.1956329345703125;
25624500;-2.3379287719726562;
25633500;-2.0908737182617187;
25642500;-2.0787277221679687;
25651500;-2.2586441040039062;
25660500;-2.331817626953125;
25669500;-2.121826171875;
25678500;-2.3917160034179687;
25687500;-2.2640914916992187;
25696500;-2.260528564453125;
25705500;-2.2807388305664062;
25714500;-2.0921249389648437;
25723500;-2.2278900146484375;
25732500;-2.1838455200195312;
25741500;-2.3532333374023437;
25750500;-2.217620849609375;
25759500;-2.1699142456054687;
25768500;-2.0774307250976562;
25777500;-2.1787796020507812;
25786500;-2.2502899169921875;
25795500;-2.143524169921875;
25804500;-2.25018310546875;
25813500;-2.0290145874023437;
25822500;-2.1451797485351562;
25831500;-2.3039398193359375;
25840500;-2.16796875;
25849500;-2.13671875;
25858500;-2.1444320678710938;
25867500;-2.2010116577148437;
25876500;-2.0962371826171875;
25885500;-2.033294677734375;
25894500;-2.1933441162109375;
25903500;-2.1253662109375;
25912500;-1.9800949096679688;
25921500;-2.1991424560546875;
25930500;-2.4109573364257813;
25939500;-2.2724990844726562;
25948500;-2.2001953125;
25957500;-2.0836257934570313;
25966500;-2.0894775390625;
25975500;-1.8321609497070313;
25984500;-2.0249404907226562;
25993500;-2.0758056640625;
26002500;-2.4597549438476562;
26011500;-2.0870285034179687;
26020500;-2.0673751831054687;
26029500;-2.1089706420898437;
26038500;-2.057586669921875;
26047500;-2.2150344848632813;
26056500;-2.1384201049804687;
26065500;-2.3107833862304687;
26074500;-1.9445953369140625;
26083500;-2.197540283203125;
26092500;-2.0926132202148437;
26101500;-1.926544189453125;
26110500;-2.0601119995117187;
26119500;-2.0466461181640625;
26128500;-2.0961380004882813;
26137500;-2.0196990966796875;
26146500;-2.0287246704101562;
26155500;-2.11669921875;
26164500;-2.0767059326171875;
26173500;-1.81353759765625;
26182500;-2.0310745239257812;
26191500;-2.2077255249023437;
26200500;-2.1060409545898437;
26209500;-1.9946746826171875;
26218500;-2.0404129028320312;
26227500;-2.2722549438476562;
26236500;-2.0650787353515625;
26245500;-2.0313186645507813;
26254500;-2.2104110717773437;
26263500;-2.2126083374023437;
26272500;-2.0188217163085937;
26281500;-1.9503326416015625;
26290500;-1.9350357055664063;
26299500;-1.9568634033203125;
26308500;-2.3572235107421875;
26317500;-2.24053955078125;
26326500;-2.1547088623046875;
26335500;-2.2536468505859375;
26344500;-2.0600433349609375;
26353500;-2.1239547729492187;
26362500;-2.0457000732421875;
26371500;-1.7422027587890625;
26380500;-1.9778060913085938;
26389500;-2.12286376953125;
26398500;-1.9927597045898438;
26407500;-2.1212234497070313;
26416500;-2.0559005737304687;
26425500;-2.23162841796875;
26434500;-2.2096786499023437;
26443500;-1.9171066284179687;
26452500;-2.09429931640625;
26461500;-2.0108566284179687;
26470500;-2.1611175537109375;
26479500;-2.1126556396484375;
26488500;-1.961639404296875;
26497500;-2.2061691284179687;
26506500;-1.9712982177734375;
26515500;-2.0365753173828125;
26524500;-2.052001953125;
26533500;-2.08416748046875;
26542500;-1.9298858642578125;
26551500;-1.9367752075195312;
26560500;-1.9218215942382812;
26569500;-1.7974472045898438;
26578500;-1.9745712280273437;
26587500;-1.9268264770507813;
26596500;-2.007110595703125;
26605500;-2.00897216796875;
26614500;-2.202056884765625;
26623500;-2.033172607421875;
26632500;-1.7576980590820313;
26641500;-1.863677978515625;
26650500;-1.830535888671875;
26659500;-1.9220733642578125;
26668500;-1.9668045043945313;
26677500;-1.9270553588867187;
26686500;-1.9397964477539063;
26695500;-2.0727081298828125;
26704500;-1.96319580078125;
26713500;-1.8491439819335937;
26722500;-1.9160842895507813;
26731500;-1.8472976684570313;
26740500;-2.0331268310546875;
26749500;-2.0864105224609375;
26758500;-2.105010986328125;
26767500;-2.0562591552734375;
26776500;-1.8462982177734375;
26785500;-1.823272705078125;
26794500;-2.0280685424804687;
26803500;-1.895233154296875;
26812500;-2.0062942504882813;
26821500;-1.8497772216796875;
26830500;-1.8909149169921875;
26839500;-1.7751693725585938;
26848500;-2.0520782470703125;
26857500;-2.1189117431640625;
26866500;-1.966217041015625;
26875500;-2.0694580078125;
26884500;-2.0572128295898437;
26893500;-1.9722442626953125;
26902500;-1.7006301879882813;
26911500;-1.8184967041015625;
26920500;-2.0810165405273437;
26929500;-1.8042984008789063;
26938500;-2.0512924194335937;
26947500;-1.9996185302734375;
26956500;-2.2157516479492187;
26965500;-1.9661788940429687;
26974500;-1.981048583984375;
26983500;-2.142974853515625;
26992500;-1.8868179321289063;
27001500;-2.1072540283203125;
27010500;-2.04779052734375;
27019500;-1.9768905639648438;
27028500;-2.0930252075195312;
27037500;-1.6251373291015625;
27046500;-1.6907882690429688;
27055500;-1.7233200073242187;
27064500;-2.1657638549804687;
27073500;-1.8673858642578125;
27082500;-1.914642333984375;
27091500;-2.098907470703125;
27100500;-2.011077880859375;
27109500;-2.1615753173828125;
27118500;-2.2780075073242187;
27127500;-2.14373779296875;
27136500;-2.2116470336914062;
27145500;-2.2098617553710937;
27154500;-2.2247314453125;
27163500;-2.052398681640625;
27172500;-1.8551483154296875;
27181500;-2.12347412109375;
27190500;-2.1669464111328125;
27199500;-2.0692901611328125;
27208500;-2.0734405517578125;
27217500;-2.1138763427734375;
27226500;-1.9679946899414063;
27235500;-2.186065673828125;
27244500;-2.2705078125;
27253500;-2.043853759765625;
27262500;-2.0285263061523437;
27271500;-2.1598358154296875;
27280500;-2.0530624389648437;
27289500;-2.1288986206054687;
27298500;-1.9745635986328125;
27307500;-1.9635696411132813;
27316500;-1.9618606567382813;
27325500;-2.0405426025390625;
27334500;-2.23974609375;
27343500;-1.8954315185546875;
27352500;-2.0049209594726562;
27361500;-2.0116958618164062;
27370500;-2.1009674072265625;
27379500;-2.2266693115234375;
27388500;-1.9675140380859375;
27397500;-1.9640045166015625;
27406500;-2.090789794921875;
27415500;-2.2150726318359375;
27424500;-2.2064895629882813;
27433500;-2.0120086669921875;
27442500;-1.9592666625976563;
27451500;-2.1014556884765625;
27460500;-2.4417266845703125;
27469500;-2.1895294189453125;
27478500;-2.230926513671875;
27487500;-2.1137313842773437;
27496500;-2.2416152954101562;
27505500;-2.0061874389648438;
27514500;-2.3145904541015625;
27523500;-2.3316574096679687;
27532500;-2.173431396484375;
27541500;-2.1318893432617187;
27550500;-2.3871307373046875;
27559500;-2.3730621337890625;
27568500;-2.2649612426757813;
27577500;-2.0074462890625;
27586500;-2.164093017578125;
27595500;-2.1505355834960938;
27604500;-2.1284561157226562;
27613500;-2.086334228515625;
27622500;-1.9798049926757812;
27631500;-2.2894363403320312;
27640500;-2.3667831420898437;
27649500;-2.35284423828125;
27658500;-2.2447662353515625;
27667500;-2.30145263671875;
27676500;-2.3809356689453125;
27685500;-2.1646194458007812;
27694500;-2.0799331665039062;
27703500;-2.1432342529296875;
27712500;-2.1575393676757813;
27721500;-2.3025360107421875;
27730500;-2.38616943359375;
27739500;-2.2835617065429687;
27748500;-2.1473388671875;
27757500;-2.2467498779296875;
27766500;-2.360076904296875;
27775500;-2.3079071044921875;
27784500;-2.2061691284179687;
27793500;-2.3089752197265625;
27802500;-2.1488800048828125;
27811500;-2.1967391967773437;
27820500;-2.2439727783203125;
27829500;-2.25750732421875;
27838500;-2.2037277221679687;
27847500;-2.148040771484375;
27856500;-2.5222320556640625;
27865500;-2.1130218505859375;
27874500;-2.2637557983398438;
27883500;-2.30023193359375;
27892500;-2.2853546142578125;
27901500;-2.2506561279296875;
27910500;-2.386505126953125;
27919500;-2.43865966796875;
27928500;-2.33251953125;
27937500;-2.3811874389648437;
27946500;-2.181793212890625;
27955500;-2.2826766967773438;
27964500;-2.2977066040039062;
27973500;-2.2653579711914062;
27982500;-2.2437515258789062;
27991500;-2.3040084838867187;
28000500;-2.2445144653320313;
28009500;-2.3235626220703125;
28018500;-2.36639404296875;
28027500;-2.4986343383789062;
28036500;-2.61456298828125;
28045500;-2.4227371215820313;
28054500;-2.1704559326171875;
28063500;-2.4032516479492187;
28072500;-2.4877395629882813;
28081500;-2.6026077270507812;
28090500;-2.2536392211914062;
28099500;-2.3479537963867187;
28108500;-2.184234619140625;
28117500;-2.4560394287109375;
28126500;-2.4723281860351562;
28135500;-2.41766357421875;
28144500;-2.2473678588867187;
28153500;-2.1992111206054687;
28162500;-2.4220123291015625;
28171500;-2.4559478759765625;
28180500;-2.5314788818359375;
28189500;-2.5675048828125;
28198500;-2.3976898193359375;
28207500;-2.412139892578125;
28216500;-2.23785400390625;
28225500;-2.382904052734375;
28234500;-2.3881759643554687;
28243500;-2.47088623046875;
28252500;-2.6223602294921875;
28261500;-2.568756103515625;
28270500;-2.5027923583984375;
28279500;-2.4513931274414062;
28288500;-2.44732666015625;
28297500;-2.5108642578125;
28306500;-2.381134033203125;
28315500;-2.32720947265625;
28324500;-2.4465103149414062;
28333500;-2.3931198120117187;
28342500;-2.49322509765625;
28351500;-2.4965057373046875;
28360500;-2.635009765625;
28369500;-2.4020004272460938;
28378500;-2.5149993896484375;
28387500;-2.4212722778320312;
28396500;-2.8224945068359375;
28405500;-2.8412322998046875;
28414500;-2.58380126953125;
28423500;-2.5703201293945312;
28432500;-2.501007080078125;
28441500;-2.5325851440429687;
28450500;-2.3705902099609375;
28459500;-2.5069656372070313;
28468500;-2.40704345703125;
28477500;-2.4923782348632812;
28486500;-2.7447433471679687;
28495500;-2.60540771484375;
28504500;-2.5143203735351562;
28513500;-2.4719619750976562;
28522500;-2.561309814453125;
28531500;-2.4601364135742187;
28540500;-2.5530548095703125;
28549500;-2.493499755859375;
28558500;-2.572296142578125;
28567500;-2.586181640625;
28576500;-2.7212066650390625;
28585500;-2.5206527709960937;
28594500;-2.403656005859375;
28603500;-2.5338668823242187;
28612500;-2.5733413696289062;
28621500;-2.6168060302734375;
28630500;-2.6798019409179687;
28639500;-2.5889205932617187;
28648500;-2.33184814453125;
28657500;-2.4748382568359375;
28666500;-2.6187744140625;
28675500;-2.5686111450195313;
28684500;-2.7465667724609375;
28693500;-2.5758056640625;
28702500;-2.6044540405273437;
28711500;-2.582244873046875;
28720500;-2.6259994506835938;
28729500;-2.6306610107421875;
28738500;-2.7256698608398437;
28747500;-2.6913223266601562;
28756500;-2.7418670654296875;
28765500;-2.5007247924804687;
28774500;-2.7902374267578125;
28783500;-2.7066802978515625;
28792500;-3.0158767700195312;
28801500;-2.9302749633789062;
28810500;-2.6829147338867187;
28819500;-2.6560897827148437;
28828500;-2.613372802734375;
28837500;-2.4983062744140625;
28846500;-2.6768798828125;
28855500;-2.6410675048828125;
28864500;-2.6807174682617187;
28873500;-2.6647186279296875;
28882500;-2.6311492919921875;
28891500;-2.7126083374023437;
28900500;-2.692962646484375;
28909500;-2.6866607666015625;
28918500;-2.870025634765625;
28927500;-2.7034759521484375;
28936500;-2.5814666748046875;
28945500;-2.8139801025390625;
28954500;-2.4925689697265625;
28963500;-2.7733840942382813;
28972500;-2.8144760131835937;
28981500;-2.6796875;
28990500;-2.7261505126953125;
28999500;-2.8954010009765625;
29008500;-2.6920547485351562;
29017500;-2.3944549560546875;
29026500;-2.580841064453125;
29035500;-2.6867523193359375;
29044500;-2.6792144775390625;
29053500;-2.53228759765625;
29062500;-2.87725830078125;
29071500;-2.7764968872070313;
29080500;-2.674652099609375;
29089500;-2.8271865844726563;
29098500;-2.8067626953125;
29107500;-2.6131362915039062;
29116500;-2.7618484497070313;
29125500;-2.6638717651367187;
29134500;-2.5858306884765625;
29143500;-2.8117904663085937;
29152500;-3.042510986328125;
29161500;-2.7794189453125;
29170500;-2.9730987548828125;
29179500;-2.8438262939453125;
29188500;-2.7088851928710937;
29197500;-2.7882766723632813;
29206500;-2.840301513671875;
29215500;-2.9289169311523437;
29224500;-2.822906494140625;
29233500;-2.8987503051757813;
29242500;-2.8310775756835938;
29251500;-2.777618408203125;
29260500;-2.9070281982421875;
29269500;-2.9065475463867187;
29278500;-2.8945159912109375;
29287500;-2.76654052734375;
29296500;-2.830230712890625;
29305500;-2.8107986450195312;
29314500;-2.5071792602539062;
29323500;-2.671051025390625;
29332500;-2.9040145874023438;
29341500;-2.9606094360351562;
29350500;-2.8397369384765625;
29359500;-2.7664642333984375;
29368500;-2.8674850463867187;
29377500;-2.8622360229492187;
29386500;-3.0484390258789063;
29395500;-2.8149871826171875;
29404500;-2.7862319946289062;
29413500;-2.813720703125;
29422500;-2.9775543212890625;
29431500;-3.0623092651367187;
29440500;-2.9102020263671875;
29449500;-2.9924774169921875;
29458500;-2.8694305419921875;
29467500;-3.00390625;
29476500;-2.8430099487304687;
29485500;-3.0589828491210937;
29494500;-2.7070083618164062;
29503500;-2.8700408935546875;
29512500;-2.9424819946289062;
29521500;-2.8513031005859375;
29530500;-2.97454833984375;
29539500;-2.734405517578125;
29548500;-3.0075302124023438;
29557500;-2.9709091186523438;
29566500;-2.832733154296875;
29575500;-2.8946990966796875;
29584500;-3.157135009765625;
29593500;-2.9788436889648438;
29602500;-2.9232635498046875;
29611500;-3.00714111328125;
29620500;-2.9140701293945313;
29629500;-3.0645370483398438;
29638500;-2.9233779907226562;
29647500;-2.9394149780273438;
29656500;-2.9645614624023437;
29665500;-2.7953948974609375;
29674500;-2.7827606201171875;
29683500;-2.9218368530273437;
29692500;-3.0745849609375;
29701500;-3.0292816162109375;
29710500;-3.0428619384765625;
29719500;-2.9053802490234375;
29728500;-2.9009857177734375;
29737500;-3.108917236328125;
29746500;-3.1686477661132813;
29755500;-3.1091766357421875;
29764500;-2.9720916748046875;
29773500;-2.9522628784179687;
29782500;-3.3214492797851562;
29791500;-3.10955810546875;
29800500;-3.1129074096679687;
29809500;-3.02032470703125;
29818500;-2.8692855834960938;
29827500;-2.8457870483398438;
29836500;-2.9537887573242187;
29845500;-2.9576187133789062;
29854500;-2.99859619140625;
29863500;-2.9305648803710938;
29872500;-3.0299835205078125;
29881500;-2.7224273681640625;
29890500;-3.0086441040039062;
29899500;-2.9390945434570313;
29908500;-3.027923583984375;
29917500;-2.9959945678710937;
29926500;-3.05218505859375;
29935500;-3.1341552734375;
29944500;-3.0404052734375;
29953500;-3.0396652221679687;
29962500;-3.2916259765625;
29971500;-2.9528656005859375;
29980500;-3.20721435546875;
29989500;-3.18463134765625;
29998500;-3.088348388671875;
