Type;FSV-13;
Version;3.70;
Date;14.Mar 24;
Mode;ANALYZER;
Center Freq;15076500.000000;Hz
Freq Offset;0.000000;Hz
Span;29844000.000000;Hz
x-Axis;LIN;
Start;154500.000000;Hz
Stop;29998500.000000;Hz
Ref Level;61.000000;dBµV
Level Offset;0.000000;dB
Ref Position;100.000000;%
y-Axis;LOG;
Level Range;100.000000;dB
Rf Att;0.000000;dB
El Att;0.000000;dB
RBW;9000.000000;Hz
VBW;100000.000000;Hz
SWT;0.100000;s
Trace Mode;AVERAGE;
Detector;RMS;
Sweep Count;0;
Trace 1:;;
x-Unit;Hz;
y-Unit;dBµV;
Preamplifier;OFF;
Transducer;OFF;
Values;3317;
154500;34.556259155273437;
163500;28.751380920410156;
172500;31.0181884765625;
181500;26.363853454589844;
190500;31.245590209960938;
199500;33.485641479492188;
208500;31.087539672851563;
217500;29.818069458007812;
226500;27.246284484863281;
235500;32.460433959960938;
244500;29.67791748046875;
253500;31.365486145019531;
262500;29.684600830078125;
271500;33.220001220703125;
280500;33.627357482910156;
289500;37.737312316894531;
298500;33.514640808105469;
307500;31.783973693847656;
316500;37.710655212402344;
325500;31.856216430664063;
334500;29.07635498046875;
343500;20.747406005859375;
352500;29.327217102050781;
361500;28.243659973144531;
370500;30.531379699707031;
379500;23.450149536132813;
388500;19.750755310058594;
397500;25.289405822753906;
406500;27.14117431640625;
415500;25.653305053710938;
424500;23.390213012695313;
433500;22.4693603515625;
442500;22.45867919921875;
451500;25.8935546875;
460500;21.375770568847656;
469500;19.693885803222656;
478500;20.963485717773438;
487500;24.074928283691406;
496500;23.327560424804688;
505500;18.633575439453125;
514500;17.46392822265625;
523500;19.742042541503906;
532500;21.975929260253906;
541500;16.983871459960937;
550500;17.360458374023438;
559500;17.735237121582031;
568500;20.673912048339844;
577500;19.840827941894531;
586500;17.733467102050781;
595500;17.355674743652344;
604500;15.19744873046875;
613500;15.090141296386719;
622500;13.836410522460937;
631500;16.360328674316406;
640500;17.088829040527344;
649500;17.4576416015625;
658500;17.407760620117188;
667500;16.933296203613281;
676500;25.276313781738281;
685500;20.49822998046875;
694500;21.760543823242188;
703500;21.374519348144531;
712500;28.933181762695313;
721500;28.286369323730469;
730500;27.42388916015625;
739500;24.791770935058594;
748500;27.544601440429687;
757500;35.539115905761719;
766500;31.011489868164062;
775500;29.185531616210938;
784500;27.5919189453125;
793500;38.296783447265625;
802500;36.227767944335938;
811500;37.926383972167969;
820500;31.664825439453125;
829500;35.122352600097656;
838500;42.558189392089844;
847500;43.768917083740234;
856500;40.618438720703125;
865500;37.636856079101562;
874500;45.155136108398438;
883500;47.486412048339844;
892500;51.317146301269531;
901500;44.841545104980469;
910500;42.300308227539063;
919500;45.570873260498047;
928500;54.622493743896484;
937500;49.530712127685547;
946500;45.321178436279297;
955500;45.545661926269531;
964500;48.352333068847656;
973500;52.228603363037109;
982500;44.1094970703125;
991500;44.586708068847656;
1000500;47.298240661621094;
1009500;48.764839172363281;
1018500;43.159626007080078;
1027500;40.3558349609375;
1036500;48.805473327636719;
1045500;42.152587890625;
1054500;42.758049011230469;
1063500;39.012016296386719;
1072500;43.319580078125;
1081500;44.682926177978516;
1090500;37.317611694335937;
1099500;33.950485229492188;
1108500;34.0582275390625;
1117500;42.771736145019531;
1126500;32.047981262207031;
1135500;28.130302429199219;
1144500;31.620521545410156;
1153500;36.97955322265625;
1162500;35.16754150390625;
1171500;25.8736572265625;
1180500;26.746742248535156;
1189500;27.411491394042969;
1198500;33.74163818359375;
1207500;24.8658447265625;
1216500;25.948089599609375;
1225500;27.404464721679688;
1234500;31.030319213867188;
1243500;29.912490844726563;
1252500;27.073745727539063;
1261500;24.198028564453125;
1270500;22.476173400878906;
1279500;24.31463623046875;
1288500;20.897804260253906;
1297500;19.28240966796875;
1306500;18.120010375976562;
1315500;19.286270141601563;
1324500;25.993385314941406;
1333500;23.354545593261719;
1342500;18.813789367675781;
1351500;17.670135498046875;
1360500;19.883514404296875;
1369500;20.768699645996094;
1378500;22.889358520507813;
1387500;23.602462768554687;
1396500;24.201377868652344;
1405500;23.90753173828125;
1414500;27.405685424804688;
1423500;25.771560668945313;
1432500;23.049186706542969;
1441500;23.228233337402344;
1450500;22.312667846679687;
1459500;22.139945983886719;
1468500;22.189788818359375;
1477500;25.780349731445312;
1486500;20.49658203125;
1495500;21.375701904296875;
1504500;24.881874084472656;
1513500;26.925910949707031;
1522500;27.176811218261719;
1531500;23.395439147949219;
1540500;26.77703857421875;
1549500;27.861335754394531;
1558500;32.041679382324219;
1567500;28.193634033203125;
1576500;29.164558410644531;
1585500;31.385414123535156;
1594500;33.728652954101562;
1603500;32.312591552734375;
1612500;31.700004577636719;
1621500;31.245201110839844;
1630500;32.004745483398437;
1639500;37.169456481933594;
1648500;34.149627685546875;
1657500;33.566604614257813;
1666500;33.475189208984375;
1675500;38.236129760742188;
1684500;36.085128784179688;
1693500;37.258575439453125;
1702500;34.62249755859375;
1711500;34.888801574707031;
1720500;39.190284729003906;
1729500;36.527023315429687;
1738500;34.565574645996094;
1747500;33.061851501464844;
1756500;37.561859130859375;
1765500;33.251792907714844;
1774500;34.223106384277344;
1783500;30.660972595214844;
1792500;31.091621398925781;
1801500;34.467994689941406;
1810500;30.988021850585938;
1819500;28.458091735839844;
1828500;27.156623840332031;
1837500;33.060302734375;
1846500;26.958511352539063;
1855500;27.258934020996094;
1864500;27.959701538085938;
1873500;27.887168884277344;
1882500;28.627899169921875;
1891500;23.233001708984375;
1900500;25.233963012695313;
1909500;25.855010986328125;
1918500;27.559989929199219;
1927500;22.778671264648438;
1936500;21.736343383789063;
1945500;26.914306640625;
1954500;25.067939758300781;
1963500;24.135284423828125;
1972500;22.265007019042969;
1981500;24.535140991210937;
1990500;24.347152709960938;
1999500;26.122268676757813;
2008500;22.014114379882813;
2017500;22.422897338867188;
2026500;24.838531494140625;
2035500;25.519065856933594;
2044500;23.880470275878906;
2053500;22.003097534179688;
2062500;22.768630981445313;
2071500;22.388648986816406;
2080500;25.961532592773438;
2089500;21.034919738769531;
2098500;20.323661804199219;
2107500;21.232566833496094;
2116500;24.395240783691406;
2125500;21.290046691894531;
2134500;20.339561462402344;
2143500;19.51068115234375;
2152500;19.99017333984375;
2161500;23.543777465820313;
2170500;19.051513671875;
2179500;17.734107971191406;
2188500;17.899894714355469;
2197500;21.417991638183594;
2206500;18.145339965820313;
2215500;17.772323608398437;
2224500;16.722625732421875;
2233500;17.321792602539063;
2242500;18.900070190429688;
2251500;17.255966186523438;
2260500;16.709075927734375;
2269500;15.737289428710938;
2278500;18.405868530273437;
2287500;15.482612609863281;
2296500;16.972801208496094;
2305500;23.027175903320313;
2314500;16.405685424804687;
2323500;17.257171630859375;
2332500;16.284515380859375;
2341500;15.741203308105469;
2350500;15.076301574707031;
2359500;18.272697448730469;
2368500;14.99554443359375;
2377500;15.7750244140625;
2386500;23.162063598632812;
2395500;28.896629333496094;
2404500;18.48675537109375;
2413500;17.004981994628906;
2422500;17.440383911132813;
2431500;17.1246337890625;
2440500;19.672164916992188;
2449500;15.774665832519531;
2458500;16.152458190917969;
2467500;17.144134521484375;
2476500;25.285591125488281;
2485500;26.973419189453125;
2494500;17.178863525390625;
2503500;16.478225708007813;
2512500;17.40679931640625;
2521500;20.781623840332031;
2530500;18.216255187988281;
2539500;17.407234191894531;
2548500;17.190773010253906;
2557500;21.195549011230469;
2566500;23.36907958984375;
2575500;23.748329162597656;
2584500;19.554908752441406;
2593500;20.646453857421875;
2602500;21.981636047363281;
2611500;20.205024719238281;
2620500;18.250373840332031;
2629500;17.7938232421875;
2638500;21.341690063476562;
2647500;19.058570861816406;
2656500;20.673759460449219;
2665500;18.974456787109375;
2674500;20.112403869628906;
2683500;20.929054260253906;
2692500;19.29388427734375;
2701500;17.300285339355469;
2710500;16.848640441894531;
2719500;20.867256164550781;
2728500;18.174346923828125;
2737500;18.147499084472656;
2746500;18.741531372070313;
2755500;20.0137939453125;
2764500;20.162734985351563;
2773500;17.875190734863281;
2782500;16.0863037109375;
2791500;16.367042541503906;
2800500;20.226913452148437;
2809500;16.99664306640625;
2818500;15.959114074707031;
2827500;15.891403198242188;
2836500;23.135627746582031;
2845500;19.414260864257812;
2854500;17.812767028808594;
2863500;15.650398254394531;
2872500;16.017425537109375;
2881500;19.105751037597656;
2890500;16.658332824707031;
2899500;15.560470581054688;
2908500;15.474655151367187;
2917500;19.420463562011719;
2926500;25.094932556152344;
2935500;18.583328247070312;
2944500;15.624954223632812;
2953500;15.612136840820313;
2962500;18.160057067871094;
2971500;16.326499938964844;
2980500;15.0091552734375;
2989500;16.236221313476562;
2998500;20.719398498535156;
3007500;19.064277648925781;
3016500;24.539649963378906;
3025500;15.86956787109375;
3034500;16.018051147460938;
3043500;17.529655456542969;
3052500;15.548919677734375;
3061500;14.61395263671875;
3070500;14.861312866210938;
3079500;18.047554016113281;
3088500;16.139060974121094;
3097500;18.946884155273438;
3106500;21.463081359863281;
3115500;16.298728942871094;
3124500;17.1953125;
3133500;15.121223449707031;
3142500;14.514472961425781;
3151500;14.707618713378906;
3160500;17.858200073242187;
3169500;16.846473693847656;
3178500;17.390670776367188;
3187500;17.824508666992187;
3196500;18.864410400390625;
3205500;17.434280395507813;
3214500;16.835113525390625;
3223500;15.967391967773438;
3232500;16.1666259765625;
3241500;18.475387573242188;
3250500;18.273216247558594;
3259500;18.714035034179688;
3268500;18.207260131835938;
3277500;19.148200988769531;
3286500;18.46722412109375;
3295500;18.26123046875;
3304500;17.441696166992188;
3313500;17.981620788574219;
3322500;19.778480529785156;
3331500;20.22802734375;
3340500;20.834526062011719;
3349500;20.649551391601563;
3358500;21.237617492675781;
3367500;23.859527587890625;
3376500;22.585983276367188;
3385500;20.544212341308594;
3394500;20.883392333984375;
3403500;21.859672546386719;
3412500;22.349441528320313;
3421500;22.845672607421875;
3430500;22.910079956054688;
3439500;22.982833862304688;
3448500;21.977569580078125;
3457500;26.704803466796875;
3466500;22.755332946777344;
3475500;21.193771362304687;
3484500;21.93499755859375;
3493500;22.386856079101563;
3502500;23.0572509765625;
3511500;22.389793395996094;
3520500;22.284339904785156;
3529500;21.478485107421875;
3538500;21.302505493164063;
3547500;25.201835632324219;
3556500;20.879997253417969;
3565500;20.382102966308594;
3574500;20.720085144042969;
3583500;20.681976318359375;
3592500;20.453483581542969;
3601500;20.614334106445313;
3610500;19.251144409179688;
3619500;18.104705810546875;
3628500;17.879989624023437;
3637500;20.210647583007813;
3646500;18.091156005859375;
3655500;18.132583618164063;
3664500;18.533950805664062;
3673500;18.513236999511719;
3682500;18.759513854980469;
3691500;17.940055847167969;
3700500;17.841484069824219;
3709500;17.505973815917969;
3718500;18.118232727050781;
3727500;18.058059692382813;
3736500;18.119483947753906;
3745500;18.257530212402344;
3754500;18.296180725097656;
3763500;18.933692932128906;
3772500;17.943603515625;
3781500;17.392776489257813;
3790500;17.384376525878906;
3799500;18.060249328613281;
3808500;17.093978881835938;
3817500;17.560684204101563;
3826500;17.910186767578125;
3835500;17.927764892578125;
3844500;18.11993408203125;
3853500;17.858963012695313;
3862500;17.945526123046875;
3871500;17.582672119140625;
3880500;18.111846923828125;
3889500;17.816383361816406;
3898500;18.046226501464844;
3907500;17.951614379882812;
3916500;18.102638244628906;
3925500;18.568031311035156;
3934500;18.027793884277344;
3943500;17.33660888671875;
3952500;16.886161804199219;
3961500;17.764083862304688;
3970500;17.019508361816406;
3979500;17.2779541015625;
3988500;17.596290588378906;
3997500;17.788856506347656;
4006500;17.448440551757813;
4015500;17.475273132324219;
4024500;17.288566589355469;
4033500;17.1759033203125;
4042500;17.877777099609375;
4051500;17.213874816894531;
4060500;17.553298950195313;
4069500;17.280418395996094;
4078500;18.019523620605469;
4087500;17.896270751953125;
4096500;18.221603393554687;
4105500;17.663505554199219;
4114500;17.46929931640625;
4123500;18.013687133789063;
4132500;18.240921020507813;
4141500;17.739540100097656;
4150500;18.093650817871094;
4159500;18.548294067382813;
4168500;19.015792846679687;
4177500;18.85107421875;
4186500;18.965248107910156;
4195500;19.441696166992188;
4204500;19.849029541015625;
4213500;19.966690063476563;
4222500;20.333511352539063;
4231500;20.464515686035156;
4240500;21.026390075683594;
4249500;21.031173706054687;
4258500;21.287796020507813;
4267500;21.409759521484375;
4276500;21.447235107421875;
4285500;21.861701965332031;
4294500;21.68939208984375;
4303500;21.820175170898438;
4312500;21.645362854003906;
4321500;22.054595947265625;
4330500;21.882217407226563;
4339500;21.854255676269531;
4348500;21.757072448730469;
4357500;21.849159240722656;
4366500;21.646492004394531;
4375500;21.764739990234375;
4384500;21.352325439453125;
4393500;21.368118286132813;
4402500;21.303146362304688;
4411500;20.955451965332031;
4420500;20.856788635253906;
4429500;20.61566162109375;
4438500;20.556686401367188;
4447500;20.320648193359375;
4456500;19.845611572265625;
4465500;20.001075744628906;
4474500;19.319137573242188;
4483500;19.780586242675781;
4492500;19.031280517578125;
4501500;18.865402221679688;
4510500;18.346481323242187;
4519500;18.564949035644531;
4528500;18.444221496582031;
4537500;17.946563720703125;
4546500;17.170883178710937;
4555500;17.251907348632812;
4564500;17.648117065429688;
4573500;17.353729248046875;
4582500;16.833755493164063;
4591500;16.712837219238281;
4600500;16.913139343261719;
4609500;17.088111877441406;
4618500;16.763679504394531;
4627500;15.701416015625;
4636500;15.7711181640625;
4645500;16.027114868164063;
4654500;15.55908203125;
4663500;15.349960327148438;
4672500;14.785911560058594;
4681500;15.428886413574219;
4690500;14.690299987792969;
4699500;15.588996887207031;
4708500;14.735855102539063;
4717500;13.877479553222656;
4726500;14.437332153320313;
4735500;13.370231628417969;
4744500;13.150650024414063;
4753500;12.865440368652344;
4762500;13.840347290039063;
4771500;13.037948608398437;
4780500;12.897598266601563;
4789500;13.749038696289063;
4798500;13.438705444335937;
4807500;13.136390686035156;
4816500;13.050750732421875;
4825500;12.74127197265625;
4834500;12.583831787109375;
4843500;13.580497741699219;
4852500;13.151748657226562;
4861500;13.510345458984375;
4870500;12.72406005859375;
4879500;13.623786926269531;
4888500;13.593574523925781;
4897500;13.618270874023438;
4906500;13.442619323730469;
4915500;13.406486511230469;
4924500;14.595680236816406;
4933500;14.184722900390625;
4942500;14.899261474609375;
4951500;14.433204650878906;
4960500;15.18756103515625;
4969500;17.195297241210937;
4978500;15.005722045898438;
4987500;15.1015625;
4996500;15.436599731445313;
5005500;15.648834228515625;
5014500;15.685050964355469;
5023500;15.530197143554688;
5032500;15.550514221191406;
5041500;16.327865600585937;
5050500;17.648857116699219;
5059500;21.592414855957031;
5068500;16.164985656738281;
5077500;16.112594604492187;
5086500;16.351211547851563;
5095500;16.178215026855469;
5104500;15.970230102539063;
5113500;16.182296752929688;
5122500;16.335418701171875;
5131500;16.063255310058594;
5140500;20.160987854003906;
5149500;22.747261047363281;
5158500;16.443946838378906;
5167500;16.405502319335938;
5176500;16.109855651855469;
5185500;15.710922241210938;
5194500;16.192306518554688;
5203500;16.605087280273438;
5212500;16.333450317382812;
5221500;16.336036682128906;
5230500;20.377639770507812;
5239500;21.405723571777344;
5248500;16.947380065917969;
5257500;17.224655151367188;
5266500;16.616287231445313;
5275500;16.924758911132813;
5284500;17.363174438476562;
5293500;16.836219787597656;
5302500;16.992034912109375;
5311500;16.428382873535156;
5320500;18.579132080078125;
5329500;18.242149353027344;
5338500;16.919097900390625;
5347500;16.583419799804687;
5356500;16.978446960449219;
5365500;17.668197631835938;
5374500;17.099876403808594;
5383500;17.081008911132812;
5392500;17.188819885253906;
5401500;17.641525268554687;
5410500;17.717666625976563;
5419500;17.466835021972656;
5428500;17.043609619140625;
5437500;17.161453247070313;
5446500;17.637855529785156;
5455500;16.960441589355469;
5464500;16.432846069335938;
5473500;16.135948181152344;
5482500;16.847732543945312;
5491500;16.854454040527344;
5500500;16.833152770996094;
5509500;16.028411865234375;
5518500;15.977317810058594;
5527500;16.729194641113281;
5536500;16.399887084960937;
5545500;16.36553955078125;
5554500;16.284339904785156;
5563500;16.758575439453125;
5572500;16.987510681152344;
5581500;16.593841552734375;
5590500;17.462852478027344;
5599500;16.507209777832031;
5608500;16.839973449707031;
5617500;16.719390869140625;
5626500;16.108078002929688;
5635500;15.971572875976563;
5644500;15.967109680175781;
5653500;16.250144958496094;
5662500;16.158554077148438;
5671500;15.846916198730469;
5680500;18.314994812011719;
5689500;15.902793884277344;
5698500;15.87738037109375;
5707500;15.271575927734375;
5716500;15.422561645507812;
5725500;15.727737426757812;
5734500;15.665283203125;
5743500;15.568962097167969;
5752500;15.13787841796875;
5761500;16.417572021484375;
5770500;18.372856140136719;
5779500;15.75439453125;
5788500;15.300178527832031;
5797500;15.014457702636719;
5806500;15.326416015625;
5815500;15.273040771484375;
5824500;14.856857299804688;
5833500;14.487648010253906;
5842500;14.613868713378906;
5851500;15.469635009765625;
5860500;16.265724182128906;
5869500;13.748397827148438;
5878500;13.842887878417969;
5887500;13.674232482910156;
5896500;14.050926208496094;
5905500;13.324287414550781;
5914500;12.581565856933594;
5923500;13.607795715332031;
5932500;13.157958984375;
5941500;13.605133056640625;
5950500;16.304527282714844;
5959500;20.048263549804687;
5968500;13.633041381835937;
5977500;12.9625244140625;
5986500;12.56927490234375;
5995500;11.904991149902344;
6004500;12.248085021972656;
6013500;12.548973083496094;
6022500;12.068382263183594;
6031500;13.509445190429687;
6040500;12.441078186035156;
6049500;11.7388916015625;
6058500;12.139404296875;
6067500;10.706268310546875;
6076500;11.17584228515625;
6085500;11.450294494628906;
6094500;11.839469909667969;
6103500;11.87530517578125;
6112500;10.870521545410156;
6121500;17.918220520019531;
6130500;13.800056457519531;
6139500;12.268424987792969;
6148500;11.3231201171875;
6157500;10.858749389648438;
6166500;12.304885864257813;
6175500;11.550468444824219;
6184500;11.630393981933594;
6193500;10.770957946777344;
6202500;11.612907409667969;
6211500;19.688423156738281;
6220500;13.215827941894531;
6229500;11.4837646484375;
6238500;10.873420715332031;
6247500;11.960609436035156;
6256500;12.298744201660156;
6265500;11.245101928710938;
6274500;12.046592712402344;
6283500;12.059814453125;
6292500;13.665855407714844;
6301500;20.697624206542969;
6310500;12.538543701171875;
6319500;13.120246887207031;
6328500;12.714698791503906;
6337500;13.340766906738281;
6346500;13.128608703613281;
6355500;11.9456787109375;
6364500;14.03875732421875;
6373500;12.530670166015625;
6382500;15.1787109375;
6391500;19.415214538574219;
6400500;12.931732177734375;
6409500;14.369239807128906;
6418500;13.604217529296875;
6427500;13.427978515625;
6436500;12.784919738769531;
6445500;13.324195861816406;
6454500;13.923820495605469;
6463500;13.005813598632812;
6472500;13.730979919433594;
6481500;14.21014404296875;
6490500;13.11566162109375;
6499500;14.596397399902344;
6508500;11.845199584960937;
6517500;13.328567504882813;
6526500;13.463638305664063;
6535500;13.112472534179688;
6544500;13.893852233886719;
6553500;11.338981628417969;
6562500;15.370887756347656;
6571500;15.172645568847656;
6580500;13.84375;
6589500;12.979644775390625;
6598500;11.369140625;
6607500;14.417884826660156;
6616500;12.899116516113281;
6625500;13.284797668457031;
6634500;12.413993835449219;
6643500;12.860237121582031;
6652500;20.904281616210937;
6661500;19.649871826171875;
6670500;12.740119934082031;
6679500;12.6815185546875;
6688500;13.733856201171875;
6697500;14.882347106933594;
6706500;12.504638671875;
6715500;13.386909484863281;
6724500;14.488456726074219;
6733500;14.101425170898438;
6742500;24.360298156738281;
6751500;19.985191345214844;
6760500;15.27276611328125;
6769500;15.8177490234375;
6778500;16.217781066894531;
6787500;15.902732849121094;
6796500;15.012237548828125;
6805500;17.063133239746094;
6814500;16.724258422851562;
6823500;17.736869812011719;
6832500;24.970497131347656;
6841500;19.428794860839844;
6850500;18.245315551757813;
6859500;18.615921020507813;
6868500;18.143653869628906;
6877500;18.210365295410156;
6886500;19.10711669921875;
6895500;19.313270568847656;
6904500;19.54461669921875;
6913500;19.562057495117188;
6922500;23.489112854003906;
6931500;20.384910583496094;
6940500;20.780662536621094;
6949500;19.807380676269531;
6958500;20.18048095703125;
6967500;20.949417114257813;
6976500;20.5087890625;
6985500;21.037704467773438;
6994500;20.436424255371094;
7003500;21.011787414550781;
7012500;21.269538879394531;
7021500;21.480133056640625;
7030500;20.867500305175781;
7039500;20.795166015625;
7048500;21.373924255371094;
7057500;21.249031066894531;
7066500;21.086494445800781;
7075500;20.573745727539063;
7084500;21.050613403320313;
7093500;21.064323425292969;
7102500;22.284439086914062;
7111500;20.20855712890625;
7120500;19.9853515625;
7129500;20.850784301757813;
7138500;21.155693054199219;
7147500;19.76287841796875;
7156500;19.745857238769531;
7165500;20.499794006347656;
7174500;19.973526000976562;
7183500;24.045066833496094;
7192500;25.482276916503906;
7201500;19.476577758789063;
7210500;20.231109619140625;
7219500;20.954063415527344;
7228500;19.9423828125;
7237500;18.809005737304688;
7246500;20.990882873535156;
7255500;20.684837341308594;
7264500;21.40252685546875;
7273500;28.080230712890625;
7282500;28.133377075195313;
7291500;21.889945983886719;
7300500;22.925689697265625;
7309500;21.580970764160156;
7318500;22.179946899414063;
7327500;23.647354125976563;
7336500;23.877143859863281;
7345500;24.584968566894531;
7354500;23.7474365234375;
7363500;31.470893859863281;
7372500;29.912300109863281;
7381500;26.293815612792969;
7390500;25.798408508300781;
7399500;26.154991149902344;
7408500;27.181114196777344;
7417500;27.370887756347656;
7426500;27.874351501464844;
7435500;27.388748168945313;
7444500;28.448883056640625;
7453500;32.820671081542969;
7462500;30.558181762695313;
7471500;28.879112243652344;
7480500;28.643653869628906;
7489500;29.582771301269531;
7498500;29.946182250976563;
7507500;29.509490966796875;
7516500;29.646392822265625;
7525500;29.828056335449219;
7534500;30.003250122070313;
7543500;31.020683288574219;
7552500;29.690284729003906;
7561500;29.818687438964844;
7570500;30.110244750976563;
7579500;30.183761596679688;
7588500;29.775596618652344;
7597500;29.222831726074219;
7606500;29.78619384765625;
7615500;29.447235107421875;
7624500;29.779586791992187;
7633500;30.214744567871094;
7642500;28.762519836425781;
7651500;28.868988037109375;
7660500;29.040687561035156;
7669500;28.245185852050781;
7678500;27.546699523925781;
7687500;28.122947692871094;
7696500;27.629005432128906;
7705500;27.835281372070312;
7714500;28.155815124511719;
7723500;32.868392944335937;
7732500;26.985214233398438;
7741500;27.282234191894531;
7750500;25.338088989257812;
7759500;25.04583740234375;
7768500;25.922332763671875;
7777500;26.099128723144531;
7786500;25.590461730957031;
7795500;23.73162841796875;
7804500;29.24090576171875;
7813500;32.911270141601563;
7822500;25.876564025878906;
7831500;23.128562927246094;
7840500;23.153083801269531;
7849500;24.771171569824219;
7858500;24.885009765625;
7867500;24.608444213867188;
7876500;22.991409301757813;
7885500;24.494712829589844;
7894500;29.462753295898438;
7903500;31.562843322753906;
7912500;23.500244140625;
7921500;23.5618896484375;
7930500;25.14373779296875;
7939500;25.51971435546875;
7948500;24.758094787597656;
7957500;23.950584411621094;
7966500;24.9503173828125;
7975500;25.24932861328125;
7984500;29.401252746582031;
7993500;28.246414184570312;
8002500;25.017463684082031;
8011500;25.577354431152344;
8020500;26.641708374023437;
8029500;25.290756225585938;
8038500;25.233955383300781;
8047500;26.166259765625;
8056500;25.949058532714844;
8065500;27.021377563476562;
8074500;26.28387451171875;
8083500;26.227493286132812;
8092500;26.581146240234375;
8101500;27.34765625;
8110500;26.458465576171875;
8119500;25.9000244140625;
8128500;26.825965881347656;
8137500;26.925704956054688;
8146500;27.085166931152344;
8155500;26.440872192382812;
8164500;26.960700988769531;
8173500;26.861228942871094;
8182500;27.704322814941406;
8191500;26.328361511230469;
8200500;26.45391845703125;
8209500;27.036529541015625;
8218500;27.217376708984375;
8227500;27.034133911132813;
8236500;26.020294189453125;
8245500;26.737495422363281;
8254500;28.426971435546875;
8263500;27.51922607421875;
8272500;25.574699401855469;
8281500;25.457229614257813;
8290500;26.275039672851563;
8299500;26.206169128417969;
8308500;25.765365600585938;
8317500;24.520378112792969;
8326500;25.359573364257813;
8335500;25.522300720214844;
8344500;28.638916015625;
8353500;23.978347778320313;
8362500;23.53839111328125;
8371500;24.410354614257813;
8380500;25.267250061035156;
8389500;23.845771789550781;
8398500;22.398689270019531;
8407500;23.542312622070312;
8416500;23.110008239746094;
8425500;25.394432067871094;
8434500;25.263641357421875;
8443500;22.307533264160156;
8452500;23.141212463378906;
8461500;24.428466796875;
8470500;22.414878845214844;
8479500;21.48504638671875;
8488500;23.2874755859375;
8497500;23.541763305664062;
8506500;24.471893310546875;
8515500;23.037483215332031;
8524500;24.180084228515625;
8533500;23.85369873046875;
8542500;25.544502258300781;
8551500;23.79339599609375;
8560500;23.558341979980469;
8569500;24.978347778320313;
8578500;25.290390014648438;
8587500;25.918624877929688;
8596500;24.65887451171875;
8605500;25.335197448730469;
8614500;25.873977661132813;
8623500;26.869033813476563;
8632500;25.803375244140625;
8641500;25.812736511230469;
8650500;26.707939147949219;
8659500;27.216583251953125;
8668500;27.048843383789063;
8677500;26.574211120605469;
8686500;27.004150390625;
8695500;27.086761474609375;
8704500;28.032394409179688;
8713500;26.897026062011719;
8722500;27.152870178222656;
8731500;27.612434387207031;
8740500;27.950302124023438;
8749500;27.774627685546875;
8758500;27.126220703125;
8767500;27.571617126464844;
8776500;27.603317260742188;
8785500;28.240791320800781;
8794500;27.301589965820313;
8803500;27.1341552734375;
8812500;27.402145385742188;
8821500;27.923660278320313;
8830500;27.101112365722656;
8839500;26.692733764648437;
8848500;27.017219543457031;
8857500;26.808944702148437;
8866500;27.204360961914063;
8875500;26.352294921875;
8884500;26.060745239257813;
8893500;26.159713745117188;
8902500;26.973487854003906;
8911500;25.6102294921875;
8920500;25.258621215820313;
8929500;25.671966552734375;
8938500;25.42462158203125;
8947500;25.820297241210938;
8956500;24.143630981445313;
8965500;24.546005249023438;
8974500;24.590888977050781;
8983500;25.398483276367188;
8992500;23.860298156738281;
9001500;23.229087829589844;
9010500;24.099143981933594;
9019500;24.417610168457031;
9028500;24.167892456054688;
9037500;22.618324279785156;
9046500;23.216468811035156;
9055500;23.110221862792969;
9064500;25.017753601074219;
9073500;22.493072509765625;
9082500;22.52410888671875;
9091500;23.570709228515625;
9100500;24.30517578125;
9109500;24.293258666992187;
9118500;22.839080810546875;
9127500;23.702735900878906;
9136500;24.201080322265625;
9145500;25.758232116699219;
9154500;23.813301086425781;
9163500;23.994338989257813;
9172500;24.804168701171875;
9181500;26.058380126953125;
9190500;25.193885803222656;
9199500;24.642349243164062;
9208500;25.577659606933594;
9217500;25.5418701171875;
9226500;26.931159973144531;
9235500;25.500862121582031;
9244500;25.681434631347656;
9253500;26.437820434570312;
9262500;27.415618896484375;
9271500;26.409530639648438;
9280500;26.273399353027344;
9289500;26.831886291503906;
9298500;26.903938293457031;
9307500;27.786407470703125;
9316500;26.639122009277344;
9325500;27.014190673828125;
9334500;27.03851318359375;
9343500;28.229721069335937;
9352500;27.331611633300781;
9361500;26.707221984863281;
9370500;27.4857177734375;
9379500;27.621559143066406;
9388500;27.817062377929687;
9397500;27.200439453125;
9406500;27.3170166015625;
9415500;27.499809265136719;
9424500;28.456375122070313;
9433500;26.864570617675781;
9442500;26.946586608886719;
9451500;27.316535949707031;
9460500;27.539131164550781;
9469500;27.772964477539063;
9478500;26.377532958984375;
9487500;26.856796264648438;
9496500;27.288009643554687;
9505500;27.975425720214844;
9514500;26.46136474609375;
9523500;25.979927062988281;
9532500;26.79876708984375;
9541500;27.578842163085937;
9550500;26.96441650390625;
9559500;25.6800537109375;
9568500;26.240776062011719;
9577500;26.215858459472656;
9586500;28.384124755859375;
9595500;25.291023254394531;
9604500;25.274765014648437;
9613500;26.207839965820312;
9622500;27.663276672363281;
9631500;26.328384399414062;
9640500;24.996200561523438;
9649500;26.353874206542969;
9658500;26.347389221191406;
9667500;28.184066772460938;
9676500;25.651626586914063;
9685500;25.449348449707031;
9694500;26.7718505859375;
9703500;29.236892700195312;
9712500;26.795791625976563;
9721500;26.326812744140625;
9730500;27.68603515625;
9739500;28.430099487304688;
9748500;29.831039428710937;
9757500;27.52978515625;
9766500;28.409637451171875;
9775500;29.139816284179687;
9784500;31.522010803222656;
9793500;29.578727722167969;
9802500;29.299072265625;
9811500;30.904953002929688;
9820500;31.640663146972656;
9829500;32.578948974609375;
9838500;31.155006408691406;
9847500;31.933135986328125;
9856500;32.823959350585937;
9865500;34.41864013671875;
9874500;32.950668334960938;
9883500;33.310333251953125;
9892500;34.369216918945313;
9901500;35.46600341796875;
9910500;35.4324951171875;
9919500;34.923057556152344;
9928500;35.698333740234375;
9937500;36.037368774414063;
9946500;38.116905212402344;
9955500;36.456642150878906;
9964500;36.831497192382813;
9973500;37.890426635742188;
9982500;38.938743591308594;
9991500;38.765846252441406;
10000500;38.279762268066406;
10009500;38.873748779296875;
10018500;39.289527893066406;
10027500;40.790138244628906;
10036500;39.307273864746094;
10045500;39.568115234375;
10054500;39.876686096191406;
10063500;41.041839599609375;
10072500;40.110305786132812;
10081500;39.057510375976562;
10090500;39.649909973144531;
10099500;39.390434265136719;
10108500;40.025215148925781;
10117500;38.109916687011719;
10126500;37.547599792480469;
10135500;37.518074035644531;
10144500;38.770530700683594;
10153500;36.364524841308594;
10162500;35.196708679199219;
10171500;35.335823059082031;
10180500;35.119003295898438;
10189500;36.044647216796875;
10198500;32.703926086425781;
10207500;32.581939697265625;
10216500;32.546989440917969;
10225500;34.048202514648438;
10234500;31.318077087402344;
10243500;30.039237976074219;
10252500;30.792732238769531;
10261500;31.252227783203125;
10270500;31.147567749023438;
10279500;28.809791564941406;
10288500;28.540718078613281;
10297500;28.731315612792969;
10306500;31.092147827148438;
10315500;27.605247497558594;
10324500;27.173248291015625;
10333500;27.862770080566406;
10342500;28.801193237304688;
10351500;28.317855834960938;
10360500;26.4451904296875;
10369500;26.852920532226563;
10378500;26.924697875976563;
10387500;29.20611572265625;
10396500;26.439033508300781;
10405500;26.025108337402344;
10414500;26.851608276367187;
10423500;28.070320129394531;
10432500;27.211738586425781;
10441500;26.055923461914062;
10450500;26.52410888671875;
10459500;26.521568298339844;
10468500;27.912796020507813;
10477500;26.005668640136719;
10486500;25.954521179199219;
10495500;26.519012451171875;
10504500;27.353759765625;
10513500;26.2545166015625;
10522500;25.741996765136719;
10531500;25.917518615722656;
10540500;26.115089416503906;
10549500;26.894119262695313;
10558500;25.42181396484375;
10567500;25.465621948242188;
10576500;25.582618713378906;
10585500;26.577156066894531;
10594500;25.213920593261719;
10603500;24.875740051269531;
10612500;25.047103881835938;
10621500;25.394149780273438;
10630500;25.728630065917969;
10639500;24.346359252929688;
10648500;24.373771667480469;
10657500;24.281517028808594;
10666500;25.424919128417969;
10675500;23.780235290527344;
10684500;23.304443359375;
10693500;23.664016723632813;
10702500;23.865753173828125;
10711500;24.034111022949219;
10720500;22.635238647460938;
10729500;22.596946716308594;
10738500;22.713081359863281;
10747500;23.774391174316406;
10756500;21.877883911132813;
10765500;21.289199829101563;
10774500;21.641067504882812;
10783500;22.402030944824219;
10792500;21.677017211914063;
10801500;20.420783996582031;
10810500;20.651153564453125;
10819500;20.4564208984375;
10828500;22.094467163085937;
10837500;19.790702819824219;
10846500;19.347503662109375;
10855500;19.989723205566406;
10864500;21.065345764160156;
10873500;20.051986694335938;
10882500;18.88623046875;
10891500;19.540267944335937;
10900500;19.615066528320313;
10909500;20.964561462402344;
10918500;19.6153564453125;
10927500;19.009689331054687;
10936500;19.506057739257813;
10945500;20.879570007324219;
10954500;19.678520202636719;
10963500;19.1551513671875;
10972500;19.587982177734375;
10981500;20.171348571777344;
10990500;21.18768310546875;
10999500;20.048629760742188;
11008500;21.726051330566406;
11017500;20.586524963378906;
11026500;21.941604614257813;
11035500;20.588897705078125;
11044500;20.730125427246094;
11053500;21.40460205078125;
11062500;21.792335510253906;
11071500;22.483879089355469;
11080500;21.587013244628906;
11089500;22.221763610839844;
11098500;23.8543701171875;
11107500;23.217453002929688;
11116500;22.7420654296875;
11125500;22.671875;
11134500;23.016708374023438;
11143500;23.620986938476563;
11152500;23.460884094238281;
11161500;23.547874450683594;
11170500;23.704376220703125;
11179500;24.186592102050781;
11188500;25.616615295410156;
11197500;23.951042175292969;
11206500;24.09649658203125;
11215500;24.359466552734375;
11224500;24.560371398925781;
11233500;24.57940673828125;
11242500;24.383346557617188;
11251500;24.479598999023438;
11260500;24.464553833007813;
11269500;25.365699768066406;
11278500;25.085357666015625;
11287500;24.320472717285156;
11296500;24.274261474609375;
11305500;24.268333435058594;
11314500;24.136672973632813;
11323500;23.75054931640625;
11332500;23.559562683105469;
11341500;23.594482421875;
11350500;23.429710388183594;
11359500;24.026084899902344;
11368500;23.395675659179688;
11377500;22.311965942382813;
11386500;22.895408630371094;
11395500;21.832809448242188;
11404500;21.609657287597656;
11413500;21.494544982910156;
11422500;21.132415771484375;
11431500;21.432151794433594;
11440500;20.488059997558594;
11449500;22.699508666992188;
11458500;21.505210876464844;
11467500;20.490287780761719;
11476500;19.960128784179688;
11485500;19.762954711914063;
11494500;19.666221618652344;
11503500;19.916763305664063;
11512500;19.907958984375;
11521500;19.595054626464844;
11530500;19.70550537109375;
11539500;24.393539428710937;
11548500;21.351692199707031;
11557500;19.6888427734375;
11566500;19.693855285644531;
11575500;19.984542846679688;
11584500;20.20245361328125;
11593500;20.41778564453125;
11602500;20.303054809570313;
11611500;20.389297485351562;
11620500;20.926719665527344;
11629500;26.224830627441406;
11638500;21.554618835449219;
11647500;20.998443603515625;
11656500;21.108413696289062;
11665500;21.629653930664063;
11674500;21.60723876953125;
11683500;21.539962768554688;
11692500;21.752960205078125;
11701500;21.865837097167969;
11710500;23.203475952148437;
11719500;27.205734252929688;
11728500;22.603813171386719;
11737500;22.380729675292969;
11746500;22.635330200195313;
11755500;22.458457946777344;
11764500;22.639976501464844;
11773500;22.668319702148437;
11782500;22.642692565917969;
11791500;23.007843017578125;
11800500;23.712677001953125;
11809500;26.37420654296875;
11818500;22.904258728027344;
11827500;22.883865356445313;
11836500;22.854400634765625;
11845500;22.5836181640625;
11854500;22.485343933105469;
11863500;22.667770385742187;
11872500;22.460578918457031;
11881500;22.461166381835938;
11890500;23.123809814453125;
11899500;23.406600952148438;
11908500;22.286491394042969;
11917500;23.927101135253906;
11926500;22.151359558105469;
11935500;21.7127685546875;
11944500;21.359886169433594;
11953500;21.36090087890625;
11962500;21.115081787109375;
11971500;20.894721984863281;
11980500;21.76580810546875;
11989500;22.199127197265625;
11998500;29.112762451171875;
12007500;22.953407287597656;
12016500;19.774978637695313;
12025500;19.591690063476562;
12034500;19.553092956542969;
12043500;18.925956726074219;
12052500;18.976051330566406;
12061500;18.819099426269531;
12070500;23.435791015625;
12079500;21.820976257324219;
12088500;18.060287475585938;
12097500;18.071098327636719;
12106500;18.130165100097656;
12115500;17.677970886230469;
12124500;18.178909301757813;
12133500;17.835777282714844;
12142500;17.751541137695313;
12151500;18.485198974609375;
12160500;25.190032958984375;
12169500;21.025444030761719;
12178500;17.896064758300781;
12187500;17.930274963378906;
12196500;18.361923217773438;
12205500;17.863334655761719;
12214500;17.999542236328125;
12223500;18.271011352539063;
12232500;18.083747863769531;
12241500;18.566749572753906;
12250500;24.967086791992188;
12259500;20.276039123535156;
12268500;18.751068115234375;
12277500;18.268852233886719;
12286500;18.438369750976562;
12295500;18.658668518066406;
12304500;18.437583923339844;
12313500;18.7779541015625;
12322500;18.721054077148438;
12331500;19.2310791015625;
12340500;22.314010620117188;
12349500;19.008804321289062;
12358500;18.891342163085938;
12367500;18.793525695800781;
12376500;18.642967224121094;
12385500;18.708023071289063;
12394500;18.870819091796875;
12403500;18.619766235351563;
12412500;18.550827026367187;
12421500;18.55364990234375;
12430500;18.768806457519531;
12439500;18.310684204101563;
12448500;18.108619689941406;
12457500;18.009223937988281;
12466500;18.022720336914063;
12475500;17.735862731933594;
12484500;17.610214233398438;
12493500;17.6204833984375;
12502500;17.3421630859375;
12511500;17.412010192871094;
12520500;17.666877746582031;
12529500;17.022804260253906;
12538500;16.619338989257813;
12547500;16.338157653808594;
12556500;16.277053833007812;
12565500;16.163558959960938;
12574500;15.581619262695313;
12583500;15.755195617675781;
12592500;15.72259521484375;
12601500;17.043235778808594;
12610500;17.648880004882813;
12619500;14.817115783691406;
12628500;14.578048706054688;
12637500;14.160659790039062;
12646500;13.92999267578125;
12655500;13.950584411621094;
12664500;14.071456909179688;
12673500;13.514289855957031;
12682500;13.290092468261719;
12691500;16.519340515136719;
12700500;15.975044250488281;
12709500;12.792442321777344;
12718500;12.607589721679688;
12727500;12.775947570800781;
12736500;12.623992919921875;
12745500;12.159202575683594;
12754500;12.069694519042969;
12763500;12.198875427246094;
12772500;12.116554260253906;
12781500;15.723739624023438;
12790500;14.042831420898437;
12799500;12.498878479003906;
12808500;11.704620361328125;
12817500;11.861557006835938;
12826500;11.828651428222656;
12835500;11.76300048828125;
12844500;11.815895080566406;
12853500;11.655418395996094;
12862500;12.262123107910156;
12871500;14.101249694824219;
12880500;12.383323669433594;
12889500;11.779823303222656;
12898500;11.789863586425781;
12907500;11.817306518554688;
12916500;11.929351806640625;
12925500;12.087699890136719;
12934500;12.362762451171875;
12943500;11.982933044433594;
12952500;11.866905212402344;
12961500;12.179496765136719;
12970500;11.933296203613281;
12979500;12.002647399902344;
12988500;12.141502380371094;
12997500;12.581497192382812;
13006500;12.301895141601563;
13015500;12.3543701171875;
13024500;12.21417236328125;
13033500;12.406883239746094;
13042500;12.588996887207031;
13051500;12.951759338378906;
13060500;12.7572021484375;
13069500;12.587944030761719;
13078500;12.415237426757813;
13087500;12.663932800292969;
13096500;12.545372009277344;
13105500;12.765113830566406;
13114500;12.824356079101563;
13123500;12.661323547363281;
13132500;13.347442626953125;
13141500;14.852371215820313;
13150500;12.896194458007813;
13159500;12.865608215332031;
13168500;12.69024658203125;
13177500;12.665817260742188;
13186500;12.597427368164063;
13195500;12.810226440429688;
13204500;12.97760009765625;
13213500;12.657127380371094;
13222500;13.933876037597656;
13231500;15.131004333496094;
13240500;12.862442016601563;
13249500;12.860885620117188;
13258500;12.8641357421875;
13267500;13.263343811035156;
13276500;12.88531494140625;
13285500;12.644790649414063;
13294500;13.1585693359375;
13303500;13.056434631347656;
13312500;14.243331909179688;
13321500;14.315383911132813;
13330500;13.563690185546875;
13339500;13.308326721191406;
13348500;13.152801513671875;
13357500;13.371910095214844;
13366500;13.434120178222656;
13375500;13.4517822265625;
13384500;13.727020263671875;
13393500;14.048233032226563;
13402500;14.413169860839844;
13411500;14.051986694335937;
13420500;13.974678039550781;
13429500;14.169059753417969;
13438500;14.192070007324219;
13447500;14.39508056640625;
13456500;14.620132446289063;
13465500;14.876564025878906;
13474500;14.950706481933594;
13483500;14.91619873046875;
13492500;15.150772094726563;
13501500;15.084747314453125;
13510500;15.157058715820312;
13519500;14.967330932617188;
13528500;14.967254638671875;
13537500;15.084144592285156;
13546500;14.990882873535156;
13555500;15.003387451171875;
13564500;14.994514465332031;
13573500;15.070816040039063;
13582500;15.3427734375;
13591500;15.066947937011719;
13600500;15.073738098144531;
13609500;14.733161926269531;
13618500;14.748908996582031;
13627500;14.590896606445313;
13636500;14.626441955566406;
13645500;14.586524963378906;
13654500;14.5408935546875;
13663500;14.788154602050781;
13672500;15.468643188476563;
13681500;14.323394775390625;
13690500;14.076416015625;
13699500;14.041328430175781;
13708500;13.862281799316406;
13717500;13.775672912597656;
13726500;13.959632873535156;
13735500;13.835113525390625;
13744500;13.394233703613281;
13753500;13.505905151367188;
13762500;14.556510925292969;
13771500;13.039886474609375;
13780500;12.793983459472656;
13789500;12.81903076171875;
13798500;13.064743041992187;
13807500;12.579261779785156;
13816500;12.437950134277344;
13825500;12.143539428710938;
13834500;12.006568908691406;
13843500;12.553619384765625;
13852500;13.470619201660156;
13861500;12.118431091308594;
13870500;11.781044006347656;
13879500;11.502304077148438;
13888500;11.362564086914063;
13897500;11.115890502929688;
13906500;11.253913879394531;
13915500;10.993240356445313;
13924500;10.973716735839844;
13933500;11.733695983886719;
13942500;12.08587646484375;
13951500;11.1068115234375;
13960500;10.993965148925781;
13969500;10.974746704101563;
13978500;10.926460266113281;
13987500;11.277687072753906;
13996500;11.41986083984375;
14005500;11.116966247558594;
14014500;11.1600341796875;
14023500;11.855537414550781;
14032500;11.253944396972656;
14041500;11.017654418945313;
14050500;10.835380554199219;
14059500;11.726768493652344;
14068500;11.444862365722656;
14077500;11.139129638671875;
14086500;11.00665283203125;
14095500;11.162185668945313;
14104500;10.900871276855469;
14113500;11.901779174804688;
14122500;11.440170288085937;
14131500;11.59417724609375;
14140500;11.160934448242187;
14149500;10.783973693847656;
14158500;10.642654418945313;
14167500;10.718246459960938;
14176500;10.763999938964844;
14185500;10.703804016113281;
14194500;10.993827819824219;
14203500;12.698860168457031;
14212500;11.515853881835938;
14221500;10.699203491210937;
14230500;10.428665161132812;
14239500;10.398391723632812;
14248500;10.3177490234375;
14257500;10.567985534667969;
14266500;10.524360656738281;
14275500;10.666839599609375;
14284500;10.37188720703125;
14293500;13.042716979980469;
14302500;10.530708312988281;
14311500;10.052139282226562;
14320500;9.9648284912109375;
14329500;10.256591796875;
14338500;10.15435791015625;
14347500;9.8815765380859375;
14356500;9.6678237915039062;
14365500;9.7424774169921875;
14374500;10.07342529296875;
14383500;12.89788818359375;
14392500;10.059051513671875;
14401500;9.6884765625;
14410500;9.55511474609375;
14419500;9.2251663208007813;
14428500;9.156646728515625;
14437500;9.1997299194335938;
14446500;8.7109298706054687;
14455500;9.2319107055664062;
14464500;10.153526306152344;
14473500;11.579238891601563;
14482500;8.6059341430664062;
14491500;8.4652175903320312;
14500500;8.4745941162109375;
14509500;8.48974609375;
14518500;8.6036453247070312;
14527500;9.1280746459960937;
14536500;8.8776016235351562;
14545500;8.6513748168945313;
14554500;9.1288299560546875;
14563500;9.6805267333984375;
14572500;8.2663955688476562;
14581500;8.29766845703125;
14590500;8.4185104370117188;
14599500;8.364715576171875;
14608500;8.5468368530273437;
14617500;8.2435684204101562;
14626500;8.1657485961914062;
14635500;8.2570266723632812;
14644500;8.7326202392578125;
14653500;9.0958328247070312;
14662500;8.1976852416992187;
14671500;8.314117431640625;
14680500;8.1304550170898438;
14689500;7.8558883666992187;
14698500;7.8956451416015625;
14707500;8.0773162841796875;
14716500;8.215423583984375;
14725500;8.8755645751953125;
14734500;9.5384445190429687;
14743500;9.0804824829101562;
14752500;7.9181594848632812;
14761500;7.8001174926757812;
14770500;7.574005126953125;
14779500;7.9794082641601563;
14788500;8.0802764892578125;
14797500;8.4900131225585937;
14806500;8.144317626953125;
14815500;7.87030029296875;
14824500;10.405410766601562;
14833500;9.0459976196289062;
14842500;7.9525375366210938;
14851500;7.5533065795898437;
14860500;8.5086441040039063;
14869500;8.0789413452148437;
14878500;8.5076370239257812;
14887500;8.0307846069335938;
14896500;8.0861282348632812;
14905500;8.5721893310546875;
14914500;11.127555847167969;
14923500;9.0773544311523437;
14932500;8.6803207397460937;
14941500;8.6537628173828125;
14950500;8.781463623046875;
14959500;9.0645065307617187;
14968500;9.4373931884765625;
14977500;9.8042831420898437;
14986500;10.088882446289062;
14995500;11.9844970703125;
15004500;13.466026306152344;
15013500;10.467552185058594;
15022500;10.031951904296875;
15031500;9.5227203369140625;
15040500;9.0409927368164062;
15049500;8.8001480102539062;
15058500;8.6847381591796875;
15067500;8.5024871826171875;
15076500;9.11236572265625;
15085500;8.7789306640625;
15094500;9.2853622436523437;
15103500;8.6911163330078125;
15112500;8.568206787109375;
15121500;8.5008697509765625;
15130500;8.8902053833007812;
15139500;8.7606964111328125;
15148500;8.9999847412109375;
15157500;8.4348983764648437;
15166500;8.5802459716796875;
15175500;8.6359176635742187;
15184500;8.96307373046875;
15193500;9.2958602905273437;
15202500;9.073638916015625;
15211500;9.2094802856445313;
15220500;8.868011474609375;
15229500;8.9681015014648437;
15238500;8.9458770751953125;
15247500;9.252716064453125;
15256500;9.2465133666992187;
15265500;9.9507904052734375;
15274500;10.225257873535156;
15283500;9.7714996337890625;
15292500;9.5989761352539062;
15301500;9.6950531005859375;
15310500;9.87432861328125;
15319500;10.044410705566406;
15328500;10.423126220703125;
15337500;10.418014526367187;
15346500;10.326560974121094;
15355500;12.242462158203125;
15364500;12.130020141601563;
15373500;10.619590759277344;
15382500;10.791450500488281;
15391500;10.813011169433594;
15400500;10.869903564453125;
15409500;10.947479248046875;
15418500;11.278045654296875;
15427500;11.317123413085937;
15436500;11.274276733398438;
15445500;15.070289611816406;
15454500;13.945777893066406;
15463500;11.509368896484375;
15472500;11.498252868652344;
15481500;11.835250854492188;
15490500;11.658180236816406;
15499500;11.642074584960938;
15508500;11.466018676757812;
15517500;11.750686645507812;
15526500;12.242050170898438;
15535500;16.583244323730469;
15544500;13.752090454101563;
15553500;12.034736633300781;
15562500;12.106758117675781;
15571500;12.122222900390625;
15580500;12.035179138183594;
15589500;12.25811767578125;
15598500;12.386924743652344;
15607500;12.088279724121094;
15616500;12.44036865234375;
15625500;15.660888671875;
15634500;12.663642883300781;
15643500;12.006813049316406;
15652500;11.984245300292969;
15661500;12.13604736328125;
15670500;11.835479736328125;
15679500;11.857215881347656;
15688500;12.164573669433594;
15697500;11.969917297363281;
15706500;12.013778686523438;
15715500;13.921905517578125;
15724500;12.189567565917969;
15733500;11.932876586914063;
15742500;11.890144348144531;
15751500;12.101593017578125;
15760500;12.023567199707031;
15769500;11.833404541015625;
15778500;12.093475341796875;
15787500;12.174415588378906;
15796500;13.012611389160156;
15805500;15.973228454589844;
15814500;12.509620666503906;
15823500;12.210670471191406;
15832500;12.349967956542969;
15841500;12.1390380859375;
15850500;12.30108642578125;
15859500;12.600334167480469;
15868500;12.496078491210937;
15877500;12.523857116699219;
15886500;15.872451782226563;
15895500;18.648536682128906;
15904500;12.787567138671875;
15913500;12.569679260253906;
15922500;12.774185180664062;
15931500;13.417755126953125;
15940500;12.644676208496094;
15949500;12.9638671875;
15958500;12.8040771484375;
15967500;12.879791259765625;
15976500;18.104736328125;
15985500;19.4237060546875;
15994500;13.602462768554688;
16003500;13.150115966796875;
16012500;13.179710388183594;
16021500;13.451988220214844;
16030500;13.212554931640625;
16039500;13.054718017578125;
16048500;13.163795471191406;
16057500;13.286628723144531;
16066500;19.46124267578125;
16075500;18.383285522460938;
16084500;13.499114990234375;
16093500;13.363571166992188;
16102500;13.568641662597656;
16111500;13.345802307128906;
16120500;13.550270080566406;
16129500;13.476081848144531;
16138500;13.473419189453125;
16147500;13.495437622070313;
16156500;17.969100952148438;
16165500;15.429420471191406;
16174500;13.491470336914063;
16183500;13.482818603515625;
16192500;13.502479553222656;
16201500;13.311637878417969;
16210500;13.446144104003906;
16219500;13.176185607910156;
16228500;13.402015686035156;
16237500;13.503730773925781;
16246500;15.303863525390625;
16255500;13.580184936523437;
16264500;13.581809997558594;
16273500;13.257911682128906;
16282500;13.287826538085938;
16291500;13.055946350097656;
16300500;13.132301330566406;
16309500;13.292045593261719;
16318500;13.290420532226563;
16327500;14.204551696777344;
16336500;16.810432434082031;
16345500;13.628997802734375;
16354500;13.3311767578125;
16363500;13.3916015625;
16372500;13.161895751953125;
16381500;13.072982788085938;
16390500;13.510566711425781;
16399500;13.632522583007813;
16408500;13.117599487304688;
16417500;14.791351318359375;
16426500;19.416099548339844;
16435500;13.776725769042969;
16444500;13.267547607421875;
16453500;13.190971374511719;
16462500;13.288825988769531;
16471500;13.435394287109375;
16480500;13.457862854003906;
16489500;13.85516357421875;
16498500;13.707374572753906;
16507500;15.705551147460938;
16516500;19.839202880859375;
16525500;13.47613525390625;
16534500;13.254180908203125;
16543500;13.520462036132812;
16552500;13.790824890136719;
16561500;13.23992919921875;
16570500;13.27227783203125;
16579500;13.252204895019531;
16588500;13.431289672851562;
16597500;16.774703979492187;
16606500;18.792396545410156;
16615500;13.679267883300781;
16624500;13.253570556640625;
16633500;13.218490600585938;
16642500;13.057907104492188;
16651500;13.243881225585938;
16660500;13.855026245117188;
16669500;13.37689208984375;
16678500;13.352462768554688;
16687500;16.309638977050781;
16696500;16.2960205078125;
16705500;13.302932739257813;
16714500;13.195587158203125;
16723500;13.446723937988281;
16732500;13.828903198242188;
16741500;13.166015625;
16750500;13.20233154296875;
16759500;13.216270446777344;
16768500;13.198783874511719;
16777500;14.966957092285156;
16786500;14.306350708007813;
16795500;13.554985046386719;
16804500;13.274505615234375;
16813500;13.2103271484375;
16822500;13.700088500976563;
16831500;13.185577392578125;
16840500;13.053955078125;
16849500;12.956405639648437;
16858500;12.999534606933594;
16867500;14.530433654785156;
16876500;13.30926513671875;
16885500;13.048835754394531;
16894500;12.935295104980469;
16903500;12.89239501953125;
16912500;12.974418640136719;
16921500;12.889434814453125;
16930500;12.826278686523437;
16939500;12.710517883300781;
16948500;12.83013916015625;
16957500;15.599044799804688;
16966500;13.343399047851563;
16975500;13.244674682617188;
16984500;12.863395690917969;
16993500;12.941276550292969;
17002500;13.031158447265625;
17011500;12.611663818359375;
17020500;12.527717590332031;
17029500;12.731552124023438;
17038500;13.9332275390625;
17047500;16.208259582519531;
17056500;13.013755798339844;
17065500;13.269302368164063;
17074500;12.539161682128906;
17083500;12.784133911132813;
17092500;12.936599731445313;
17101500;13.019065856933594;
17110500;12.656478881835937;
17119500;12.662979125976563;
17128500;13.865615844726562;
17137500;16.284812927246094;
17146500;13.002754211425781;
17155500;13.159271240234375;
17164500;13.044822692871094;
17173500;12.508056640625;
17182500;12.65435791015625;
17191500;12.74176025390625;
17200500;12.879188537597656;
17209500;12.935478210449219;
17218500;14.178688049316406;
17227500;15.485992431640625;
17236500;12.901374816894531;
17245500;12.797103881835938;
17254500;12.899627685546875;
17263500;12.802787780761719;
17272500;12.695335388183594;
17281500;13.112892150878906;
17290500;13.130218505859375;
17299500;12.911827087402344;
17308500;13.946533203125;
17317500;14.403999328613281;
17326500;12.91668701171875;
17335500;12.718582153320313;
17344500;12.9019775390625;
17353500;12.95989990234375;
17362500;13.009574890136719;
17371500;12.5299072265625;
17380500;12.631645202636719;
17389500;12.931304931640625;
17398500;14.137657165527344;
17407500;13.592399597167969;
17416500;12.48760986328125;
17425500;13.0029296875;
17434500;12.45703125;
17443500;12.365859985351563;
17452500;12.54754638671875;
17461500;13.003799438476563;
17470500;12.481521606445313;
17479500;12.293815612792969;
17488500;13.576423645019531;
17497500;13.151779174804688;
17506500;12.322799682617188;
17515500;12.287612915039063;
17524500;12.592445373535156;
17533500;12.339874267578125;
17542500;12.309951782226563;
17551500;12.293701171875;
17560500;12.458877563476563;
17569500;12.148910522460938;
17578500;13.478813171386719;
17587500;12.845848083496094;
17596500;12.227928161621094;
17605500;12.041099548339844;
17614500;12.172317504882813;
17623500;12.387954711914063;
17632500;12.098281860351563;
17641500;12.378227233886719;
17650500;12.669898986816406;
17659500;12.208114624023438;
17668500;13.49127197265625;
17677500;12.306373596191406;
17686500;12.203201293945313;
17695500;12.157394409179687;
17704500;12.522346496582031;
17713500;12.376113891601563;
17722500;12.459030151367188;
17731500;12.820960998535156;
17740500;12.336235046386719;
17749500;12.63446044921875;
17758500;13.742485046386719;
17767500;13.08770751953125;
17776500;13.045310974121094;
17785500;12.771766662597656;
17794500;13.324905395507812;
17803500;12.900947570800781;
17812500;12.891021728515625;
17821500;12.914199829101563;
17830500;14.028511047363281;
17839500;13.696334838867188;
17848500;14.855545043945313;
17857500;12.957382202148438;
17866500;13.315643310546875;
17875500;15.013465881347656;
17884500;16.665687561035156;
17893500;14.4095458984375;
17902500;13.07879638671875;
17911500;13.256927490234375;
17920500;13.437149047851563;
17929500;15.096435546875;
17938500;17.085853576660156;
17947500;13.581916809082031;
17956500;13.484504699707031;
17965500;13.315872192382812;
17974500;13.310264587402344;
17983500;13.351707458496094;
17992500;13.4549560546875;
18001500;13.857948303222656;
18010500;13.528228759765625;
18019500;17.327583312988281;
18028500;17.977546691894531;
18037500;13.568931579589844;
18046500;13.6793212890625;
18055500;13.553886413574219;
18064500;13.611976623535156;
18073500;13.443954467773438;
18082500;13.476142883300781;
18091500;13.582695007324219;
18100500;13.603324890136719;
18109500;18.992385864257813;
18118500;17.218238830566406;
18127500;13.950241088867188;
18136500;13.741584777832031;
18145500;13.6090087890625;
18154500;13.611686706542969;
18163500;13.607749938964844;
18172500;13.675689697265625;
18181500;13.72735595703125;
18190500;13.773590087890625;
18199500;18.424514770507812;
18208500;15.953094482421875;
18217500;13.615425109863281;
18226500;13.624626159667969;
18235500;13.698715209960938;
18244500;13.700263977050781;
18253500;13.730514526367188;
18262500;14.054771423339844;
18271500;13.83929443359375;
18280500;14.042289733886719;
18289500;15.872856140136719;
18298500;14.434791564941406;
18307500;14.159233093261719;
18316500;14.037063598632812;
18325500;14.397499084472656;
18334500;14.371963500976563;
18343500;14.339790344238281;
18352500;14.304893493652344;
18361500;14.485504150390625;
18370500;14.616683959960937;
18379500;16.183242797851563;
18388500;14.542892456054687;
18397500;14.597663879394531;
18406500;14.565742492675781;
18415500;14.696510314941406;
18424500;14.857498168945313;
18433500;14.661262512207031;
18442500;15.321197509765625;
18451500;14.784439086914063;
18460500;16.570213317871094;
18469500;28.149627685546875;
18478500;21.6207275390625;
18487500;15.004539489746094;
18496500;15.254219055175781;
18505500;15.393417358398438;
18514500;14.803512573242188;
18523500;14.774192810058594;
18532500;15.106231689453125;
18541500;15.08355712890625;
18550500;18.034355163574219;
18559500;21.504135131835938;
18568500;15.276435852050781;
18577500;14.887657165527344;
18586500;14.911636352539063;
18595500;15.05316162109375;
18604500;14.715438842773437;
18613500;14.8255615234375;
18622500;14.7952880859375;
18631500;14.959884643554687;
18640500;18.861358642578125;
18649500;21.155342102050781;
18658500;15.034156799316406;
18667500;14.989143371582031;
18676500;14.887443542480469;
18685500;14.715721130371094;
18694500;14.844703674316406;
18703500;14.739418029785156;
18712500;14.622596740722656;
18721500;14.734649658203125;
18730500;18.927337646484375;
18739500;18.546241760253906;
18748500;15.133125305175781;
18757500;14.886688232421875;
18766500;14.7781982421875;
18775500;14.608741760253906;
18784500;14.514068603515625;
18793500;14.606330871582031;
18802500;14.462265014648438;
18811500;14.873825073242188;
18820500;16.527809143066406;
18829500;15.611946105957031;
18838500;14.736236572265625;
18847500;14.569847106933594;
18856500;14.456703186035156;
18865500;14.785049438476563;
18874500;14.641738891601562;
18883500;14.650215148925781;
18892500;14.946243286132813;
18901500;14.6510009765625;
18910500;15.551490783691406;
18919500;15.158782958984375;
18928500;15.008895874023438;
18937500;14.8453369140625;
18946500;14.972976684570312;
18955500;15.08526611328125;
18964500;15.160423278808594;
18973500;14.796363830566406;
18982500;15.054824829101562;
18991500;15.755897521972656;
19000500;19.191696166992187;
19009500;16.279464721679687;
19018500;15.257614135742188;
19027500;15.5115966796875;
19036500;15.424514770507812;
19045500;15.599067687988281;
19054500;16.104591369628906;
19063500;15.476890563964844;
19072500;15.511749267578125;
19081500;16.814697265625;
19090500;21.5986328125;
19099500;16.264350891113281;
19108500;15.864814758300781;
19117500;16.101905822753906;
19126500;15.736473083496094;
19135500;15.664390563964844;
19144500;15.699539184570313;
19153500;15.944984436035156;
19162500;16.101669311523438;
19171500;17.550117492675781;
19180500;21.316177368164063;
19189500;16.25128173828125;
19198500;16.082183837890625;
19207500;16.044349670410156;
19216500;15.741905212402344;
19225500;15.788803100585938;
19234500;15.962104797363281;
19243500;15.963371276855469;
19252500;16.159645080566406;
19261500;18.026901245117187;
19270500;20.1322021484375;
19279500;16.270698547363281;
19288500;16.018531799316406;
19297500;16.484649658203125;
19306500;16.056938171386719;
19315500;15.96038818359375;
19324500;16.261131286621094;
19333500;16.27783203125;
19342500;16.048919677734375;
19351500;17.199234008789063;
19360500;17.780265808105469;
19369500;16.1673583984375;
19378500;16.139762878417969;
19387500;16.001411437988281;
19396500;16.310768127441406;
19405500;16.031173706054687;
19414500;16.425849914550781;
19423500;16.138076782226563;
19432500;16.114456176757812;
19441500;16.535125732421875;
19450500;16.474327087402344;
19459500;16.433647155761719;
19468500;16.270362854003906;
19477500;16.531875610351562;
19486500;16.500534057617188;
19495500;16.665390014648437;
19504500;16.456336975097656;
19513500;16.402999877929688;
19522500;16.626014709472656;
19531500;18.879249572753906;
19540500;17.481796264648438;
19549500;16.464118957519531;
19558500;16.463134765625;
19567500;16.535507202148437;
19576500;16.593086242675781;
19585500;16.553848266601563;
19594500;16.480560302734375;
19603500;16.781257629394531;
19612500;16.700653076171875;
19621500;20.918243408203125;
19630500;17.948883056640625;
19639500;16.546951293945313;
19648500;16.535812377929687;
19657500;16.565452575683594;
19666500;16.851402282714844;
19675500;16.3641357421875;
19684500;16.367759704589844;
19693500;16.433982849121094;
19702500;16.91851806640625;
19711500;21.575309753417969;
19720500;17.26812744140625;
19729500;16.6412353515625;
19738500;16.452278137207031;
19747500;16.4361572265625;
19756500;16.368331909179688;
19765500;16.481918334960938;
19774500;17.0145263671875;
19783500;16.887008666992188;
19792500;17.351051330566406;
19801500;20.574478149414062;
19810500;16.811187744140625;
19819500;16.246055603027344;
19828500;16.227981567382813;
19837500;16.460380554199219;
19846500;16.081008911132812;
19855500;16.060874938964844;
19864500;16.131927490234375;
19873500;16.081756591796875;
19882500;16.8466796875;
19891500;17.783416748046875;
19900500;15.907760620117188;
19909500;16.047309875488281;
19918500;15.718620300292969;
19927500;15.922225952148438;
19936500;15.63494873046875;
19945500;15.514633178710938;
19954500;15.59716796875;
19963500;15.380889892578125;
19972500;16.077415466308594;
19981500;16.128395080566406;
19990500;15.438491821289063;
19999500;15.668052673339844;
20008500;15.203971862792969;
20017500;15.495750427246094;
20026500;15.539443969726563;
20035500;15.296516418457031;
20044500;15.414947509765625;
20053500;15.473114013671875;
20062500;17.441009521484375;
20071500;17.491081237792969;
20080500;15.204986572265625;
20089500;15.405357360839844;
20098500;15.541297912597656;
20107500;15.267753601074219;
20116500;15.593063354492188;
20125500;15.602790832519531;
20134500;15.584396362304688;
20143500;15.70440673828125;
20152500;19.570091247558594;
20161500;18.27301025390625;
20170500;15.675712585449219;
20179500;15.646011352539063;
20188500;15.858634948730469;
20197500;15.639404296875;
20206500;15.753044128417969;
20215500;15.885345458984375;
20224500;15.75482177734375;
20233500;16.000740051269531;
20242500;20.220558166503906;
20251500;17.502288818359375;
20260500;15.99163818359375;
20269500;15.961578369140625;
20278500;15.926986694335937;
20287500;15.723442077636719;
20296500;16.055213928222656;
20305500;15.850997924804687;
20314500;15.874473571777344;
20323500;16.07110595703125;
20332500;19.391654968261719;
20341500;16.688568115234375;
20350500;15.708999633789063;
20359500;15.649238586425781;
20368500;15.806327819824219;
20377500;15.517494201660156;
20386500;15.673133850097656;
20395500;15.5428466796875;
20404500;15.34002685546875;
20413500;15.67266845703125;
20422500;17.053062438964844;
20431500;15.5184326171875;
20440500;15.368797302246094;
20449500;15.172065734863281;
20458500;15.372795104980469;
20467500;15.040687561035156;
20476500;14.999916076660156;
20485500;14.679061889648438;
20494500;14.837516784667969;
20503500;14.605072021484375;
20512500;15.093315124511719;
20521500;14.434944152832031;
20530500;14.247734069824219;
20539500;14.443984985351563;
20548500;14.068702697753906;
20557500;14.057731628417969;
20566500;14.170150756835937;
20575500;13.9683837890625;
20584500;14.021553039550781;
20593500;14.130043029785156;
20602500;15.121650695800781;
20611500;13.799545288085938;
20620500;13.619796752929688;
20629500;13.531036376953125;
20638500;13.480392456054688;
20647500;13.412353515625;
20656500;13.529136657714844;
20665500;13.245643615722656;
20674500;13.122642517089844;
20683500;15.090446472167969;
20692500;15.828849792480469;
20701500;13.235664367675781;
20710500;13.055824279785156;
20719500;13.101936340332031;
20728500;13.060867309570313;
20737500;13.200462341308594;
20746500;12.966789245605469;
20755500;12.87078857421875;
20764500;13.182640075683594;
20773500;15.892311096191406;
20782500;15.2972412109375;
20791500;13.043632507324219;
20800500;13.009590148925781;
20809500;13.064613342285156;
20818500;13.068077087402344;
20827500;12.986106872558594;
20836500;12.909271240234375;
20845500;13.039787292480469;
20854500;13.144149780273438;
20863500;15.392532348632813;
20872500;14.156967163085937;
20881500;13.004638671875;
20890500;12.904525756835937;
20899500;12.995735168457031;
20908500;13.020523071289063;
20917500;13.106597900390625;
20926500;12.816017150878906;
20935500;12.903732299804688;
20944500;12.884979248046875;
20953500;14.307846069335938;
20962500;13.487930297851563;
20971500;13.337898254394531;
20980500;13.466423034667969;
20989500;13.420852661132812;
20998500;14.944808959960938;
21007500;14.87677001953125;
21016500;13.429679870605469;
21025500;13.104347229003906;
21034500;12.837615966796875;
21043500;13.000595092773438;
21052500;12.409492492675781;
21061500;12.127479553222656;
21070500;12.128616333007812;
21079500;11.883224487304687;
21088500;12.027015686035156;
21097500;12.093132019042969;
21106500;11.759178161621094;
21115500;11.930488586425781;
21124500;11.879608154296875;
21133500;12.649681091308594;
21142500;11.640777587890625;
21151500;11.122589111328125;
21160500;11.388252258300781;
21169500;11.057975769042969;
21178500;11.456588745117188;
21187500;11.382293701171875;
21196500;11.03521728515625;
21205500;10.991127014160156;
21214500;11.543006896972656;
21223500;13.190048217773438;
21232500;10.863937377929687;
21241500;10.797065734863281;
21250500;10.927993774414063;
21259500;10.712562561035156;
21268500;10.735214233398437;
21277500;10.460853576660156;
21286500;10.494735717773437;
21295500;10.895271301269531;
21304500;12.2103271484375;
21313500;13.753982543945313;
21322500;10.501686096191406;
21331500;10.443229675292969;
21340500;10.801483154296875;
21349500;10.350936889648437;
21358500;10.394187927246094;
21367500;10.192276000976562;
21376500;10.506500244140625;
21385500;10.341072082519531;
21394500;11.933616638183594;
21403500;12.316719055175781;
21412500;10.216804504394531;
21421500;10.393592834472656;
21430500;10.314102172851562;
21439500;10.167083740234375;
21448500;10.067337036132812;
21457500;10.138168334960937;
21466500;10.049766540527344;
21475500;9.9542160034179687;
21484500;11.098159790039063;
21493500;10.802688598632812;
21502500;10.078994750976562;
21511500;9.9899826049804687;
21520500;9.718780517578125;
21529500;9.6757965087890625;
21538500;9.861419677734375;
21547500;9.67559814453125;
21556500;10.332633972167969;
21565500;9.8680038452148437;
21574500;10.071876525878906;
21583500;10.031745910644531;
21592500;9.5948028564453125;
21601500;9.563232421875;
21610500;9.3974990844726562;
21619500;9.4841384887695313;
21628500;9.4368133544921875;
21637500;9.1810150146484375;
21646500;9.2643814086914062;
21655500;9.2097930908203125;
21664500;9.4861221313476563;
21673500;9.1454696655273437;
21682500;9.0151748657226563;
21691500;8.591522216796875;
21700500;8.7165603637695313;
21709500;8.4742202758789062;
21718500;8.5562896728515625;
21727500;8.7225341796875;
21736500;8.8925323486328125;
21745500;9.0389556884765625;
21754500;9.9081878662109375;
21763500;8.43194580078125;
21772500;8.3278961181640625;
21781500;8.4222946166992187;
21790500;8.1345901489257812;
21799500;8.3942794799804687;
21808500;7.7957305908203125;
21817500;7.8816299438476563;
21826500;8.0294342041015625;
21835500;8.1184463500976563;
21844500;9.9503173828125;
21853500;7.9892578125;
21862500;8.9713897705078125;
21871500;8.0313262939453125;
21880500;7.58984375;
21889500;7.9844207763671875;
21898500;8.125762939453125;
21907500;7.9196853637695312;
21916500;8.3619155883789062;
21925500;8.702606201171875;
21934500;9.2188339233398437;
21943500;7.6664352416992188;
21952500;7.7701950073242188;
21961500;8.0428390502929687;
21970500;7.6026535034179687;
21979500;7.7849960327148438;
21988500;7.7412185668945313;
21997500;7.6140060424804687;
22006500;7.894378662109375;
22015500;8.1210708618164062;
22024500;8.4360504150390625;
22033500;7.9480743408203125;
22042500;7.797607421875;
22051500;7.8146286010742187;
22060500;7.9365234375;
22069500;7.9675750732421875;
22078500;8.0139617919921875;
22087500;8.114166259765625;
22096500;8.2701034545898437;
22105500;8.3116302490234375;
22114500;8.2047348022460937;
22123500;8.0572128295898438;
22132500;8.2815475463867187;
22141500;8.32855224609375;
22150500;8.359405517578125;
22159500;8.2485733032226563;
22168500;8.2401962280273437;
22177500;8.3991546630859375;
22186500;8.345062255859375;
22195500;8.4079513549804687;
22204500;8.306304931640625;
22213500;8.310272216796875;
22222500;8.3448333740234375;
22231500;8.362152099609375;
22240500;8.199737548828125;
22249500;8.2966232299804687;
22258500;8.4114532470703125;
22267500;8.49090576171875;
22276500;8.6031875610351562;
22285500;9.20794677734375;
22294500;8.6333694458007812;
22303500;8.5357131958007812;
22312500;8.5464630126953125;
22321500;8.5480270385742187;
22330500;8.2642745971679687;
22339500;8.274017333984375;
22348500;8.4089126586914062;
22357500;8.5148696899414062;
22366500;8.5042572021484375;
22375500;9.5750274658203125;
22384500;8.5372085571289062;
22393500;8.3827056884765625;
22402500;8.5366439819335938;
22411500;8.5678253173828125;
22420500;8.7776565551757813;
22429500;8.6708602905273437;
22438500;8.3170547485351562;
22447500;8.585235595703125;
22456500;8.7236099243164062;
22465500;9.6583099365234375;
22474500;9.0201263427734375;
22483500;9.271270751953125;
22492500;9.3870925903320312;
22501500;9.3328399658203125;
22510500;9.234771728515625;
22519500;9.5180282592773437;
22528500;9.1784515380859375;
22537500;9.687591552734375;
22546500;9.1691436767578125;
22555500;9.0760650634765625;
22564500;8.7924652099609375;
22573500;8.6448516845703125;
22582500;8.8035430908203125;
22591500;8.9036483764648437;
22600500;8.9405059814453125;
22609500;8.7623138427734375;
22618500;8.8970870971679687;
22627500;9.065155029296875;
22636500;9.0498275756835937;
22645500;8.9681854248046875;
22654500;9.1284866333007812;
22663500;9.2733154296875;
22672500;8.8971786499023437;
22681500;8.795623779296875;
22690500;9.081085205078125;
22699500;9.025115966796875;
22708500;9.2924423217773437;
22717500;9.3927078247070312;
22726500;9.5785446166992187;
22735500;9.5401687622070312;
22744500;9.301361083984375;
22753500;9.152435302734375;
22762500;9.2959442138671875;
22771500;9.0552902221679687;
22780500;9.4388046264648437;
22789500;9.359893798828125;
22798500;9.2563858032226562;
22807500;9.5746078491210937;
22816500;9.7273406982421875;
22825500;9.5876388549804687;
22834500;9.4748687744140625;
22843500;9.5831756591796875;
22852500;9.4493255615234375;
22861500;9.3617095947265625;
22870500;9.3732757568359375;
22879500;9.2939834594726563;
22888500;9.2674407958984375;
22897500;9.5662689208984375;
22906500;9.8687210083007812;
22915500;9.6027374267578125;
22924500;9.516387939453125;
22933500;9.3615570068359375;
22942500;9.1515731811523437;
22951500;9.3910903930664062;
22960500;9.2851409912109375;
22969500;9.383941650390625;
22978500;9.4010543823242187;
22987500;9.268341064453125;
22996500;9.7057266235351562;
23005500;9.59210205078125;
23014500;9.6018218994140625;
23023500;10.09521484375;
23032500;9.4814224243164062;
23041500;9.313873291015625;
23050500;9.4852218627929687;
23059500;9.868682861328125;
23068500;9.887939453125;
23077500;9.6164169311523437;
23086500;9.6362991333007812;
23095500;9.948272705078125;
23104500;10.077438354492187;
23113500;10.097732543945312;
23122500;10.047630310058594;
23131500;10.111160278320312;
23140500;9.64312744140625;
23149500;9.7902984619140625;
23158500;9.540435791015625;
23167500;9.5815277099609375;
23176500;9.78558349609375;
23185500;9.7503433227539062;
23194500;10.037643432617187;
23203500;9.767333984375;
23212500;10.021682739257812;
23221500;9.9629058837890625;
23230500;9.7782211303710937;
23239500;9.974365234375;
23248500;10.01007080078125;
23257500;10.281013488769531;
23266500;10.896316528320313;
23275500;10.380134582519531;
23284500;10.498123168945312;
23293500;10.352775573730469;
23302500;10.448165893554687;
23311500;10.5919189453125;
23320500;10.774726867675781;
23329500;11.621414184570313;
23338500;10.762840270996094;
23347500;10.884490966796875;
23356500;11.156356811523437;
23365500;11.088096618652344;
23374500;11.193817138671875;
23383500;11.28253173828125;
23392500;11.572013854980469;
23401500;11.555488586425781;
23410500;11.360618591308594;
23419500;11.439605712890625;
23428500;11.399993896484375;
23437500;11.520599365234375;
23446500;11.430465698242188;
23455500;11.110145568847656;
23464500;11.240692138671875;
23473500;11.046669006347656;
23482500;11.559906005859375;
23491500;11.434074401855469;
23500500;11.202873229980469;
23509500;11.406204223632813;
23518500;11.293403625488281;
23527500;11.480575561523438;
23536500;12.279869079589844;
23545500;11.239654541015625;
23554500;11.188629150390625;
23563500;11.412254333496094;
23572500;11.338829040527344;
23581500;11.609947204589844;
23590500;11.627281188964844;
23599500;11.402114868164063;
23608500;11.798332214355469;
23617500;11.784111022949219;
23626500;11.479476928710937;
23635500;11.646110534667969;
23644500;11.481094360351563;
23653500;11.721969604492188;
23662500;11.899871826171875;
23671500;11.738372802734375;
23680500;11.774642944335938;
23689500;11.374664306640625;
23698500;11.666572570800781;
23707500;11.708511352539063;
23716500;11.450973510742188;
23725500;11.568840026855469;
23734500;11.851951599121094;
23743500;11.537918090820313;
23752500;11.956611633300781;
23761500;11.967170715332031;
23770500;12.026329040527344;
23779500;11.5577392578125;
23788500;11.696937561035156;
23797500;11.796913146972656;
23806500;12.069908142089844;
23815500;12.109184265136719;
23824500;12.111663818359375;
23833500;12.818634033203125;
23842500;20.850227355957031;
23851500;14.442512512207031;
23860500;12.735603332519531;
23869500;12.502418518066406;
23878500;12.739273071289063;
23887500;12.735870361328125;
23896500;12.469764709472656;
23905500;12.615829467773437;
23914500;12.949539184570312;
23923500;13.084014892578125;
23932500;13.751655578613281;
23941500;14.719139099121094;
23950500;15.607589721679688;
23959500;16.881324768066406;
23968500;17.835151672363281;
23977500;18.7164306640625;
23986500;19.214073181152344;
23995500;27.294021606445312;
24004500;37.625724792480469;
24013500;24.504875183105469;
24022500;19.101478576660156;
24031500;17.92767333984375;
24040500;15.958755493164063;
24049500;14.500251770019531;
24058500;13.747932434082031;
24067500;13.525405883789063;
24076500;13.852394104003906;
24085500;13.805709838867188;
24094500;13.501708984375;
24103500;13.565704345703125;
24112500;13.823577880859375;
24121500;14.327781677246094;
24130500;14.286827087402344;
24139500;13.456901550292969;
24148500;12.971817016601563;
24157500;12.915611267089844;
24166500;12.898796081542969;
24175500;13.185943603515625;
24184500;13.036849975585937;
24193500;12.857025146484375;
24202500;12.185829162597656;
24211500;12.59906005859375;
24220500;12.538917541503906;
24229500;13.217048645019531;
24238500;13.449722290039063;
24247500;13.025192260742187;
24256500;12.414604187011719;
24265500;12.04864501953125;
24274500;12.30902099609375;
24283500;12.882545471191406;
24292500;12.892852783203125;
24301500;13.060325622558594;
24310500;13.024513244628906;
24319500;12.897476196289063;
24328500;13.424209594726562;
24337500;13.429725646972656;
24346500;13.726280212402344;
24355500;12.591575622558594;
24364500;11.993850708007812;
24373500;12.253105163574219;
24382500;12.985198974609375;
24391500;12.921051025390625;
24400500;13.157363891601563;
24409500;12.734489440917969;
24418500;12.568489074707031;
24427500;12.713653564453125;
24436500;12.801658630371094;
24445500;12.556770324707031;
24454500;12.468612670898437;
24463500;12.599868774414063;
24472500;12.401435852050781;
24481500;12.862632751464844;
24490500;12.983551025390625;
24499500;12.815528869628906;
24508500;12.768280029296875;
24517500;13.112014770507813;
24526500;13.838661193847656;
24535500;14.078254699707031;
24544500;13.42706298828125;
24553500;12.863258361816406;
24562500;12.93450927734375;
24571500;13.392929077148437;
24580500;13.847076416015625;
24589500;14.372291564941406;
24598500;14.026931762695312;
24607500;13.734962463378906;
24616500;13.668487548828125;
24625500;14.46124267578125;
24634500;13.98077392578125;
24643500;13.018394470214844;
24652500;12.492935180664063;
24661500;12.444381713867188;
24670500;12.877281188964844;
24679500;13.220603942871094;
24688500;13.065086364746094;
24697500;12.728179931640625;
24706500;12.344886779785156;
24715500;12.32232666015625;
24724500;13.11102294921875;
24733500;13.45794677734375;
24742500;13.271232604980469;
24751500;13.197151184082031;
24760500;12.98162841796875;
24769500;13.321311950683594;
24778500;13.988327026367188;
24787500;13.966804504394531;
24796500;13.541206359863281;
24805500;12.759635925292969;
24814500;12.613502502441406;
24823500;13.179512023925781;
24832500;13.675849914550781;
24841500;13.645004272460938;
24850500;13.057289123535156;
24859500;12.244270324707031;
24868500;12.348373413085938;
24877500;13.205764770507813;
24886500;13.730445861816406;
24895500;13.863914489746094;
24904500;13.326393127441406;
24913500;12.609970092773438;
24922500;12.920394897460938;
24931500;13.522956848144531;
24940500;13.748001098632813;
24949500;13.221755981445313;
24958500;12.36383056640625;
24967500;11.688949584960937;
24976500;12.463813781738281;
24985500;13.324058532714844;
24994500;13.945022583007813;
25003500;13.585128784179688;
25012500;12.285697937011719;
25021500;12.198707580566406;
25030500;12.937896728515625;
25039500;13.600662231445312;
25048500;13.968605041503906;
25057500;13.310699462890625;
25066500;12.176437377929688;
25075500;12.447853088378906;
25084500;13.598556518554688;
25093500;14.16162109375;
25102500;14.391937255859375;
25111500;13.290946960449219;
25120500;12.686508178710938;
25129500;13.421104431152344;
25138500;14.092887878417969;
25147500;14.73187255859375;
25156500;14.639823913574219;
25165500;13.571296691894531;
25174500;13.2733154296875;
25183500;13.52880859375;
25192500;14.224632263183594;
25201500;14.483352661132813;
25210500;13.993560791015625;
25219500;13.331108093261719;
25228500;13.422142028808594;
25237500;13.777168273925781;
25246500;14.378150939941406;
25255500;14.717483520507813;
25264500;14.207717895507813;
25273500;13.497352600097656;
25282500;14.061927795410156;
25291500;14.268463134765625;
25300500;14.433319091796875;
25309500;14.512496948242188;
25318500;14.008407592773437;
25327500;13.498580932617188;
25336500;14.043006896972656;
25345500;15.697952270507813;
25354500;14.695602416992188;
25363500;14.753067016601563;
25372500;14.861038208007812;
25381500;15.024642944335937;
25390500;15.289146423339844;
25399500;15.493881225585938;
25408500;15.858718872070313;
25417500;15.255691528320312;
25426500;14.994926452636719;
25435500;15.051933288574219;
25444500;15.600479125976563;
25453500;16.603935241699219;
25462500;17.591636657714844;
25471500;18.206146240234375;
25480500;18.438179016113281;
25489500;18.684471130371094;
25498500;18.902305603027344;
25507500;19.013786315917969;
25516500;18.710777282714844;
25525500;18.410568237304687;
25534500;17.859573364257813;
25543500;17.2197265625;
25552500;16.591484069824219;
25561500;16.765800476074219;
25570500;16.5760498046875;
25579500;15.18707275390625;
25588500;15.51611328125;
25597500;15.4609375;
25606500;15.463485717773438;
25615500;15.444511413574219;
25624500;15.209869384765625;
25633500;15.155738830566406;
25642500;15.254425048828125;
25651500;15.848602294921875;
25660500;14.828025817871094;
25669500;14.1195068359375;
25678500;14.155036926269531;
25687500;14.601837158203125;
25696500;14.830764770507812;
25705500;14.995964050292969;
25714500;14.553268432617188;
25723500;14.032539367675781;
25732500;14.480194091796875;
25741500;14.895835876464844;
25750500;15.122398376464844;
25759500;14.977310180664063;
25768500;14.750289916992188;
25777500;14.413139343261719;
25786500;14.772415161132813;
25795500;15.065109252929688;
25804500;15.461631774902344;
25813500;14.954391479492188;
25822500;14.551094055175781;
25831500;15.085472106933594;
25840500;15.186515808105469;
25849500;15.286231994628906;
25858500;15.360092163085938;
25867500;14.91204833984375;
25876500;14.642288208007812;
25885500;14.486244201660156;
25894500;15.165412902832031;
25903500;15.468910217285156;
25912500;15.292625427246094;
25921500;14.760879516601562;
25930500;14.6595458984375;
25939500;14.848762512207031;
25948500;15.734947204589844;
25957500;16.979515075683594;
25966500;17.308319091796875;
25975500;18.049560546875;
25984500;14.836593627929688;
25993500;15.2049560546875;
26002500;15.59649658203125;
26011500;16.682426452636719;
26020500;16.832862854003906;
26029500;14.689773559570313;
26038500;14.882698059082031;
26047500;15.367294311523437;
26056500;15.916969299316406;
26065500;15.8782958984375;
26074500;15.831069946289063;
26083500;15.558364868164062;
26092500;15.811141967773438;
26101500;16.206222534179687;
26110500;16.3438720703125;
26119500;15.890670776367187;
26128500;15.752029418945313;
26137500;15.744415283203125;
26146500;15.723625183105469;
26155500;15.967796325683594;
26164500;16.020156860351562;
26173500;15.966758728027344;
26182500;15.565193176269531;
26191500;16.191329956054688;
26200500;16.162246704101563;
26209500;16.211990356445312;
26218500;16.367652893066406;
26227500;16.02374267578125;
26236500;15.650642395019531;
26245500;15.690185546875;
26254500;16.024528503417969;
26263500;16.747444152832031;
26272500;16.410423278808594;
26281500;16.757972717285156;
26290500;16.309646606445312;
26299500;16.172828674316406;
26308500;16.48114013671875;
26317500;17.010589599609375;
26326500;16.775558471679688;
26335500;16.527641296386719;
26344500;16.565322875976563;
26353500;16.676124572753906;
26362500;16.756362915039063;
26371500;18.296844482421875;
26380500;19.260093688964844;
26389500;16.678604125976562;
26398500;16.579071044921875;
26407500;16.640205383300781;
26416500;17.034088134765625;
26425500;17.010200500488281;
26434500;16.854827880859375;
26443500;16.750877380371094;
26452500;16.711029052734375;
26461500;17.152137756347656;
26470500;17.022796630859375;
26479500;16.684242248535156;
26488500;16.728057861328125;
26497500;16.772941589355469;
26506500;16.936019897460937;
26515500;17.109237670898437;
26524500;16.720024108886719;
26533500;16.988212585449219;
26542500;17.011360168457031;
26551500;17.336700439453125;
26560500;17.276741027832031;
26569500;17.257598876953125;
26578500;17.282623291015625;
26587500;16.936820983886719;
26596500;17.010749816894531;
26605500;17.316184997558594;
26614500;17.262710571289063;
26623500;17.255172729492188;
26632500;17.350746154785156;
26641500;17.793121337890625;
26650500;17.093292236328125;
26659500;17.365493774414063;
26668500;17.337165832519531;
26677500;17.182945251464844;
26686500;16.969223022460938;
26695500;17.127082824707031;
26704500;16.710113525390625;
26713500;17.048568725585938;
26722500;17.685165405273438;
26731500;18.213813781738281;
26740500;16.848876953125;
26749500;16.707862854003906;
26758500;16.953376770019531;
26767500;17.146614074707031;
26776500;17.350135803222656;
26785500;18.516059875488281;
26794500;16.184364318847656;
26803500;16.628326416015625;
26812500;18.133087158203125;
26821500;17.876289367675781;
26830500;16.452667236328125;
26839500;16.152137756347656;
26848500;15.991241455078125;
26857500;16.135688781738281;
26866500;16.647216796875;
26875500;17.005317687988281;
26884500;16.257057189941406;
26893500;16.053611755371094;
26902500;17.54229736328125;
26911500;17.09246826171875;
26920500;16.508392333984375;
26929500;16.463706970214844;
26938500;15.989891052246094;
26947500;16.0611572265625;
26956500;16.130859375;
26965500;17.016502380371094;
26974500;17.550994873046875;
26983500;17.936569213867188;
26992500;18.267898559570312;
27001500;20.112030029296875;
27010500;18.902969360351563;
27019500;17.491050720214844;
27028500;17.10040283203125;
27037500;16.533050537109375;
27046500;15.478919982910156;
27055500;15.110443115234375;
27064500;15.013687133789063;
27073500;15.141426086425781;
27082500;15.939544677734375;
27091500;14.778663635253906;
27100500;14.245941162109375;
27109500;14.388214111328125;
27118500;14.419097900390625;
27127500;14.663650512695312;
27136500;14.451881408691406;
27145500;13.884841918945313;
27154500;13.942001342773438;
27163500;13.870620727539063;
27172500;15.006111145019531;
27181500;14.357353210449219;
27190500;16.916748046875;
27199500;15.651412963867188;
27208500;12.742095947265625;
27217500;12.849365234375;
27226500;13.255416870117188;
27235500;13.514328002929688;
27244500;13.207778930664063;
27253500;13.103401184082031;
27262500;14.312957763671875;
27271500;13.021316528320313;
27280500;12.873062133789063;
27289500;12.567459106445313;
27298500;13.102973937988281;
27307500;12.247306823730469;
27316500;12.014991760253906;
27325500;12.400650024414063;
27334500;12.484619140625;
27343500;13.060317993164063;
27352500;13.974899291992188;
27361500;12.144889831542969;
27370500;11.714393615722656;
27379500;11.681755065917969;
27388500;11.577430725097656;
27397500;11.58935546875;
27406500;11.306320190429688;
27415500;11.298004150390625;
27424500;11.464073181152344;
27433500;12.474777221679687;
27442500;13.363044738769531;
27451500;11.029457092285156;
27460500;10.868194580078125;
27469500;10.85125732421875;
27478500;11.072341918945313;
27487500;10.538345336914062;
27496500;10.307685852050781;
27505500;10.266258239746094;
27514500;10.633918762207031;
27523500;11.156631469726562;
27532500;10.899063110351563;
27541500;10.527374267578125;
27550500;10.212020874023437;
27559500;9.86212158203125;
27568500;10.055946350097656;
27577500;10.077720642089844;
27586500;10.508590698242187;
27595500;11.857780456542969;
27604500;9.9881439208984375;
27613500;10.479255676269531;
27622500;10.0076904296875;
27631500;9.7760391235351562;
27640500;9.6911544799804687;
27649500;9.5898513793945313;
27658500;9.2041702270507812;
27667500;9.507110595703125;
27676500;9.3570098876953125;
27685500;9.5083160400390625;
27694500;9.2194137573242187;
27703500;9.2829513549804687;
27712500;9.0117111206054687;
27721500;9.250030517578125;
27730500;9.0780410766601562;
27739500;9.411529541015625;
27748500;9.130218505859375;
27757500;8.59613037109375;
27766500;8.8338623046875;
27775500;9.1510162353515625;
27784500;9.27252197265625;
27793500;9.652313232421875;
27802500;8.89593505859375;
27811500;8.7874526977539062;
27820500;9.0969696044921875;
27829500;9.1243515014648437;
27838500;9.0173110961914062;
27847500;9.1282806396484375;
27856500;8.723419189453125;
27865500;8.6894149780273437;
27874500;8.9878768920898437;
27883500;9.5159988403320312;
27892500;9.20196533203125;
27901500;9.327972412109375;
27910500;9.2380828857421875;
27919500;9.08203125;
27928500;8.8660049438476563;
27937500;9.224090576171875;
27946500;9.368743896484375;
27955500;9.1226272583007813;
27964500;9.233642578125;
27973500;9.7007904052734375;
27982500;9.287689208984375;
27991500;9.2462921142578125;
28000500;10.107460021972656;
28009500;9.449798583984375;
28018500;9.241546630859375;
28027500;8.9223709106445313;
28036500;9.34912109375;
28045500;9.392120361328125;
28054500;9.5629196166992187;
28063500;9.647369384765625;
28072500;9.3698577880859375;
28081500;9.487701416015625;
28090500;9.865875244140625;
28099500;9.84600830078125;
28108500;9.5377655029296875;
28117500;9.7862472534179687;
28126500;9.6035079956054687;
28135500;9.5076141357421875;
28144500;9.9462509155273437;
28153500;10.241775512695312;
28162500;9.900238037109375;
28171500;9.7458419799804687;
28180500;9.9202041625976563;
28189500;9.9922103881835937;
28198500;9.9598770141601562;
28207500;9.8775177001953125;
28216500;11.049491882324219;
28225500;10.2747802734375;
28234500;9.8882904052734375;
28243500;9.9589309692382812;
28252500;9.9987258911132812;
28261500;9.9742584228515625;
28270500;10.178779602050781;
28279500;10.474349975585937;
28288500;10.071319580078125;
28297500;10.357177734375;
28306500;10.109344482421875;
28315500;10.132957458496094;
28324500;10.530982971191406;
28333500;10.6014404296875;
28342500;10.363410949707031;
28351500;10.124984741210937;
28360500;10.139373779296875;
28369500;10.243156433105469;
28378500;10.279159545898437;
28387500;10.235481262207031;
28396500;10.349273681640625;
28405500;10.881004333496094;
28414500;10.94989013671875;
28423500;10.419143676757812;
28432500;10.852836608886719;
28441500;10.288902282714844;
28450500;10.469192504882812;
28459500;10.892036437988281;
28468500;11.021888732910156;
28477500;10.996238708496094;
28486500;10.926223754882812;
28495500;10.850593566894531;
28504500;11.385841369628906;
28513500;10.959068298339844;
28522500;11.58746337890625;
28531500;10.765289306640625;
28540500;10.774887084960937;
28549500;10.845199584960937;
28558500;11.21148681640625;
28567500;11.242996215820313;
28576500;11.374053955078125;
28585500;11.243797302246094;
28594500;11.265098571777344;
28603500;10.928192138671875;
28612500;11.095184326171875;
28621500;11.191314697265625;
28630500;13.549522399902344;
28639500;13.0447998046875;
28648500;11.297065734863281;
28657500;11.148880004882813;
28666500;11.336181640625;
28675500;11.364616394042969;
28684500;11.604011535644531;
28693500;11.520751953125;
28702500;12.080223083496094;
28711500;12.042266845703125;
28720500;11.743606567382812;
28729500;11.776359558105469;
28738500;11.583541870117188;
28747500;11.9317626953125;
28756500;12.305717468261719;
28765500;12.208854675292969;
28774500;12.07098388671875;
28783500;12.234306335449219;
28792500;12.158126831054688;
28801500;12.384300231933594;
28810500;12.608901977539063;
28819500;12.543220520019531;
28828500;12.618400573730469;
28837500;12.451957702636719;
28846500;12.546112060546875;
28855500;12.702659606933594;
28864500;13.015129089355469;
28873500;12.756935119628906;
28882500;12.826011657714844;
28891500;13.077255249023438;
28900500;12.826271057128906;
28909500;12.687614440917969;
28918500;12.9788818359375;
28927500;13.159477233886719;
28936500;13.275733947753906;
28945500;13.95758056640625;
28954500;13.781097412109375;
28963500;13.465568542480469;
28972500;13.352882385253906;
28981500;13.224456787109375;
28990500;13.127967834472656;
28999500;13.337890625;
29008500;13.963088989257813;
29017500;13.826461791992188;
29026500;13.61236572265625;
29035500;14.413467407226563;
29044500;13.799774169921875;
29053500;13.742851257324219;
29062500;13.9935302734375;
29071500;14.191146850585938;
29080500;13.650466918945312;
29089500;13.973526000976562;
29098500;13.992897033691406;
29107500;13.939384460449219;
29116500;14.179985046386719;
29125500;14.91259765625;
29134500;14.773574829101563;
29143500;14.176048278808594;
29152500;14.350608825683594;
29161500;14.332229614257812;
29170500;14.577659606933594;
29179500;14.708663940429687;
29188500;14.791152954101563;
29197500;14.900299072265625;
29206500;14.850486755371094;
29215500;15.636390686035156;
29224500;15.478790283203125;
29233500;15.177871704101562;
29242500;15.157012939453125;
29251500;15.343917846679688;
29260500;15.266151428222656;
29269500;15.6400146484375;
29278500;15.880165100097656;
29287500;17.701461791992187;
29296500;16.542335510253906;
29305500;16.157852172851563;
29314500;16.521888732910156;
29323500;16.486434936523437;
29332500;16.706748962402344;
29341500;16.84661865234375;
29350500;16.778251647949219;
29359500;16.831214904785156;
29368500;17.282066345214844;
29377500;17.588142395019531;
29386500;17.666160583496094;
29395500;17.782684326171875;
29404500;17.460197448730469;
29413500;17.780105590820313;
29422500;17.813301086425781;
29431500;18.103309631347656;
29440500;18.467216491699219;
29449500;18.184539794921875;
29458500;18.424354553222656;
29467500;18.130409240722656;
29476500;19.14642333984375;
29485500;19.268135070800781;
29494500;18.847587585449219;
29503500;18.870429992675781;
29512500;18.954360961914063;
29521500;19.078445434570313;
29530500;19.032302856445313;
29539500;18.885093688964844;
29548500;18.898971557617188;
29557500;19.122505187988281;
29566500;20.020614624023438;
29575500;19.658447265625;
29584500;19.140937805175781;
29593500;19.613334655761719;
29602500;19.107864379882813;
29611500;19.331954956054688;
29620500;19.835502624511719;
29629500;19.743064880371094;
29638500;19.399734497070313;
29647500;19.626228332519531;
29656500;20.542945861816406;
29665500;22.285346984863281;
29674500;21.176010131835937;
29683500;19.808891296386719;
29692500;19.559455871582031;
29701500;19.510597229003906;
29710500;19.71923828125;
29719500;19.989959716796875;
29728500;20.308799743652344;
29737500;20.318138122558594;
29746500;20.840476989746094;
29755500;20.395584106445313;
29764500;19.85589599609375;
29773500;19.566787719726563;
29782500;19.617561340332031;
29791500;19.214195251464844;
29800500;26.206153869628906;
29809500;26.111045837402344;
29818500;19.935638427734375;
29827500;22.558616638183594;
29836500;19.943855285644531;
29845500;19.444931030273438;
29854500;19.424171447753906;
29863500;19.680473327636719;
29872500;19.898086547851563;
29881500;19.88653564453125;
29890500;19.747238159179687;
29899500;19.762962341308594;
29908500;19.545608520507812;
29917500;19.780029296875;
29926500;21.004493713378906;
29935500;19.642913818359375;
29944500;19.664215087890625;
29953500;19.530235290527344;
29962500;20.134750366210938;
29971500;20.292816162109375;
29980500;20.486907958984375;
29989500;20.846817016601563;
29998500;24.288688659667969;
