Type;FSV-13;
Version;3.70;
Date;14.Mar 24;
Mode;ANALYZER;
Center Freq;15076500.000000;Hz
Freq Offset;0.000000;Hz
Span;29844000.000000;Hz
x-Axis;LIN;
Start;154500.000000;Hz
Stop;29998500.000000;Hz
Ref Level;61.000000;dBµV
Level Offset;0.000000;dB
Ref Position;100.000000;%
y-Axis;LOG;
Level Range;100.000000;dB
Rf Att;0.000000;dB
El Att;0.000000;dB
RBW;9000.000000;Hz
VBW;100000.000000;Hz
SWT;0.100000;s
Trace Mode;AVERAGE;
Detector;RMS;
Sweep Count;0;
Trace 1:;;
x-Unit;Hz;
y-Unit;dBµV;
Preamplifier;OFF;
Transducer;OFF;
Values;3317;
154500;34.331291198730469;
163500;28.458084106445313;
172500;31.220001220703125;
181500;26.291267395019531;
190500;31.212890625;
199500;33.473876953125;
208500;31.076179504394531;
217500;29.922264099121094;
226500;27.209785461425781;
235500;32.353836059570312;
244500;29.669235229492188;
253500;31.665740966796875;
262500;29.67254638671875;
271500;33.138046264648437;
280500;33.747879028320312;
289500;37.69793701171875;
298500;33.375381469726563;
307500;31.603240966796875;
316500;37.563636779785156;
325500;31.69012451171875;
334500;29.187896728515625;
343500;20.6737060546875;
352500;29.049392700195313;
361500;27.926803588867188;
370500;30.346511840820313;
379500;23.846397399902344;
388500;20.083389282226562;
397500;25.310173034667969;
406500;27.333183288574219;
415500;26.013145446777344;
424500;23.032318115234375;
433500;22.028762817382812;
442500;21.815589904785156;
451500;25.570648193359375;
460500;21.789154052734375;
469500;20.26019287109375;
478500;21.26373291015625;
487500;24.304046630859375;
496500;23.413223266601563;
505500;18.717582702636719;
514500;17.435417175292969;
523500;19.345458984375;
532500;21.924995422363281;
541500;17.147331237792969;
550500;17.05181884765625;
559500;17.582054138183594;
568500;21.415924072265625;
577500;20.67559814453125;
586500;17.186965942382813;
595500;17.526420593261719;
604500;14.822395324707031;
613500;15.464752197265625;
622500;14.030174255371094;
631500;16.657890319824219;
640500;17.37213134765625;
649500;17.940689086914062;
658500;17.38055419921875;
667500;16.779083251953125;
676500;25.419464111328125;
685500;20.513298034667969;
694500;21.880081176757812;
703500;21.131088256835937;
712500;28.905029296875;
721500;28.273880004882812;
730500;27.810340881347656;
739500;25.381248474121094;
748500;27.494071960449219;
757500;35.732933044433594;
766500;31.147056579589844;
775500;29.380218505859375;
784500;27.459457397460938;
793500;38.463890075683594;
802500;36.347259521484375;
811500;38.1123046875;
820500;31.542144775390625;
829500;35.138046264648437;
838500;42.790802001953125;
847500;43.915790557861328;
856500;40.849868774414063;
865500;37.386184692382812;
874500;45.397769927978516;
883500;47.563514709472656;
892500;51.642608642578125;
901500;44.861778259277344;
910500;42.364158630371094;
919500;45.793685913085937;
928500;54.896697998046875;
937500;49.982101440429688;
946500;45.465343475341797;
955500;45.847309112548828;
964500;48.553150177001953;
973500;52.506752014160156;
982500;44.246803283691406;
991500;44.809555053710938;
1000500;47.493862152099609;
1009500;48.923595428466797;
1018500;43.313888549804687;
1027500;40.290390014648438;
1036500;48.8106689453125;
1045500;42.303482055664062;
1054500;42.955772399902344;
1063500;38.920501708984375;
1072500;43.313190460205078;
1081500;44.565486907958984;
1090500;36.993659973144531;
1099500;33.58367919921875;
1108500;33.87506103515625;
1117500;42.5916748046875;
1126500;31.64007568359375;
1135500;27.61529541015625;
1144500;31.149925231933594;
1153500;36.780570983886719;
1162500;34.985565185546875;
1171500;25.188911437988281;
1180500;26.373306274414062;
1189500;26.785919189453125;
1198500;33.465721130371094;
1207500;24.50439453125;
1216500;27.316848754882813;
1225500;27.861846923828125;
1234500;31.353599548339844;
1243500;30.256393432617188;
1252500;26.465087890625;
1261500;23.76898193359375;
1270500;22.444793701171875;
1279500;24.242027282714844;
1288500;20.258155822753906;
1297500;18.12518310546875;
1306500;17.770942687988281;
1315500;18.893630981445313;
1324500;25.866645812988281;
1333500;23.500480651855469;
1342500;18.082504272460937;
1351500;16.551559448242188;
1360500;18.642013549804688;
1369500;20.839515686035156;
1378500;24.58477783203125;
1387500;24.980384826660156;
1396500;25.432731628417969;
1405500;25.500045776367188;
1414500;27.442558288574219;
1423500;24.970817565917969;
1432500;22.856475830078125;
1441500;23.518821716308594;
1450500;22.910789489746094;
1459500;22.6558837890625;
1468500;21.704185485839844;
1477500;26.053794860839844;
1486500;20.88641357421875;
1495500;21.440025329589844;
1504500;25.074287414550781;
1513500;27.019325256347656;
1522500;27.109603881835938;
1531500;23.716896057128906;
1540500;28.295310974121094;
1549500;29.218528747558594;
1558500;32.750541687011719;
1567500;29.301643371582031;
1576500;29.931022644042969;
1585500;31.462501525878906;
1594500;33.870315551757813;
1603500;32.539718627929687;
1612500;31.879119873046875;
1621500;31.789192199707031;
1630500;32.086341857910156;
1639500;37.162429809570313;
1648500;33.824615478515625;
1657500;33.513290405273438;
1666500;33.072425842285156;
1675500;37.603347778320312;
1684500;35.181106567382812;
1693500;36.424530029296875;
1702500;34.238021850585937;
1711500;34.014183044433594;
1720500;38.046623229980469;
1729500;35.405677795410156;
1738500;33.651275634765625;
1747500;31.828804016113281;
1756500;36.387107849121094;
1765500;32.104888916015625;
1774500;33.324874877929687;
1783500;29.849739074707031;
1792500;30.317031860351563;
1801500;33.767005920410156;
1810500;30.190704345703125;
1819500;27.871994018554687;
1828500;26.803970336914063;
1837500;32.521903991699219;
1846500;26.609161376953125;
1855500;27.012641906738281;
1864500;27.681709289550781;
1873500;27.825218200683594;
1882500;28.614791870117188;
1891500;23.565475463867188;
1900500;25.181472778320313;
1909500;25.828697204589844;
1918500;27.301414489746094;
1927500;23.035346984863281;
1936500;22.176582336425781;
1945500;26.47705078125;
1954500;24.788871765136719;
1963500;24.159858703613281;
1972500;22.680999755859375;
1981500;24.78497314453125;
1990500;24.314369201660156;
1999500;25.746223449707031;
2008500;22.485794067382813;
2017500;22.226470947265625;
2026500;24.647781372070313;
2035500;25.307083129882813;
2044500;23.775382995605469;
2053500;22.3314208984375;
2062500;22.910560607910156;
2071500;22.250587463378906;
2080500;25.811851501464844;
2089500;21.037338256835938;
2098500;20.299690246582031;
2107500;21.231307983398438;
2116500;24.264381408691406;
2125500;21.367698669433594;
2134500;20.076286315917969;
2143500;19.322372436523437;
2152500;19.548583984375;
2161500;23.074325561523438;
2170500;18.3834228515625;
2179500;16.695541381835938;
2188500;17.31475830078125;
2197500;21.259506225585938;
2206500;17.593124389648437;
2215500;17.268379211425781;
2224500;15.814620971679687;
2233500;16.529586791992187;
2242500;18.349174499511719;
2251500;15.914947509765625;
2260500;15.066413879394531;
2269500;14.23504638671875;
2278500;17.821014404296875;
2287500;14.232002258300781;
2296500;16.076522827148437;
2305500;22.635032653808594;
2314500;15.633674621582031;
2323500;16.383384704589844;
2332500;15.172782897949219;
2341500;14.598548889160156;
2350500;14.433441162109375;
2359500;18.116607666015625;
2368500;15.004127502441406;
2377500;15.741622924804688;
2386500;22.83209228515625;
2395500;28.577278137207031;
2404500;18.053421020507813;
2413500;15.965950012207031;
2422500;16.17376708984375;
2431500;16.033798217773437;
2440500;19.096488952636719;
2449500;14.986236572265625;
2458500;15.54656982421875;
2467500;16.854156494140625;
2476500;24.700859069824219;
2485500;26.656265258789063;
2494500;16.179725646972656;
2503500;14.942436218261719;
2512500;16.585594177246094;
2521500;20.549636840820312;
2530500;17.867698669433594;
2539500;17.090751647949219;
2548500;17.040367126464844;
2557500;20.820655822753906;
2566500;22.656478881835938;
2575500;22.941658020019531;
2584500;18.166351318359375;
2593500;19.798019409179687;
2602500;21.437980651855469;
2611500;19.425094604492188;
2620500;17.675544738769531;
2629500;16.939323425292969;
2638500;20.949638366699219;
2647500;18.558647155761719;
2656500;19.605567932128906;
2665500;18.255569458007812;
2674500;19.122833251953125;
2683500;20.322990417480469;
2692500;18.724632263183594;
2701500;16.794296264648438;
2710500;16.575431823730469;
2719500;20.541801452636719;
2728500;17.640731811523438;
2737500;17.345100402832031;
2746500;17.887069702148437;
2755500;19.374137878417969;
2764500;19.382843017578125;
2773500;16.95758056640625;
2782500;15.305412292480469;
2791500;15.688796997070313;
2800500;19.675949096679687;
2809500;15.954307556152344;
2818500;15.186050415039062;
2827500;15.129936218261719;
2836500;22.489395141601563;
2845500;19.022048950195313;
2854500;17.02203369140625;
2863500;15.10894775390625;
2872500;15.187995910644531;
2881500;18.602279663085937;
2890500;16.372329711914062;
2899500;15.538543701171875;
2908500;14.920188903808594;
2917500;18.842628479003906;
2926500;24.58538818359375;
2935500;17.904731750488281;
2944500;14.75738525390625;
2953500;14.706489562988281;
2962500;17.604133605957031;
2971500;15.701286315917969;
2980500;15.228744506835938;
2989500;16.119209289550781;
2998500;20.557327270507813;
3007500;18.973892211914063;
3016500;24.109977722167969;
3025500;15.753883361816406;
3034500;15.633285522460938;
3043500;17.09765625;
3052500;15.269149780273438;
3061500;14.890388488769531;
3070500;14.960739135742188;
3079500;18.088066101074219;
3088500;16.274818420410156;
3097500;18.331451416015625;
3106500;21.0872802734375;
3115500;15.679191589355469;
3124500;16.556007385253906;
3133500;14.983314514160156;
3142500;14.764694213867187;
3151500;14.759323120117188;
3160500;17.916130065917969;
3169500;16.96514892578125;
3178500;16.985282897949219;
3187500;17.5472412109375;
3196500;18.17724609375;
3205500;17.015365600585937;
3214500;16.472236633300781;
3223500;15.738502502441406;
3232500;16.216690063476562;
3241500;18.337425231933594;
3250500;17.947189331054688;
3259500;17.995697021484375;
3268500;17.434226989746094;
3277500;17.8206787109375;
3286500;17.384567260742188;
3295500;17.8275146484375;
3304500;17.578338623046875;
3313500;18.109642028808594;
3322500;19.930068969726563;
3331500;20.719642639160156;
3340500;21.027481079101563;
3349500;20.617156982421875;
3358500;20.372512817382812;
3367500;23.232452392578125;
3376500;21.982833862304688;
3385500;20.150321960449219;
3394500;20.419639587402344;
3403500;21.4306640625;
3412500;21.901756286621094;
3421500;21.575279235839844;
3430500;21.318817138671875;
3439500;21.043197631835938;
3448500;20.060829162597656;
3457500;26.152053833007813;
3466500;22.229080200195313;
3475500;20.463485717773438;
3484500;21.512565612792969;
3493500;22.589515686035156;
3502500;23.096656799316406;
3511500;22.151947021484375;
3520500;21.258651733398438;
3529500;20.322906494140625;
3538500;20.624038696289063;
3547500;24.554443359375;
3556500;20.628143310546875;
3565500;20.626823425292969;
3574500;20.826789855957031;
3583500;20.652015686035156;
3592500;20.116630554199219;
3601500;19.581939697265625;
3610500;18.557113647460938;
3619500;18.604156494140625;
3628500;18.449325561523438;
3637500;20.482658386230469;
3646500;19.317062377929688;
3655500;19.72418212890625;
3664500;20.147850036621094;
3673500;19.685379028320313;
3682500;19.576515197753906;
3691500;18.914939880371094;
3700500;19.010063171386719;
3709500;18.695083618164063;
3718500;19.180763244628906;
3727500;19.206512451171875;
3736500;19.3553466796875;
3745500;19.307334899902344;
3754500;19.11529541015625;
3763500;19.360145568847656;
3772500;18.500137329101563;
3781500;17.8670654296875;
3790500;18.083457946777344;
3799500;18.508560180664062;
3808500;18.118316650390625;
3817500;18.46435546875;
3826500;18.649520874023438;
3835500;18.361885070800781;
3844500;18.689315795898438;
3853500;17.929885864257813;
3862500;17.949554443359375;
3871500;17.994270324707031;
3880500;18.182060241699219;
3889500;17.699928283691406;
3898500;17.945526123046875;
3907500;17.566703796386719;
3916500;17.7159423828125;
3925500;17.79351806640625;
3934500;16.978294372558594;
3943500;16.53900146484375;
3952500;16.335494995117188;
3961500;16.760498046875;
3970500;16.225074768066406;
3979500;16.491355895996094;
3988500;16.363014221191406;
3997500;16.909858703613281;
4006500;16.673088073730469;
4015500;16.386756896972656;
4024500;15.802421569824219;
4033500;16.1719970703125;
4042500;16.602310180664062;
4051500;16.309432983398437;
4060500;16.569107055664063;
4069500;16.565834045410156;
4078500;17.240592956542969;
4087500;17.273124694824219;
4096500;17.041976928710937;
4105500;16.780548095703125;
4114500;16.712333679199219;
4123500;17.71514892578125;
4132500;17.71917724609375;
4141500;17.742881774902344;
4150500;18.050155639648437;
4159500;18.557807922363281;
4168500;18.903526306152344;
4177500;18.849044799804687;
4186500;19.111236572265625;
4195500;19.756324768066406;
4204500;20.164558410644531;
4213500;20.173843383789063;
4222500;20.563278198242188;
4231500;20.616622924804688;
4240500;21.386444091796875;
4249500;21.152610778808594;
4258500;21.56640625;
4267500;21.457366943359375;
4276500;21.523246765136719;
4285500;21.685951232910156;
4294500;22.1199951171875;
4303500;21.802780151367188;
4312500;22.195343017578125;
4321500;22.072914123535156;
4330500;22.33990478515625;
4339500;21.876388549804687;
4348500;22.116851806640625;
4357500;22.061271667480469;
4366500;22.04241943359375;
4375500;21.858329772949219;
4384500;21.588020324707031;
4393500;21.668449401855469;
4402500;21.512901306152344;
4411500;21.068939208984375;
4420500;21.266471862792969;
4429500;20.785675048828125;
4438500;20.7232666015625;
4447500;20.10809326171875;
4456500;19.868370056152344;
4465500;19.922203063964844;
4474500;19.207931518554687;
4483500;19.594200134277344;
4492500;18.875923156738281;
4501500;18.656150817871094;
4510500;18.216949462890625;
4519500;18.2108154296875;
4528500;18.365310668945313;
4537500;17.523239135742188;
4546500;16.923095703125;
4555500;16.809776306152344;
4564500;16.786964416503906;
4573500;16.526565551757813;
4582500;16.021827697753906;
4591500;15.619102478027344;
4600500;15.900711059570312;
4609500;15.863639831542969;
4618500;15.890571594238281;
4627500;14.558151245117187;
4636500;14.515304565429688;
4645500;14.871208190917969;
4654500;14.219482421875;
4663500;13.89105224609375;
4672500;13.434959411621094;
4681500;14.58251953125;
4690500;13.89898681640625;
4699500;14.886405944824219;
4708500;13.989974975585937;
4717500;13.352546691894531;
4726500;14.237564086914063;
4735500;13.750274658203125;
4744500;13.553276062011719;
4753500;13.540061950683594;
4762500;14.397377014160156;
4771500;13.887786865234375;
4780500;14.033668518066406;
4789500;14.458122253417969;
4798500;14.605781555175781;
4807500;14.489181518554687;
4816500;14.660362243652344;
4825500;14.592231750488281;
4834500;14.540657043457031;
4843500;15.2939453125;
4852500;14.870597839355469;
4861500;15.18792724609375;
4870500;14.760635375976563;
4879500;15.443893432617188;
4888500;15.770484924316406;
4897500;16.061126708984375;
4906500;16.015342712402344;
4915500;15.606819152832031;
4924500;16.263046264648438;
4933500;15.984367370605469;
4942500;16.176910400390625;
4951500;15.793357849121094;
4960500;16.529396057128906;
4969500;18.237869262695313;
4978500;16.754554748535156;
4987500;16.494682312011719;
4996500;16.521705627441406;
5005500;16.568885803222656;
5014500;15.958915710449219;
5023500;16.084747314453125;
5032500;15.803390502929687;
5041500;16.269081115722656;
5050500;17.690391540527344;
5059500;21.570602416992188;
5068500;16.421653747558594;
5077500;16.186126708984375;
5086500;16.168624877929687;
5095500;15.721481323242188;
5104500;15.313522338867188;
5113500;14.886695861816406;
5122500;15.729705810546875;
5131500;15.555747985839844;
5140500;19.6490478515625;
5149500;22.631881713867188;
5158500;16.072502136230469;
5167500;15.909133911132813;
5176500;15.506240844726563;
5185500;15.345390319824219;
5194500;15.436714172363281;
5203500;15.987884521484375;
5212500;16.075592041015625;
5221500;16.450996398925781;
5230500;20.260307312011719;
5239500;21.56817626953125;
5248500;16.852333068847656;
5257500;16.674819946289063;
5266500;16.047470092773438;
5275500;15.66595458984375;
5284500;16.115386962890625;
5293500;15.986068725585937;
5302500;16.55145263671875;
5311500;16.5635986328125;
5320500;18.655494689941406;
5329500;18.167572021484375;
5338500;17.127388000488281;
5347500;16.524688720703125;
5356500;16.76446533203125;
5365500;17.280662536621094;
5374500;17.277107238769531;
5383500;17.6273193359375;
5392500;17.919769287109375;
5401500;18.339599609375;
5410500;18.149055480957031;
5419500;18.274917602539063;
5428500;17.672927856445313;
5437500;17.5128173828125;
5446500;17.340301513671875;
5455500;16.982734680175781;
5464500;17.028038024902344;
5473500;17.25555419921875;
5482500;17.767433166503906;
5491500;17.533821105957031;
5500500;17.886154174804688;
5509500;17.141029357910156;
5518500;17.056228637695312;
5527500;17.30120849609375;
5536500;17.112236022949219;
5545500;17.311141967773438;
5554500;17.642501831054687;
5563500;18.18792724609375;
5572500;17.820953369140625;
5581500;17.630599975585938;
5590500;18.453880310058594;
5599500;17.291740417480469;
5608500;16.926422119140625;
5617500;16.676399230957031;
5626500;16.306503295898437;
5635500;16.521858215332031;
5644500;16.442031860351563;
5653500;16.224433898925781;
5662500;16.369216918945313;
5671500;16.079879760742187;
5680500;18.517532348632813;
5689500;15.857650756835937;
5698500;15.476982116699219;
5707500;14.830673217773438;
5716500;15.181594848632812;
5725500;15.633857727050781;
5734500;15.413848876953125;
5743500;15.396026611328125;
5752500;14.955131530761719;
5761500;16.123573303222656;
5770500;18.137252807617188;
5779500;14.202369689941406;
5788500;13.917388916015625;
5797500;13.91650390625;
5806500;14.103225708007812;
5815500;13.957046508789063;
5824500;13.415084838867188;
5833500;13.483634948730469;
5842500;13.586631774902344;
5851500;14.562881469726563;
5860500;15.872093200683594;
5869500;12.184822082519531;
5878500;12.8956298828125;
5887500;13.275733947753906;
5896500;13.451583862304687;
5905500;13.04742431640625;
5914500;12.849021911621094;
5923500;13.685874938964844;
5932500;13.265716552734375;
5941500;13.690826416015625;
5950500;13.159828186035156;
5959500;13.6021728515625;
5968500;13.884506225585937;
5977500;13.47296142578125;
5986500;13.241874694824219;
5995500;13.170669555664063;
6004500;13.518341064453125;
6013500;13.595619201660156;
6022500;13.444686889648437;
6031500;14.548759460449219;
6040500;13.840805053710938;
6049500;13.520606994628906;
6058500;13.918426513671875;
6067500;13.153732299804688;
6076500;13.570060729980469;
6085500;13.383682250976562;
6094500;13.621345520019531;
6103500;13.693222045898438;
6112500;13.069564819335937;
6121500;18.375450134277344;
6130500;15.125907897949219;
6139500;13.641777038574219;
6148500;13.11260986328125;
6157500;12.739128112792969;
6166500;13.6326904296875;
6175500;13.036903381347656;
6184500;13.005279541015625;
6193500;12.30438232421875;
6202500;12.557670593261719;
6211500;19.87957763671875;
6220500;14.300712585449219;
6229500;12.256767272949219;
6238500;11.74566650390625;
6247500;12.337486267089844;
6256500;12.689773559570313;
6265500;11.545356750488281;
6274500;11.9405517578125;
6283500;11.864768981933594;
6292500;12.951263427734375;
6301500;20.537849426269531;
6310500;12.009323120117187;
6319500;12.239578247070313;
6328500;12.138206481933594;
6337500;12.403335571289063;
6346500;12.272186279296875;
6355500;10.483009338378906;
6364500;12.996284484863281;
6373500;11.39300537109375;
6382500;14.253280639648438;
6391500;19.262580871582031;
6400500;11.565826416015625;
6409500;13.261978149414063;
6418500;12.175773620605469;
6427500;12.271759033203125;
6436500;11.844291687011719;
6445500;12.257278442382812;
6454500;13.295631408691406;
6463500;12.064865112304687;
6472500;12.856849670410156;
6481500;13.800186157226563;
6490500;12.2095947265625;
6499500;14.444580078125;
6508500;11.595787048339844;
6517500;12.977165222167969;
6526500;13.7364501953125;
6535500;13.095123291015625;
6544500;14.369674682617188;
6553500;12.230476379394531;
6562500;15.570198059082031;
6571500;15.908210754394531;
6580500;14.674331665039062;
6589500;14.091949462890625;
6598500;13.04364013671875;
6607500;15.797447204589844;
6616500;14.3349609375;
6625500;14.636085510253906;
6634500;14.694900512695313;
6643500;14.783889770507812;
6652500;21.121040344238281;
6661500;20.572509765625;
6670500;15.153175354003906;
6679500;15.653984069824219;
6688500;16.069412231445313;
6697500;16.979637145996094;
6706500;15.957435607910156;
6715500;16.160980224609375;
6724500;17.188430786132812;
6733500;16.769546508789063;
6742500;24.376823425292969;
6751500;21.148147583007813;
6760500;17.477813720703125;
6769500;17.762489318847656;
6778500;18.122116088867188;
6787500;17.76605224609375;
6796500;16.9630126953125;
6805500;18.382942199707031;
6814500;17.825950622558594;
6823500;18.369277954101563;
6832500;25.154655456542969;
6841500;19.970283508300781;
6850500;18.493415832519531;
6859500;18.620780944824219;
6868500;17.567298889160156;
6877500;17.545211791992188;
6886500;18.241447448730469;
6895500;18.200721740722656;
6904500;18.031440734863281;
6913500;17.614631652832031;
6922500;22.772842407226562;
6931500;18.146194458007813;
6940500;18.666412353515625;
6949500;16.037071228027344;
6958500;16.557090759277344;
6967500;17.90521240234375;
6976500;16.741249084472656;
6985500;17.588813781738281;
6994500;15.617767333984375;
7003500;17.319206237792969;
7012500;17.963714599609375;
7021500;18.350563049316406;
7030500;17.00555419921875;
7039500;16.502517700195313;
7048500;18.787895202636719;
7057500;18.663795471191406;
7066500;18.457656860351563;
7075500;18.192039489746094;
7084500;19.172683715820313;
7093500;19.983551025390625;
7102500;21.619651794433594;
7111500;19.712181091308594;
7120500;20.320953369140625;
7129500;21.154876708984375;
7138500;22.076568603515625;
7147500;21.56097412109375;
7156500;21.713180541992188;
7165500;22.899635314941406;
7174500;23.06011962890625;
7183500;25.678627014160156;
7192500;27.077232360839844;
7201500;23.947685241699219;
7210500;24.771659851074219;
7219500;25.10760498046875;
7228500;24.929443359375;
7237500;25.061042785644531;
7246500;26.009567260742187;
7255500;25.924423217773438;
7264500;26.401557922363281;
7273500;29.598808288574219;
7282500;29.991165161132812;
7291500;26.990875244140625;
7300500;27.540374755859375;
7309500;27.018348693847656;
7318500;27.364524841308594;
7327500;27.834197998046875;
7336500;27.908859252929687;
7345500;28.225616455078125;
7354500;27.683013916015625;
7363500;32.165718078613281;
7372500;31.365066528320312;
7381500;28.739501953125;
7390500;28.21453857421875;
7399500;27.923423767089844;
7408500;28.44696044921875;
7417500;28.52691650390625;
7426500;28.468360900878906;
7435500;27.740287780761719;
7444500;28.262260437011719;
7453500;32.233802795410156;
7462500;29.902847290039062;
7471500;27.437446594238281;
7480500;27.108612060546875;
7489500;27.813301086425781;
7498500;27.749984741210937;
7507500;26.832305908203125;
7516500;26.555145263671875;
7525500;26.911422729492188;
7534500;26.776084899902344;
7543500;28.673255920410156;
7552500;25.926277160644531;
7561500;26.14044189453125;
7570500;26.740753173828125;
7579500;27.280685424804688;
7588500;26.19097900390625;
7597500;25.583602905273437;
7606500;26.985504150390625;
7615500;26.538383483886719;
7624500;27.573036193847656;
7633500;28.397933959960938;
7642500;26.729591369628906;
7651500;27.1353759765625;
7660500;27.738677978515625;
7669500;26.918540954589844;
7678500;26.7314453125;
7687500;27.858123779296875;
7696500;27.777580261230469;
7705500;28.19219970703125;
7714500;28.816627502441406;
7723500;33.112709045410156;
7732500;28.462020874023438;
7741500;28.869949340820313;
7750500;27.817184448242188;
7759500;28.024772644042969;
7768500;28.5880126953125;
7777500;28.871040344238281;
7786500;28.95361328125;
7795500;28.195404052734375;
7804500;30.916984558105469;
7813500;34.000785827636719;
7822500;29.344306945800781;
7831500;28.334663391113281;
7840500;28.261566162109375;
7849500;28.827644348144531;
7858500;28.707527160644531;
7867500;28.691680908203125;
7876500;27.925834655761719;
7885500;28.389717102050781;
7894500;30.943679809570313;
7903500;32.861541748046875;
7912500;27.716102600097656;
7921500;27.426292419433594;
7930500;27.961822509765625;
7939500;28.280982971191406;
7948500;27.426681518554687;
7957500;26.873634338378906;
7966500;27.182601928710938;
7975500;26.824905395507812;
7984500;29.932273864746094;
7993500;29.17767333984375;
8002500;25.950241088867188;
8011500;26.441764831542969;
8020500;26.704605102539062;
8029500;25.515762329101563;
8038500;24.846633911132812;
8047500;25.469375610351563;
8056500;24.970794677734375;
8065500;25.836502075195313;
8074500;24.892555236816406;
8083500;24.559135437011719;
8092500;24.712669372558594;
8101500;25.560279846191406;
8110500;23.687034606933594;
8119500;22.766868591308594;
8128500;24.149314880371094;
8137500;24.063339233398438;
8146500;24.629928588867188;
8155500;22.644515991210938;
8164500;24.192253112792969;
8173500;23.894218444824219;
8182500;25.415985107421875;
8191500;23.288047790527344;
8200500;22.864822387695313;
8209500;24.379127502441406;
8218500;24.642318725585938;
8227500;24.838638305664063;
8236500;23.332443237304688;
8245500;24.544845581054688;
8254500;27.475044250488281;
8263500;26.503021240234375;
8272500;24.260391235351563;
8281500;24.476951599121094;
8290500;25.842384338378906;
8299500;26.280937194824219;
8308500;26.354103088378906;
8317500;25.534912109375;
8326500;26.432418823242188;
8335500;26.978103637695313;
8344500;29.742881774902344;
8353500;26.542129516601563;
8362500;26.780723571777344;
8371500;27.289031982421875;
8380500;27.782203674316406;
8389500;27.601898193359375;
8398500;27.155044555664063;
8407500;27.935615539550781;
8416500;27.953956604003906;
8425500;28.615470886230469;
8434500;28.869430541992188;
8443500;27.938888549804688;
8452500;27.833564758300781;
8461500;28.480094909667969;
8470500;27.934165954589844;
8479500;27.490440368652344;
8488500;28.335296630859375;
8497500;28.070556640625;
8506500;28.429672241210938;
8515500;27.927680969238281;
8524500;27.974197387695313;
8533500;27.728240966796875;
8542500;28.5711669921875;
8551500;27.150238037109375;
8560500;26.953804016113281;
8569500;27.673065185546875;
8578500;27.364547729492187;
8587500;27.608291625976563;
8596500;26.561538696289063;
8605500;26.377891540527344;
8614500;26.559310913085937;
8623500;27.309783935546875;
8632500;25.584083557128906;
8641500;25.431243896484375;
8650500;26.135421752929688;
8659500;26.087615966796875;
8668500;25.992317199707031;
8677500;24.500656127929688;
8686500;24.84906005859375;
8695500;24.929168701171875;
8704500;25.914604187011719;
8713500;23.756942749023438;
8722500;23.500297546386719;
8731500;24.329200744628906;
8740500;24.969993591308594;
8749500;24.32598876953125;
8758500;22.977874755859375;
8767500;23.898971557617188;
8776500;23.897567749023438;
8785500;25.540191650390625;
8794500;23.305397033691406;
8803500;23.22821044921875;
8812500;24.3455810546875;
8821500;25.017036437988281;
8830500;24.149070739746094;
8839500;23.756660461425781;
8848500;24.477859497070313;
8857500;24.55865478515625;
8866500;26.010383605957031;
8875500;24.886848449707031;
8884500;24.861373901367188;
8893500;25.464096069335938;
8902500;26.583206176757812;
8911500;25.765609741210938;
8920500;25.677131652832031;
8929500;26.442550659179688;
8938500;26.736831665039063;
8947500;27.120742797851562;
8956500;26.520256042480469;
8965500;27.065139770507812;
8974500;27.197639465332031;
8983500;28.212608337402344;
8992500;27.454338073730469;
9001500;27.376976013183594;
9010500;28.036735534667969;
9019500;28.192298889160156;
9028500;28.244743347167969;
9037500;27.872970581054688;
9046500;28.018302917480469;
9055500;28.200149536132813;
9064500;28.777748107910156;
9073500;27.965957641601563;
9082500;28.057998657226563;
9091500;28.361137390136719;
9100500;28.402168273925781;
9109500;28.539260864257813;
9118500;27.806480407714844;
9127500;27.903923034667969;
9136500;27.929885864257812;
9145500;28.422325134277344;
9154500;27.511558532714844;
9163500;27.421897888183594;
9172500;27.552772521972656;
9181500;27.752342224121094;
9190500;27.268043518066406;
9199500;26.494110107421875;
9208500;26.860794067382813;
9217500;26.570297241210938;
9226500;27.231658935546875;
9235500;25.797737121582031;
9244500;25.6697998046875;
9253500;25.826950073242188;
9262500;26.691238403320313;
9271500;25.26092529296875;
9280500;24.417251586914063;
9289500;25.126716613769531;
9298500;24.7564697265625;
9307500;25.781242370605469;
9316500;23.832725524902344;
9325500;23.878334045410156;
9334500;24.274101257324219;
9343500;25.9219970703125;
9352500;23.867515563964844;
9361500;23.060943603515625;
9370500;24.513374328613281;
9379500;24.472145080566406;
9388500;25.435928344726562;
9397500;23.69561767578125;
9406500;24.220428466796875;
9415500;24.565567016601563;
9424500;26.433868408203125;
9433500;24.058235168457031;
9442500;24.246192932128906;
9451500;25.444625854492188;
9460500;25.870857238769531;
9469500;26.431770324707031;
9478500;25.159255981445313;
9487500;25.888313293457031;
9496500;26.979705810546875;
9505500;28.21441650390625;
9514500;26.147567749023437;
9523500;26.625343322753906;
9532500;27.484329223632812;
9541500;28.062911987304688;
9550500;28.387908935546875;
9559500;27.567283630371094;
9568500;28.055999755859375;
9577500;28.751449584960938;
9586500;29.938423156738281;
9595500;28.716346740722656;
9604500;29.144790649414063;
9613500;29.462432861328125;
9622500;30.249191284179688;
9631500;30.284042358398438;
9640500;29.376693725585938;
9649500;30.323654174804687;
9658500;30.501274108886719;
9667500;31.215194702148437;
9676500;30.399948120117187;
9685500;30.501991271972656;
9694500;30.703826904296875;
9703500;31.968681335449219;
9712500;31.077705383300781;
9721500;30.585899353027344;
9730500;31.394493103027344;
9739500;31.324104309082031;
9748500;32.214881896972656;
9757500;31.044219970703125;
9766500;31.184921264648437;
9775500;31.54156494140625;
9784500;32.724632263183594;
9793500;31.4305419921875;
9802500;31.09405517578125;
9811500;31.967742919921875;
9820500;32.264518737792969;
9829500;32.890304565429688;
9838500;31.3321533203125;
9847500;31.736236572265625;
9856500;32.059394836425781;
9865500;33.852790832519531;
9874500;31.818092346191406;
9883500;31.663963317871094;
9892500;32.844779968261719;
9901500;33.9615478515625;
9910500;34.072158813476563;
9919500;32.244674682617188;
9928500;33.239845275878906;
9937500;33.605918884277344;
9946500;36.411308288574219;
9955500;33.472427368164063;
9964500;33.682304382324219;
9973500;35.245933532714844;
9982500;36.650680541992188;
9991500;36.224365234375;
10000500;34.878730773925781;
10009500;36.29498291015625;
10018500;36.870513916015625;
10027500;39.142707824707031;
10036500;36.889030456542969;
10045500;37.128860473632813;
10054500;38.486030578613281;
10063500;39.888900756835938;
10072500;38.924957275390625;
10081500;38.080253601074219;
10090500;38.58319091796875;
10099500;39.136978149414063;
10108500;40.112388610839844;
10117500;38.019462585449219;
10126500;38.1148681640625;
10135500;37.915946960449219;
10144500;39.168380737304688;
10153500;37.916221618652344;
10162500;36.744895935058594;
10171500;37.268470764160156;
10180500;36.97772216796875;
10189500;37.370193481445313;
10198500;36.028938293457031;
10207500;35.581863403320313;
10216500;35.44390869140625;
10225500;36.518791198730469;
10234500;34.732795715332031;
10243500;34.164352416992188;
10252500;34.609756469726562;
10261500;34.258522033691406;
10270500;34.351547241210937;
10279500;33.079071044921875;
10288500;32.710006713867188;
10297500;32.696205139160156;
10306500;33.458427429199219;
10315500;31.796424865722656;
10324500;31.264450073242187;
10333500;31.332267761230469;
10342500;31.383575439453125;
10351500;30.898406982421875;
10360500;29.586624145507813;
10369500;29.67242431640625;
10378500;29.194816589355469;
10387500;30.371040344238281;
10396500;28.287147521972656;
10405500;27.717308044433594;
10414500;28.044685363769531;
10423500;28.613075256347656;
10432500;27.674942016601563;
10441500;26.06005859375;
10450500;26.473106384277344;
10459500;26.086181640625;
10468500;27.348541259765625;
10477500;24.973091125488281;
10486500;24.306182861328125;
10495500;24.781723022460938;
10504500;26.024284362792969;
10513500;24.343528747558594;
10522500;23.393280029296875;
10531500;23.747344970703125;
10540500;23.578224182128906;
10549500;25.240303039550781;
10558500;22.626609802246094;
10567500;22.507270812988281;
10576500;22.953971862792969;
10585500;24.517677307128906;
10594500;22.6209716796875;
10603500;22.052497863769531;
10612500;22.562873840332031;
10621500;22.891159057617188;
10630500;24.001846313476563;
10639500;21.891555786132812;
10648500;22.3385009765625;
10657500;22.809852600097656;
10666500;24.249748229980469;
10675500;22.592918395996094;
10684500;22.271240234375;
10693500;22.880966186523438;
10702500;23.585250854492187;
10711500;23.806350708007813;
10720500;22.615684509277344;
10729500;23.185050964355469;
10738500;23.116569519042969;
10747500;24.425956726074219;
10756500;23.34716796875;
10765500;23.079345703125;
10774500;23.530181884765625;
10783500;24.248115539550781;
10792500;23.994064331054688;
10801500;23.413040161132812;
10810500;23.788429260253906;
10819500;23.487770080566406;
10828500;24.553306579589844;
10837500;23.418586730957031;
10846500;23.2122802734375;
10855500;23.80804443359375;
10864500;24.047286987304687;
10873500;23.517623901367188;
10882500;23.34521484375;
10891500;23.244407653808594;
10900500;23.171333312988281;
10909500;23.933952331542969;
10918500;23.008155822753906;
10927500;22.747306823730469;
10936500;23.048873901367188;
10945500;23.140312194824219;
10954500;22.678749084472656;
10963500;22.311622619628906;
10972500;22.115890502929688;
10981500;22.253997802734375;
10990500;22.719253540039063;
10999500;21.388526916503906;
11008500;22.842849731445313;
11017500;21.475006103515625;
11026500;22.039627075195313;
11035500;21.395416259765625;
11044500;20.603179931640625;
11053500;20.827606201171875;
11062500;21.218727111816406;
11071500;21.2071533203125;
11080500;20.152763366699219;
11089500;20.663536071777344;
11098500;22.422409057617188;
11107500;21.492401123046875;
11116500;20.380378723144531;
11125500;19.903335571289063;
11134500;20.277206420898438;
11143500;20.73992919921875;
11152500;20.76422119140625;
11161500;20.274505615234375;
11170500;20.351203918457031;
11179500;21.282318115234375;
11188500;23.613845825195313;
11197500;20.587371826171875;
11206500;20.790969848632813;
11215500;21.206520080566406;
11224500;21.529586791992188;
11233500;21.822219848632812;
11242500;21.489349365234375;
11251500;21.71624755859375;
11260500;22.224563598632813;
11269500;23.2764892578125;
11278500;23.605796813964844;
11287500;22.786460876464844;
11296500;22.828079223632812;
11305500;23.44427490234375;
11314500;23.457267761230469;
11323500;23.297615051269531;
11332500;23.639373779296875;
11341500;23.80889892578125;
11350500;24.253822326660156;
11359500;24.554641723632812;
11368500;24.549018859863281;
11377500;24.275321960449219;
11386500;24.519699096679688;
11395500;24.332115173339844;
11404500;24.343666076660156;
11413500;24.321571350097656;
11422500;24.392013549804687;
11431500;24.543106079101563;
11440500;24.277420043945313;
11449500;25.32354736328125;
11458500;24.801010131835938;
11467500;24.477890014648437;
11476500;24.065010070800781;
11485500;23.802841186523438;
11494500;23.863105773925781;
11503500;23.930793762207031;
11512500;23.826217651367188;
11521500;23.588180541992188;
11530500;23.492515563964844;
11539500;25.87548828125;
11548500;24.155509948730469;
11557500;22.891937255859375;
11566500;22.753677368164063;
11575500;22.786376953125;
11584500;22.506362915039063;
11593500;22.49005126953125;
11602500;22.125045776367188;
11611500;21.816925048828125;
11620500;21.963768005371094;
11629500;26.541122436523438;
11638500;22.245956420898437;
11647500;21.288307189941406;
11656500;21.153091430664063;
11665500;21.179367065429687;
11674500;21.076255798339844;
11683500;20.59698486328125;
11692500;20.666580200195313;
11701500;20.66253662109375;
11710500;21.690422058105469;
11719500;26.988616943359375;
11728500;21.238922119140625;
11737500;20.292213439941406;
11746500;20.641319274902344;
11755500;20.6273193359375;
11764500;20.32781982421875;
11773500;20.520965576171875;
11782500;20.652069091796875;
11791500;20.9422607421875;
11800500;22.008804321289063;
11809500;25.749465942382813;
11818500;21.031517028808594;
11827500;21.288223266601563;
11836500;20.966377258300781;
11845500;21.0455322265625;
11854500;21.37408447265625;
11863500;21.541969299316406;
11872500;21.66363525390625;
11881500;21.625167846679688;
11890500;22.414009094238281;
11899500;23.37701416015625;
11908500;22.253738403320313;
11917500;23.077468872070312;
11926500;22.388137817382813;
11935500;22.348709106445313;
11944500;22.529731750488281;
11953500;22.482009887695313;
11962500;22.5555419921875;
11971500;22.633750915527344;
11980500;23.096931457519531;
11989500;23.766616821289063;
11998500;29.585289001464844;
12007500;24.424491882324219;
12016500;22.611419677734375;
12025500;22.425872802734375;
12034500;22.33148193359375;
12043500;22.243965148925781;
12052500;22.166305541992187;
12061500;22.199958801269531;
12070500;24.408981323242188;
12079500;23.87115478515625;
12088500;21.857559204101563;
12097500;21.460281372070313;
12106500;21.547798156738281;
12115500;21.505950927734375;
12124500;21.013496398925781;
12133500;20.976112365722656;
12142500;20.80523681640625;
12151500;20.669021606445313;
12160500;25.528472900390625;
12169500;22.733139038085938;
12178500;19.964149475097656;
12187500;19.995018005371094;
12196500;19.879287719726563;
12205500;19.490455627441406;
12214500;19.448028564453125;
12223500;19.152481079101563;
12232500;19.021583557128906;
12241500;19.139663696289063;
12250500;25.062004089355469;
12259500;20.863876342773438;
12268500;18.660568237304688;
12277500;18.226982116699219;
12286500;18.055992126464844;
12295500;17.974990844726563;
12304500;17.788841247558594;
12313500;17.854072570800781;
12322500;17.705154418945313;
12331500;18.176910400390625;
12340500;22.11273193359375;
12349500;18.101081848144531;
12358500;17.475334167480469;
12367500;17.251548767089844;
12376500;17.349617004394531;
12385500;17.291213989257812;
12394500;17.464675903320313;
12403500;17.337104797363281;
12412500;17.151603698730469;
12421500;17.560325622558594;
12430500;18.113418579101563;
12439500;17.121002197265625;
12448500;17.12847900390625;
12457500;17.213356018066406;
12466500;17.549118041992187;
12475500;17.318557739257813;
12484500;17.199783325195313;
12493500;17.081550598144531;
12502500;17.271041870117188;
12511500;17.473373413085938;
12520500;18.145393371582031;
12529500;17.554061889648438;
12538500;17.145164489746094;
12547500;17.242218017578125;
12556500;17.111991882324219;
12565500;16.969314575195313;
12574500;16.975440979003906;
12583500;16.820831298828125;
12592500;16.958877563476563;
12601500;17.881149291992188;
12610500;18.621467590332031;
12619500;16.486221313476562;
12628500;16.431663513183594;
12637500;16.220451354980469;
12646500;15.876625061035156;
12655500;15.831878662109375;
12664500;15.913986206054688;
12673500;15.484840393066406;
12682500;15.153945922851563;
12691500;17.332473754882813;
12700500;17.218055725097656;
12709500;14.325347900390625;
12718500;14.345085144042969;
12727500;14.543655395507812;
12736500;14.201507568359375;
12745500;13.856414794921875;
12754500;13.794219970703125;
12763500;13.146469116210938;
12772500;13.280220031738281;
12781500;16.012306213378906;
12790500;14.891510009765625;
12799500;13.142776489257813;
12808500;12.471412658691406;
12817500;12.354232788085937;
12826500;12.455352783203125;
12835500;12.059555053710938;
12844500;12.062126159667969;
12853500;12.033798217773437;
12862500;12.178611755371094;
12871500;14.007255554199219;
12880500;12.426033020019531;
12889500;11.566604614257812;
12898500;11.63909912109375;
12907500;11.498313903808594;
12916500;11.481124877929688;
12925500;11.733810424804688;
12934500;11.881080627441406;
12943500;11.397018432617188;
12952500;11.266403198242188;
12961500;11.593208312988281;
12970500;11.29302978515625;
12979500;11.244308471679688;
12988500;11.52960205078125;
12997500;12.109809875488281;
13006500;11.58880615234375;
13015500;11.525421142578125;
13024500;11.569313049316406;
13033500;11.773277282714844;
13042500;11.879264831542969;
13051500;12.567893981933594;
13060500;12.292594909667969;
13069500;12.343917846679688;
13078500;12.486724853515625;
13087500;12.552841186523437;
13096500;12.701171875;
13105500;12.809379577636719;
13114500;12.937347412109375;
13123500;13.259101867675781;
13132500;13.817657470703125;
13141500;15.492118835449219;
13150500;13.922897338867188;
13159500;13.855506896972656;
13168500;13.852973937988281;
13177500;14.165168762207031;
13186500;14.255973815917969;
13195500;14.39453125;
13204500;14.664840698242188;
13213500;14.557296752929687;
13222500;15.437408447265625;
13231500;16.872520446777344;
13240500;15.09906005859375;
13249500;14.945213317871094;
13258500;15.386177062988281;
13267500;15.49578857421875;
13276500;15.316497802734375;
13285500;15.40869140625;
13294500;15.279319763183594;
13303500;15.377944946289063;
13312500;15.999404907226563;
13321500;16.417732238769531;
13330500;15.770347595214844;
13339500;15.593231201171875;
13348500;15.410202026367188;
13357500;15.314414978027344;
13366500;15.391593933105469;
13375500;15.430015563964844;
13384500;15.491233825683594;
13393500;15.517990112304688;
13402500;15.900016784667969;
13411500;15.413925170898438;
13420500;15.033096313476563;
13429500;15.215202331542969;
13438500;15.023597717285156;
13447500;14.755508422851563;
13456500;14.93731689453125;
13465500;14.995552062988281;
13474500;15.087997436523438;
13483500;15.157630920410156;
13492500;14.871376037597656;
13501500;14.796211242675781;
13510500;15.024627685546875;
13519500;14.68023681640625;
13528500;14.768241882324219;
13537500;14.617721557617188;
13546500;14.371917724609375;
13555500;14.585731506347656;
13564500;14.107795715332031;
13573500;14.232666015625;
13582500;14.989448547363281;
13591500;14.357070922851562;
13600500;14.478919982910156;
13609500;14.172027587890625;
13618500;14.013992309570313;
13627500;14.239974975585938;
13636500;14.198272705078125;
13645500;14.192977905273438;
13654500;14.185211181640625;
13663500;14.711898803710938;
13672500;15.391036987304688;
13681500;14.366073608398438;
13690500;14.049812316894531;
13699500;14.142082214355469;
13708500;14.252494812011719;
13717500;13.968315124511719;
13726500;14.505363464355469;
13735500;14.339653015136719;
13744500;13.975479125976562;
13753500;14.269187927246094;
13762500;15.323509216308594;
13771500;13.954277038574219;
13780500;14.055740356445313;
13789500;13.880706787109375;
13798500;14.055618286132812;
13807500;14.153045654296875;
13816500;13.466400146484375;
13825500;13.715072631835938;
13834500;13.749443054199219;
13843500;13.720130920410156;
13852500;14.701454162597656;
13861500;13.6683349609375;
13870500;13.327194213867187;
13879500;13.38641357421875;
13888500;13.078018188476563;
13897500;12.97625732421875;
13906500;13.108039855957031;
13915500;12.8804931640625;
13924500;12.87713623046875;
13933500;13.247817993164063;
13942500;13.284927368164063;
13951500;12.36456298828125;
13960500;12.257186889648438;
13969500;12.177848815917969;
13978500;12.243118286132812;
13987500;12.102737426757812;
13996500;12.564590454101562;
14005500;12.058204650878906;
14014500;11.862022399902344;
14023500;12.704521179199219;
14032500;12.040702819824219;
14041500;11.347694396972656;
14050500;11.313789367675781;
14059500;11.979888916015625;
14068500;11.683013916015625;
14077500;11.344123840332031;
14086500;11.166648864746094;
14095500;11.398872375488281;
14104500;10.999626159667969;
14113500;11.56829833984375;
14122500;11.48309326171875;
14131500;11.622459411621094;
14140500;10.892959594726563;
14149500;10.752548217773437;
14158500;10.772674560546875;
14167500;10.898078918457031;
14176500;10.682876586914063;
14185500;10.387313842773437;
14194500;10.630569458007813;
14203500;12.604873657226563;
14212500;11.271240234375;
14221500;10.42999267578125;
14230500;10.57330322265625;
14239500;10.422752380371094;
14248500;10.536468505859375;
14257500;10.439346313476562;
14266500;10.352493286132812;
14275500;10.40155029296875;
14284500;10.47772216796875;
14293500;13.068649291992188;
14302500;10.80126953125;
14311500;10.163536071777344;
14320500;9.9763031005859375;
14329500;10.254981994628906;
14338500;10.385231018066406;
14347500;10.022438049316406;
14356500;9.894287109375;
14365500;9.974151611328125;
14374500;10.052169799804687;
14383500;12.913948059082031;
14392500;10.445518493652344;
14401500;9.9390640258789062;
14410500;9.835235595703125;
14419500;9.547576904296875;
14428500;9.6196823120117188;
14437500;9.6398468017578125;
14446500;9.3540496826171875;
14455500;9.6578903198242187;
14464500;10.568534851074219;
14473500;11.973701477050781;
14482500;9.4886627197265625;
14491500;9.0804367065429687;
14500500;9.0409774780273437;
14509500;8.931884765625;
14518500;8.7858963012695313;
14527500;9.547607421875;
14536500;8.9310073852539063;
14545500;9.0025634765625;
14554500;9.2802505493164062;
14563500;9.8266067504882812;
14572500;8.5296630859375;
14581500;8.7009429931640625;
14590500;8.7363510131835938;
14599500;8.7422561645507813;
14608500;8.8592071533203125;
14617500;8.547576904296875;
14626500;8.4083709716796875;
14635500;8.56304931640625;
14644500;8.9305191040039062;
14653500;9.407379150390625;
14662500;8.46173095703125;
14671500;8.67047119140625;
14680500;8.75567626953125;
14689500;8.3623504638671875;
14698500;8.4002151489257812;
14707500;8.3542709350585938;
14716500;8.64886474609375;
14725500;9.1103668212890625;
14734500;9.531402587890625;
14743500;9.406219482421875;
14752500;8.2222824096679687;
14761500;8.422515869140625;
14770500;8.2868423461914062;
14779500;8.3892364501953125;
14788500;8.4657211303710937;
14797500;9.0580062866210937;
14806500;8.3848724365234375;
14815500;8.1850051879882812;
14824500;10.434707641601562;
14833500;9.4352874755859375;
14842500;8.246795654296875;
14851500;8.3461837768554687;
14860500;9.0051116943359375;
14869500;8.57208251953125;
14878500;8.5748443603515625;
14887500;8.3427047729492187;
14896500;8.4095001220703125;
14905500;8.7401885986328125;
14914500;10.963325500488281;
14923500;9.406524658203125;
14932500;8.7661361694335938;
14941500;8.9915695190429687;
14950500;9.0027999877929687;
14959500;9.0783767700195313;
14968500;9.4657516479492187;
14977500;9.4771804809570312;
14986500;9.6323089599609375;
14995500;11.355636596679688;
15004500;13.120285034179688;
15013500;10.518783569335937;
15022500;9.6588134765625;
15031500;9.4393844604492187;
15040500;9.4735641479492187;
15049500;9.1899566650390625;
15058500;9.0388717651367187;
15067500;9.2136993408203125;
15076500;9.42572021484375;
15085500;9.113739013671875;
15094500;9.8047943115234375;
15103500;9.3768234252929687;
15112500;9.4674758911132812;
15121500;9.5349349975585937;
15130500;9.8749313354492187;
15139500;9.7835006713867187;
15148500;9.9882583618164062;
15157500;9.5907745361328125;
15166500;9.6313552856445313;
15175500;9.7169189453125;
15184500;10.068191528320312;
15193500;10.225418090820312;
15202500;10.106460571289062;
15211500;10.334358215332031;
15220500;9.9664840698242187;
15229500;10.133140563964844;
15238500;9.9468994140625;
15247500;9.9197616577148437;
15256500;10.138763427734375;
15265500;10.549232482910156;
15274500;10.963188171386719;
15283500;10.558059692382812;
15292500;10.561172485351562;
15301500;10.630561828613281;
15310500;10.286994934082031;
15319500;10.189544677734375;
15328500;10.726913452148438;
15337500;10.852157592773438;
15346500;10.648483276367188;
15355500;12.434989929199219;
15364500;12.897697448730469;
15373500;10.599594116210937;
15382500;10.956329345703125;
15391500;11.039138793945312;
15400500;11.066673278808594;
15409500;11.419334411621094;
15418500;11.276199340820313;
15427500;11.209571838378906;
15436500;11.313377380371094;
15445500;14.982063293457031;
15454500;14.5618896484375;
15463500;11.645355224609375;
15472500;11.603492736816406;
15481500;11.812309265136719;
15490500;11.806907653808594;
15499500;11.773162841796875;
15508500;11.832931518554687;
15517500;12.1221923828125;
15526500;12.046363830566406;
15535500;16.75323486328125;
15544500;14.4364013671875;
15553500;12.217559814453125;
15562500;12.454795837402344;
15571500;12.471122741699219;
15580500;12.558975219726563;
15589500;12.55364990234375;
15598500;12.780967712402344;
15607500;12.726089477539063;
15616500;12.993537902832031;
15625500;16.123489379882812;
15634500;13.403228759765625;
15643500;12.67822265625;
15652500;12.560859680175781;
15661500;12.976051330566406;
15670500;12.693267822265625;
15679500;12.807975769042969;
15688500;12.651039123535156;
15697500;12.654678344726563;
15706500;12.890167236328125;
15715500;14.514762878417969;
15724500;12.875526428222656;
15733500;12.85211181640625;
15742500;12.961921691894531;
15751500;12.853660583496094;
15760500;12.928886413574219;
15769500;12.775253295898438;
15778500;12.636322021484375;
15787500;12.921363830566406;
15796500;13.479415893554688;
15805500;16.377288818359375;
15814500;13.264884948730469;
15823500;12.9051513671875;
15832500;12.85284423828125;
15841500;12.984794616699219;
15850500;12.806350708007812;
15859500;13.22955322265625;
15868500;13.126434326171875;
15877500;13.192634582519531;
15886500;15.684364318847656;
15895500;19.252296447753906;
15904500;13.158882141113281;
15913500;13.311874389648438;
15922500;13.459999084472656;
15931500;13.480110168457031;
15940500;13.086090087890625;
15949500;13.355339050292969;
15958500;13.322921752929688;
15967500;13.689956665039063;
15976500;17.695648193359375;
15985500;20.239959716796875;
15994500;13.865730285644531;
16003500;13.320335388183594;
16012500;13.67767333984375;
16021500;13.413078308105469;
16030500;13.224342346191406;
16039500;13.394935607910156;
16048500;13.408737182617187;
16057500;13.756988525390625;
16066500;19.046211242675781;
16075500;19.316596984863281;
16084500;13.915809631347656;
16093500;13.785858154296875;
16102500;13.810951232910156;
16111500;13.571487426757813;
16120500;14.032142639160156;
16129500;14.267311096191406;
16138500;13.936004638671875;
16147500;13.898056030273438;
16156500;17.770637512207031;
16165500;16.384231567382812;
16174500;13.768119812011719;
16183500;13.796768188476563;
16192500;13.791755676269531;
16201500;14.085433959960938;
16210500;14.051139831542969;
16219500;13.849105834960938;
16228500;13.827682495117187;
16237500;13.949501037597656;
16246500;15.711540222167969;
16255500;14.536018371582031;
16264500;14.042984008789063;
16273500;13.812026977539063;
16282500;13.540313720703125;
16291500;13.65228271484375;
16300500;13.702056884765625;
16309500;13.816390991210938;
16318500;13.483596801757812;
16327500;14.593879699707031;
16336500;17.390762329101563;
16345500;14.410606384277344;
16354500;13.886085510253906;
16363500;13.664093017578125;
16372500;13.723342895507813;
16381500;13.533943176269531;
16390500;13.715919494628906;
16399500;14.158721923828125;
16408500;13.629219055175781;
16417500;14.8480224609375;
16426500;19.714447021484375;
16435500;14.357620239257812;
16444500;13.404815673828125;
16453500;13.222434997558594;
16462500;13.60467529296875;
16471500;13.769371032714844;
16480500;13.658889770507812;
16489500;13.951576232910156;
16498500;13.690803527832031;
16507500;15.353141784667969;
16516500;20.226654052734375;
16525500;13.911911010742188;
16534500;13.403366088867188;
16543500;13.648666381835938;
16552500;13.7373046875;
16561500;13.416648864746094;
16570500;13.39599609375;
16579500;13.469757080078125;
16588500;13.560028076171875;
16597500;16.454170227050781;
16606500;19.376419067382813;
16615500;13.645957946777344;
16624500;13.393112182617188;
16633500;13.424629211425781;
16642500;13.367179870605469;
16651500;13.316131591796875;
16660500;14.133560180664063;
16669500;13.635627746582031;
16678500;13.437065124511719;
16687500;16.12841796875;
16696500;16.896316528320313;
16705500;13.587379455566406;
16714500;13.357337951660156;
16723500;13.539970397949219;
16732500;13.9361572265625;
16741500;13.438423156738281;
16750500;13.646957397460938;
16759500;13.579231262207031;
16768500;13.713851928710938;
16777500;14.68988037109375;
16786500;14.695938110351563;
16795500;13.699081420898437;
16804500;13.48211669921875;
16813500;13.485633850097656;
16822500;14.420249938964844;
16831500;14.033615112304688;
16840500;13.482650756835937;
16849500;13.569961547851563;
16858500;13.830657958984375;
16867500;14.676002502441406;
16876500;13.884780883789063;
16885500;13.529701232910156;
16894500;13.492660522460937;
16903500;13.0804443359375;
16912500;13.089271545410156;
16921500;13.333663940429688;
16930500;13.251609802246094;
16939500;13.017967224121094;
16948500;13.204216003417969;
16957500;15.765472412109375;
16966500;13.720703125;
16975500;13.042343139648438;
16984500;13.10723876953125;
16993500;13.471038818359375;
17002500;13.19488525390625;
17011500;13.155830383300781;
17020500;12.968215942382812;
17029500;13.165176391601563;
17038500;13.904129028320313;
17047500;16.305023193359375;
17056500;13.859321594238281;
17065500;13.674110412597656;
17074500;12.99432373046875;
17083500;13.168983459472656;
17092500;12.963081359863281;
17101500;12.939781188964844;
17110500;12.90142822265625;
17119500;12.96038818359375;
17128500;13.852561950683594;
17137500;16.593040466308594;
17146500;13.136871337890625;
17155500;13.285018920898437;
17164500;13.125114440917969;
17173500;12.990875244140625;
17182500;12.791679382324219;
17191500;13.005241394042969;
17200500;13.089866638183594;
17209500;12.984535217285156;
17218500;13.864715576171875;
17227500;15.930160522460937;
17236500;13.162391662597656;
17245500;12.885482788085937;
17254500;12.86962890625;
17263500;12.874359130859375;
17272500;13.012733459472656;
17281500;13.0194091796875;
17290500;13.1795654296875;
17299500;13.185928344726563;
17308500;13.97821044921875;
17317500;14.856857299804688;
17326500;13.11181640625;
17335500;12.999290466308594;
17344500;12.99774169921875;
17353500;13.295761108398438;
17362500;13.387886047363281;
17371500;13.077278137207031;
17380500;12.829010009765625;
17389500;12.879585266113281;
17398500;14.158615112304688;
17407500;13.941444396972656;
17416500;12.911338806152344;
17425500;13.132133483886719;
17434500;12.94366455078125;
17443500;12.758529663085938;
17452500;12.867477416992187;
17461500;13.401618957519531;
17470500;12.966598510742188;
17479500;12.835403442382813;
17488500;14.039054870605469;
17497500;13.678169250488281;
17506500;12.917373657226563;
17515500;12.684280395507812;
17524500;12.86614990234375;
17533500;12.988800048828125;
17542500;12.637336730957031;
17551500;12.603363037109375;
17560500;12.926124572753906;
17569500;12.8726806640625;
17578500;13.953849792480469;
17587500;13.048934936523438;
17596500;12.833763122558594;
17605500;12.64117431640625;
17614500;12.708709716796875;
17623500;12.757347106933594;
17632500;12.647193908691406;
17641500;12.688140869140625;
17650500;12.607620239257813;
17659500;12.73956298828125;
17668500;13.598678588867188;
17677500;12.659149169921875;
17686500;12.572311401367188;
17695500;12.604774475097656;
17704500;12.832550048828125;
17713500;12.953163146972656;
17722500;12.815399169921875;
17731500;13.045173645019531;
17740500;12.862922668457031;
17749500;12.85382080078125;
17758500;13.976852416992188;
17767500;13.035316467285156;
17776500;13.086257934570313;
17785500;12.989036560058594;
17794500;13.322700500488281;
17803500;13.377944946289063;
17812500;12.763870239257813;
17821500;13.177734375;
17830500;13.251731872558594;
17839500;13.20074462890625;
17848500;15.174034118652344;
17857500;13.300888061523438;
17866500;13.39361572265625;
17875500;14.156158447265625;
17884500;14.857513427734375;
17893500;14.074615478515625;
17902500;13.337326049804688;
17911500;13.152671813964844;
17920500;13.251457214355469;
17929500;14.927772521972656;
17938500;17.180473327636719;
17947500;13.853172302246094;
17956500;13.789939880371094;
17965500;14.067054748535156;
17974500;13.816604614257813;
17983500;13.659072875976562;
17992500;13.862297058105469;
18001500;14.281318664550781;
18010500;13.732505798339844;
18019500;16.964523315429688;
18028500;18.561294555664062;
18037500;13.950668334960938;
18046500;13.972702026367188;
18055500;13.938461303710938;
18064500;13.958152770996094;
18073500;13.891387939453125;
18082500;13.904365539550781;
18091500;14.226051330566406;
18100500;14.319931030273438;
18109500;18.539787292480469;
18118500;18.07086181640625;
18127500;14.248855590820313;
18136500;14.193466186523437;
18145500;13.766983032226562;
18154500;13.993888854980469;
18163500;14.174736022949219;
18172500;13.994186401367188;
18181500;13.956199645996094;
18190500;14.110496520996094;
18199500;18.386306762695313;
18208500;16.783599853515625;
18217500;14.285369873046875;
18226500;14.540969848632813;
18235500;14.623405456542969;
18244500;14.166770935058594;
18253500;14.355422973632812;
18262500;14.700668334960938;
18271500;14.392120361328125;
18280500;14.563232421875;
18289500;16.427940368652344;
18298500;15.189773559570313;
18307500;14.516410827636719;
18316500;14.5018310546875;
18325500;14.4073486328125;
18334500;14.7286376953125;
18343500;14.619132995605469;
18352500;14.538993835449219;
18361500;14.846336364746094;
18370500;14.881126403808594;
18379500;16.402412414550781;
18388500;15.008224487304688;
18397500;14.851318359375;
18406500;14.72113037109375;
18415500;14.811325073242188;
18424500;14.901878356933594;
18433500;15.064056396484375;
18442500;14.968574523925781;
18451500;15.037696838378906;
18460500;16.030242919921875;
18469500;27.637435913085937;
18478500;21.454917907714844;
18487500;14.938697814941406;
18496500;15.020675659179688;
18505500;14.899246215820313;
18514500;15.089859008789063;
18523500;15.102745056152344;
18532500;15.335723876953125;
18541500;15.441818237304688;
18550500;17.363555908203125;
18559500;21.781158447265625;
18568500;15.546607971191406;
18577500;15.006370544433594;
18586500;14.898002624511719;
18595500;15.253227233886719;
18604500;14.988052368164063;
18613500;15.174880981445313;
18622500;15.134185791015625;
18631500;15.39013671875;
18640500;18.585540771484375;
18649500;21.735870361328125;
18658500;15.177268981933594;
18667500;15.165840148925781;
18676500;14.946083068847656;
18685500;14.893959045410156;
18694500;15.265357971191406;
18703500;15.223648071289062;
18712500;15.066398620605469;
18721500;15.189804077148438;
18730500;18.397857666015625;
18739500;19.255302429199219;
18748500;15.236541748046875;
18757500;15.155708312988281;
18766500;15.292015075683594;
18775500;15.2054443359375;
18784500;14.965507507324219;
18793500;15.017906188964844;
18802500;15.13311767578125;
18811500;15.090011596679688;
18820500;16.5491943359375;
18829500;16.19610595703125;
18838500;14.953102111816406;
18847500;14.887954711914062;
18856500;15.140426635742188;
18865500;15.246673583984375;
18874500;15.301040649414062;
18883500;15.299331665039063;
18892500;15.272811889648437;
18901500;15.272621154785156;
18910500;15.964263916015625;
18919500;15.601974487304687;
18928500;15.377029418945313;
18937500;15.469375610351563;
18946500;15.40350341796875;
18955500;15.323112487792969;
18964500;15.474456787109375;
18973500;15.392112731933594;
18982500;15.325492858886719;
18991500;15.713218688964844;
19000500;19.246475219726563;
19009500;16.370735168457031;
19018500;15.606330871582031;
19027500;15.681587219238281;
19036500;15.6990966796875;
19045500;15.697921752929688;
19054500;15.600448608398437;
19063500;15.657142639160156;
19072500;15.610137939453125;
19081500;16.575569152832031;
19090500;21.494499206542969;
19099500;16.707244873046875;
19108500;15.8372802734375;
19117500;15.818244934082031;
19126500;15.960067749023438;
19135500;15.970893859863281;
19144500;15.985130310058594;
19153500;16.065940856933594;
19162500;15.941810607910156;
19171500;16.943283081054688;
19180500;21.639915466308594;
19189500;16.657684326171875;
19198500;16.263435363769531;
19207500;16.254051208496094;
19216500;16.1436767578125;
19225500;16.310440063476562;
19234500;16.317657470703125;
19243500;16.141555786132813;
19252500;16.440864562988281;
19261500;17.788124084472656;
19270500;20.371917724609375;
19279500;16.426681518554688;
19288500;16.206344604492187;
19297500;16.375602722167969;
19306500;16.2921142578125;
19315500;16.271026611328125;
19324500;16.421676635742187;
19333500;16.381828308105469;
19342500;16.413848876953125;
19351500;17.192359924316406;
19360500;17.838874816894531;
19369500;16.568031311035156;
19378500;16.359344482421875;
19387500;16.484138488769531;
19396500;16.546875;
19405500;16.624168395996094;
19414500;16.919670104980469;
19423500;16.568710327148437;
19432500;16.728782653808594;
19441500;16.8714599609375;
19450500;16.860221862792969;
19459500;16.882209777832031;
19468500;16.738037109375;
19477500;16.90478515625;
19486500;16.897743225097656;
19495500;16.891227722167969;
19504500;16.777732849121094;
19513500;16.867774963378906;
19522500;16.827964782714844;
19531500;18.781990051269531;
19540500;18.079666137695312;
19549500;16.557548522949219;
19558500;16.760772705078125;
19567500;16.975631713867188;
19576500;16.879547119140625;
19585500;16.646163940429688;
19594500;16.950164794921875;
19603500;16.804824829101563;
19612500;16.878585815429687;
19621500;20.752250671386719;
19630500;18.2999267578125;
19639500;17.133613586425781;
19648500;16.843719482421875;
19657500;16.588973999023438;
19666500;16.697219848632812;
19675500;16.756591796875;
19684500;16.503761291503906;
19693500;16.813484191894531;
19702500;16.989044189453125;
19711500;21.443931579589844;
19720500;17.717308044433594;
19729500;16.724205017089844;
19738500;16.557479858398437;
19747500;16.476753234863281;
19756500;16.54278564453125;
19765500;16.579887390136719;
19774500;17.21966552734375;
19783500;17.102272033691406;
19792500;16.779045104980469;
19801500;20.624656677246094;
19810500;17.108894348144531;
19819500;16.429496765136719;
19828500;16.384117126464844;
19837500;16.354911804199219;
19846500;16.172935485839844;
19855500;16.442047119140625;
19864500;16.351585388183594;
19873500;16.20635986328125;
19882500;16.692276000976563;
19891500;17.982322692871094;
19900500;16.369453430175781;
19909500;16.237739562988281;
19918500;16.242851257324219;
19927500;16.307632446289063;
19936500;16.293701171875;
19945500;16.2147216796875;
19954500;16.160484313964844;
19963500;16.344650268554687;
19972500;16.599441528320312;
19981500;16.597221374511719;
19990500;16.250831604003906;
19999500;16.360908508300781;
20008500;16.125274658203125;
20017500;16.349433898925781;
20026500;16.2996826171875;
20035500;16.26922607421875;
20044500;16.556968688964844;
20053500;16.494613647460937;
20062500;17.66876220703125;
20071500;18.235244750976563;
20080500;16.384033203125;
20089500;16.231201171875;
20098500;16.504623413085937;
20107500;16.351181030273438;
20116500;16.244522094726563;
20125500;16.244461059570312;
20134500;16.032867431640625;
20143500;16.358993530273438;
20152500;19.430915832519531;
20161500;18.796211242675781;
20170500;16.35552978515625;
20179500;16.256103515625;
20188500;16.093757629394531;
20197500;16.143020629882812;
20206500;16.28192138671875;
20215500;16.067619323730469;
20224500;16.254920959472656;
20233500;16.38494873046875;
20242500;19.931320190429687;
20251500;18.098381042480469;
20260500;16.071846008300781;
20269500;16.006187438964844;
20278500;16.207084655761719;
20287500;15.956817626953125;
20296500;16.053741455078125;
20305500;16.278373718261719;
20314500;15.841217041015625;
20323500;15.95587158203125;
20332500;19.351463317871094;
20341500;16.937042236328125;
20350500;15.903518676757813;
20359500;15.806564331054688;
20368500;15.7100830078125;
20377500;15.810012817382813;
20386500;15.73065185546875;
20395500;15.607597351074219;
20404500;15.494911193847656;
20413500;15.552574157714844;
20422500;17.168624877929688;
20431500;15.675933837890625;
20440500;15.199615478515625;
20449500;15.208427429199219;
20458500;15.195358276367188;
20467500;14.964828491210938;
20476500;15.004364013671875;
20485500;14.952262878417969;
20494500;15.104835510253906;
20503500;14.937057495117188;
20512500;15.487930297851563;
20521500;14.999237060546875;
20530500;14.774925231933594;
20539500;14.985542297363281;
20548500;14.834487915039063;
20557500;14.7333984375;
20566500;14.898063659667969;
20575500;14.785598754882813;
20584500;14.836967468261719;
20593500;15.115745544433594;
20602500;15.808341979980469;
20611500;14.68017578125;
20620500;14.732597351074219;
20629500;14.421173095703125;
20638500;14.553108215332031;
20647500;14.522209167480469;
20656500;14.477119445800781;
20665500;14.495620727539063;
20674500;14.368728637695312;
20683500;15.311119079589844;
20692500;16.625946044921875;
20701500;14.185997009277344;
20710500;13.888717651367187;
20719500;14.1121826171875;
20728500;13.820045471191406;
20737500;13.806755065917969;
20746500;13.865821838378906;
20755500;13.682296752929687;
20764500;13.732398986816406;
20773500;15.770713806152344;
20782500;15.933670043945313;
20791500;13.619354248046875;
20800500;13.487396240234375;
20809500;13.628570556640625;
20818500;13.438316345214844;
20827500;13.291748046875;
20836500;13.295974731445313;
20845500;13.114364624023438;
20854500;13.233413696289063;
20863500;15.151084899902344;
20872500;14.716094970703125;
20881500;13.245025634765625;
20890500;13.283172607421875;
20899500;13.347251892089844;
20908500;13.106277465820312;
20917500;13.166633605957031;
20926500;12.96875;
20935500;12.68896484375;
20944500;13.093994140625;
20953500;14.174407958984375;
20962500;13.401947021484375;
20971500;13.085556030273438;
20980500;13.057693481445313;
20989500;12.96246337890625;
20998500;14.420356750488281;
21007500;14.084671020507813;
21016500;13.197097778320313;
21025500;13.046028137207031;
21034500;12.559684753417969;
21043500;12.952301025390625;
21052500;12.613090515136719;
21061500;12.192001342773438;
21070500;12.600448608398437;
21079500;12.263908386230469;
21088500;11.902671813964844;
21097500;12.409530639648438;
21106500;12.037948608398438;
21115500;12.185089111328125;
21124500;12.341415405273438;
21133500;12.686897277832031;
21142500;12.206344604492188;
21151500;12.007972717285156;
21160500;11.73468017578125;
21169500;12.018684387207031;
21178500;12.080284118652344;
21187500;11.751388549804688;
21196500;11.825103759765625;
21205500;11.815879821777344;
21214500;11.809616088867188;
21223500;13.782539367675781;
21232500;11.760055541992188;
21241500;11.489616394042969;
21250500;11.788505554199219;
21259500;11.584312438964844;
21268500;11.41912841796875;
21277500;11.622116088867188;
21286500;11.311965942382813;
21295500;11.506591796875;
21304500;12.35223388671875;
21313500;13.7142333984375;
21322500;11.365257263183594;
21331500;11.299568176269531;
21340500;11.307212829589844;
21349500;11.144027709960938;
21358500;11.168907165527344;
21367500;10.9061279296875;
21376500;10.9698486328125;
21385500;11.122627258300781;
21394500;11.852157592773437;
21403500;12.650032043457031;
21412500;10.800262451171875;
21421500;10.751235961914062;
21430500;10.810333251953125;
21439500;10.503288269042969;
21448500;10.574676513671875;
21457500;10.482429504394531;
21466500;10.282180786132812;
21475500;10.384872436523437;
21484500;11.150413513183594;
21493500;11.079833984375;
21502500;10.616470336914063;
21511500;10.321517944335937;
21520500;10.113990783691406;
21529500;10.119461059570312;
21538500;10.023483276367187;
21547500;9.8112716674804687;
21556500;9.8531494140625;
21565500;9.76605224609375;
21574500;9.9808883666992187;
21583500;9.9716873168945312;
21592500;9.7094345092773437;
21601500;9.5442123413085937;
21610500;9.4058685302734375;
21619500;9.4027557373046875;
21628500;9.24664306640625;
21637500;9.2589797973632812;
21646500;9.3455352783203125;
21655500;9.1868209838867188;
21664500;9.60906982421875;
21673500;9.3585052490234375;
21682500;9.0359573364257813;
21691500;9.0549163818359375;
21700500;9.114898681640625;
21709500;8.730072021484375;
21718500;8.9923248291015625;
21727500;8.9464187622070312;
21736500;9.06610107421875;
21745500;8.8468399047851562;
21754500;10.098304748535156;
21763500;8.9390106201171875;
21772500;8.775848388671875;
21781500;8.93023681640625;
21790500;8.5080642700195312;
21799500;8.6035232543945313;
21808500;8.6567840576171875;
21817500;8.531402587890625;
21826500;8.6312255859375;
21835500;8.7031021118164062;
21844500;10.327957153320312;
21853500;8.7633743286132812;
21862500;8.7070388793945312;
21871500;8.696533203125;
21880500;8.464385986328125;
21889500;8.6845703125;
21898500;8.6125717163085938;
21907500;8.6267547607421875;
21916500;8.7078933715820312;
21925500;8.6822509765625;
21934500;9.75128173828125;
21943500;8.6019363403320312;
21952500;8.4716949462890625;
21961500;8.6606979370117188;
21970500;8.3964004516601562;
21979500;8.59271240234375;
21988500;8.3461761474609375;
21997500;8.2632904052734375;
22006500;8.3208389282226562;
22015500;8.7054901123046875;
22024500;9.1213760375976563;
22033500;8.5695419311523437;
22042500;8.22344970703125;
22051500;8.372344970703125;
22060500;8.6970901489257813;
22069500;8.2722244262695313;
22078500;8.4059677124023437;
22087500;8.6601715087890625;
22096500;8.5157394409179687;
22105500;8.64007568359375;
22114500;8.5837860107421875;
22123500;8.2760543823242187;
22132500;8.505615234375;
22141500;8.4173660278320312;
22150500;8.2706298828125;
22159500;8.5171890258789063;
22168500;8.3877716064453125;
22177500;8.4278182983398437;
22186500;8.38519287109375;
22195500;8.3979568481445313;
22204500;8.5596160888671875;
22213500;8.5490875244140625;
22222500;8.54498291015625;
22231500;8.3885726928710937;
22240500;8.5105819702148437;
22249500;8.5175323486328125;
22258500;8.4101409912109375;
22267500;8.4947967529296875;
22276500;8.3862457275390625;
22285500;9.1043701171875;
22294500;8.841156005859375;
22303500;8.6016845703125;
22312500;8.71722412109375;
22321500;8.7621231079101562;
22330500;8.82415771484375;
22339500;8.7903900146484375;
22348500;8.819671630859375;
22357500;8.9651565551757813;
22366500;8.849761962890625;
22375500;9.6775360107421875;
22384500;9.0736312866210937;
22393500;8.924530029296875;
22402500;8.919464111328125;
22411500;8.913482666015625;
22420500;8.975189208984375;
22429500;9.1716842651367188;
22438500;9.0408706665039063;
22447500;9.019989013671875;
22456500;9.3266525268554687;
22465500;9.8003616333007812;
22474500;9.327880859375;
22483500;9.7621078491210937;
22492500;9.4950103759765625;
22501500;9.6995620727539062;
22510500;9.6755599975585938;
22519500;9.2620086669921875;
22528500;9.4036178588867188;
22537500;9.5866622924804687;
22546500;9.3691635131835938;
22555500;9.802734375;
22564500;9.2897109985351562;
22573500;9.2493972778320312;
22582500;9.61651611328125;
22591500;9.43212890625;
22600500;9.3682861328125;
22609500;9.5183029174804687;
22618500;9.4773406982421875;
22627500;9.3525390625;
22636500;9.3126220703125;
22645500;9.3234024047851562;
22654500;9.4157257080078125;
22663500;9.5604171752929687;
22672500;9.5244369506835938;
22681500;9.526092529296875;
22690500;9.4215011596679687;
22699500;9.27081298828125;
22708500;9.4513778686523437;
22717500;9.428253173828125;
22726500;9.5097122192382812;
22735500;9.5730819702148437;
22744500;9.5621719360351562;
22753500;9.312255859375;
22762500;9.3130722045898437;
22771500;9.492431640625;
22780500;9.54931640625;
22789500;9.4680099487304687;
22798500;9.4852676391601562;
22807500;9.3349227905273437;
22816500;9.3899307250976563;
22825500;9.7301559448242187;
22834500;9.7374114990234375;
22843500;9.5635986328125;
22852500;9.5302886962890625;
22861500;9.5141372680664062;
22870500;9.4631729125976563;
22879500;9.44403076171875;
22888500;9.5371627807617188;
22897500;9.81439208984375;
22906500;10.056991577148437;
22915500;9.9775314331054687;
22924500;9.5040512084960937;
22933500;9.6381607055664062;
22942500;9.4956741333007812;
22951500;9.5138473510742187;
22960500;9.789276123046875;
22969500;9.6415786743164062;
22978500;9.6197280883789062;
22987500;9.7716522216796875;
22996500;10.025344848632812;
23005500;9.7627639770507813;
23014500;9.8899154663085938;
23023500;9.9361190795898437;
23032500;9.7460784912109375;
23041500;9.7667694091796875;
23050500;9.7883377075195313;
23059500;10.22735595703125;
23068500;10.27294921875;
23077500;9.9129104614257813;
23086500;10.272132873535156;
23095500;10.273704528808594;
23104500;10.315017700195312;
23113500;10.212249755859375;
23122500;10.172225952148437;
23131500;10.514549255371094;
23140500;10.206954956054687;
23149500;10.089859008789062;
23158500;10.180908203125;
23167500;10.200912475585937;
23176500;10.131622314453125;
23185500;10.098739624023437;
23194500;10.105194091796875;
23203500;10.328598022460937;
23212500;10.40924072265625;
23221500;10.467681884765625;
23230500;10.179222106933594;
23239500;10.233489990234375;
23248500;10.601486206054687;
23257500;10.735671997070313;
23266500;10.497123718261719;
23275500;10.390373229980469;
23284500;10.526313781738281;
23293500;10.590858459472656;
23302500;10.773323059082031;
23311500;10.681488037109375;
23320500;10.72735595703125;
23329500;10.776214599609375;
23338500;10.620216369628906;
23347500;10.686119079589844;
23356500;10.954750061035156;
23365500;11.124443054199219;
23374500;11.209800720214844;
23383500;11.253395080566406;
23392500;11.185760498046875;
23401500;11.040176391601562;
23410500;11.075614929199219;
23419500;11.236358642578125;
23428500;11.242019653320313;
23437500;11.301414489746094;
23446500;11.487144470214844;
23455500;11.139549255371094;
23464500;10.925590515136719;
23473500;10.859046936035156;
23482500;11.144943237304688;
23491500;11.333076477050781;
23500500;11.145751953125;
23509500;11.194244384765625;
23518500;11.057365417480469;
23527500;11.433303833007812;
23536500;12.456825256347656;
23545500;11.573516845703125;
23554500;11.545913696289063;
23563500;11.358512878417969;
23572500;11.569549560546875;
23581500;11.511863708496094;
23590500;11.401321411132812;
23599500;11.567062377929688;
23608500;11.894638061523438;
23617500;11.862457275390625;
23626500;11.498664855957031;
23635500;11.789718627929687;
23644500;11.693008422851563;
23653500;11.735252380371094;
23662500;12.013786315917969;
23671500;11.870536804199219;
23680500;11.795974731445312;
23689500;11.565101623535156;
23698500;11.718910217285156;
23707500;12.014617919921875;
23716500;11.936637878417969;
23725500;11.937393188476562;
23734500;12.035781860351563;
23743500;11.933853149414063;
23752500;12.080604553222656;
23761500;12.265480041503906;
23770500;12.298866271972656;
23779500;11.853134155273438;
23788500;12.130126953125;
23797500;12.203300476074219;
23806500;12.122970581054688;
23815500;12.335517883300781;
23824500;12.432258605957031;
23833500;12.429275512695313;
23842500;17.330299377441406;
23851500;13.198410034179688;
23860500;12.548027038574219;
23869500;12.526329040527344;
23878500;12.687294006347656;
23887500;12.526092529296875;
23896500;12.446151733398438;
23905500;12.631965637207031;
23914500;12.684982299804688;
23923500;12.776031494140625;
23932500;13.019332885742188;
23941500;13.983428955078125;
23950500;14.728675842285156;
23959500;15.579963684082031;
23968500;16.422477722167969;
23977500;17.376953125;
23986500;17.799835205078125;
23995500;26.307670593261719;
24004500;36.813362121582031;
24013500;23.384956359863281;
24022500;17.757217407226563;
24031500;16.86163330078125;
24040500;15.224960327148437;
24049500;13.624336242675781;
24058500;12.984916687011719;
24067500;13.173263549804688;
24076500;13.3194580078125;
24085500;13.628250122070312;
24094500;13.377853393554688;
24103500;13.271697998046875;
24112500;13.398002624511719;
24121500;13.976104736328125;
24130500;14.0399169921875;
24139500;13.42242431640625;
24148500;13.105842590332031;
24157500;12.944183349609375;
24166500;12.962196350097656;
24175500;12.959266662597656;
24184500;12.823135375976562;
24193500;12.669174194335938;
24202500;12.338897705078125;
24211500;13.67608642578125;
24220500;13.080543518066406;
24229500;13.203521728515625;
24238500;13.1519775390625;
24247500;13.026565551757813;
24256500;12.48992919921875;
24265500;12.482505798339844;
24274500;12.698554992675781;
24283500;13.130096435546875;
24292500;12.9970703125;
24301500;13.067451477050781;
24310500;12.773033142089844;
24319500;12.911140441894531;
24328500;13.300926208496094;
24337500;13.369560241699219;
24346500;14.160202026367188;
24355500;12.975555419921875;
24364500;12.363487243652344;
24373500;12.626609802246094;
24382500;12.715736389160156;
24391500;12.921653747558594;
24400500;13.132774353027344;
24409500;12.771171569824219;
24418500;12.493782043457031;
24427500;12.655181884765625;
24436500;12.827117919921875;
24445500;12.879020690917969;
24454500;12.816360473632812;
24463500;12.70684814453125;
24472500;12.926277160644531;
24481500;12.747634887695313;
24490500;12.801116943359375;
24499500;12.437484741210938;
24508500;12.293014526367188;
24517500;12.276214599609375;
24526500;12.772186279296875;
24535500;13.426513671875;
24544500;14.914169311523438;
24553500;14.497245788574219;
24562500;12.951248168945313;
24571500;13.116592407226563;
24580500;13.237800598144531;
24589500;13.566963195800781;
24598500;13.65863037109375;
24607500;13.186210632324219;
24616500;13.4410400390625;
24625500;13.964195251464844;
24634500;13.422843933105469;
24643500;12.913665771484375;
24652500;12.478469848632813;
24661500;12.632781982421875;
24670500;12.916229248046875;
24679500;12.944091796875;
24688500;12.722457885742188;
24697500;12.555313110351563;
24706500;12.357696533203125;
24715500;12.362297058105469;
24724500;13.015419006347656;
24733500;13.054931640625;
24742500;12.870063781738281;
24751500;12.922996520996094;
24760500;12.767509460449219;
24769500;13.113006591796875;
24778500;13.700965881347656;
24787500;13.558937072753906;
24796500;13.431068420410156;
24805500;12.74224853515625;
24814500;12.509895324707031;
24823500;13.0401611328125;
24832500;13.401329040527344;
24841500;13.295608520507812;
24850500;12.59490966796875;
24859500;11.955467224121094;
24868500;12.399749755859375;
24877500;13.187690734863281;
24886500;13.390663146972656;
24895500;13.339828491210938;
24904500;12.902267456054687;
24913500;12.513626098632813;
24922500;13.088630676269531;
24931500;13.583419799804688;
24940500;13.6241455078125;
24949500;13.2935791015625;
24958500;12.408889770507812;
24967500;11.98065185546875;
24976500;12.573127746582031;
24985500;13.440582275390625;
24994500;13.690078735351563;
25003500;13.072990417480469;
25012500;12.300827026367188;
25021500;12.113357543945312;
25030500;12.644424438476563;
25039500;13.310760498046875;
25048500;13.60015869140625;
25057500;13.225364685058594;
25066500;12.682319641113281;
25075500;12.598922729492187;
25084500;13.293601989746094;
25093500;13.994659423828125;
25102500;13.976333618164063;
25111500;13.718605041503906;
25120500;13.015068054199219;
25129500;13.522750854492188;
25138500;14.172225952148437;
25147500;14.5557861328125;
25156500;14.377456665039063;
25165500;13.600547790527344;
25174500;13.120155334472656;
25183500;13.482826232910156;
25192500;14.0123291015625;
25201500;14.39044189453125;
25210500;13.981681823730469;
25219500;13.427742004394531;
25228500;13.208152770996094;
25237500;13.590415954589844;
25246500;14.2615966796875;
25255500;14.646980285644531;
25264500;14.412315368652344;
25273500;13.882255554199219;
25282500;13.50537109375;
25291500;13.950057983398438;
25300500;14.545112609863281;
25309500;14.768875122070313;
25318500;14.418624877929688;
25327500;13.755455017089844;
25336500;13.941543579101563;
25345500;14.039344787597656;
25354500;14.188331604003906;
25363500;14.614234924316406;
25372500;14.489959716796875;
25381500;14.399200439453125;
25390500;14.563819885253906;
25399500;14.89013671875;
25408500;14.8974609375;
25417500;15.044013977050781;
25426500;14.771690368652344;
25435500;14.815017700195313;
25444500;14.90838623046875;
25453500;15.606796264648438;
25462500;16.117965698242188;
25471500;17.017898559570312;
25480500;17.748985290527344;
25489500;17.797447204589844;
25498500;17.532791137695313;
25507500;17.730133056640625;
25516500;17.67645263671875;
25525500;17.331466674804687;
25534500;16.932098388671875;
25543500;16.42529296875;
25552500;15.781806945800781;
25561500;16.152069091796875;
25570500;16.3243408203125;
25579500;15.28741455078125;
25588500;15.11932373046875;
25597500;15.221534729003906;
25606500;15.000221252441406;
25615500;14.971328735351562;
25624500;14.940475463867188;
25633500;15.010917663574219;
25642500;15.12847900390625;
25651500;14.953079223632813;
25660500;14.429367065429688;
25669500;14.311439514160156;
25678500;14.168022155761719;
25687500;14.627883911132813;
25696500;15.06103515625;
25705500;14.756782531738281;
25714500;14.507675170898438;
25723500;14.347419738769531;
25732500;14.617805480957031;
25741500;15.008155822753906;
25750500;15.0496826171875;
25759500;14.865013122558594;
25768500;14.436859130859375;
25777500;14.421478271484375;
25786500;14.778907775878906;
25795500;15.201179504394531;
25804500;15.4217529296875;
25813500;15.011726379394531;
25822500;14.557540893554688;
25831500;14.491287231445313;
25840500;15.02374267578125;
25849500;15.160110473632812;
25858500;15.308822631835938;
25867500;14.967475891113281;
25876500;14.687332153320313;
25885500;14.859458923339844;
25894500;14.870986938476563;
25903500;15.319557189941406;
25912500;15.499870300292969;
25921500;14.7449951171875;
25930500;14.668304443359375;
25939500;14.882286071777344;
25948500;15.295989990234375;
25957500;16.087852478027344;
25966500;17.404899597167969;
25975500;18.27752685546875;
25984500;15.239013671875;
25993500;15.13079833984375;
26002500;15.63983154296875;
26011500;15.942924499511719;
26020500;15.694656372070313;
26029500;15.178123474121094;
26038500;15.04425048828125;
26047500;15.472412109375;
26056500;16.118118286132813;
26065500;15.998794555664062;
26074500;15.664863586425781;
26083500;15.527099609375;
26092500;15.909271240234375;
26101500;15.999824523925781;
26110500;16.521690368652344;
26119500;16.303489685058594;
26128500;15.720359802246094;
26137500;15.800277709960938;
26146500;15.74749755859375;
26155500;15.884925842285156;
26164500;16.452163696289063;
26173500;16.129913330078125;
26182500;15.68682861328125;
26191500;16.016242980957031;
26200500;16.407989501953125;
26209500;16.411506652832031;
26218500;16.585250854492188;
26227500;16.325927734375;
26236500;16.045753479003906;
26245500;15.891571044921875;
26254500;16.147468566894531;
26263500;16.494575500488281;
26272500;16.425018310546875;
26281500;16.792976379394531;
26290500;16.634330749511719;
26299500;16.365219116210937;
26308500;16.736763000488281;
26317500;17.119697570800781;
26326500;16.901275634765625;
26335500;16.683311462402344;
26344500;16.471038818359375;
26353500;16.697738647460938;
26362500;17.014839172363281;
26371500;18.491897583007813;
26380500;19.335647583007813;
26389500;16.821578979492187;
26398500;16.854522705078125;
26407500;16.864372253417969;
26416500;17.345977783203125;
26425500;17.220664978027344;
26434500;16.854904174804688;
26443500;17.093963623046875;
26452500;17.042816162109375;
26461500;17.330703735351563;
26470500;17.254142761230469;
26479500;16.9647216796875;
26488500;17.104896545410156;
26497500;17.10198974609375;
26506500;16.999588012695313;
26515500;17.395004272460937;
26524500;17.485519409179688;
26533500;17.311012268066406;
26542500;17.432609558105469;
26551500;17.718986511230469;
26560500;17.410018920898437;
26569500;17.348770141601562;
26578500;17.30059814453125;
26587500;17.150802612304688;
26596500;17.429344177246094;
26605500;17.5360107421875;
26614500;17.807342529296875;
26623500;17.680038452148438;
26632500;17.72381591796875;
26641500;18.033912658691406;
26650500;17.696884155273437;
26659500;17.791252136230469;
26668500;17.693077087402344;
26677500;17.699165344238281;
26686500;17.316192626953125;
26695500;17.0794677734375;
26704500;17.4554443359375;
26713500;17.334991455078125;
26722500;17.91796875;
26731500;18.785324096679688;
26740500;17.124534606933594;
26749500;16.965171813964844;
26758500;17.309173583984375;
26767500;17.683876037597656;
26776500;17.710685729980469;
26785500;18.870895385742188;
26794500;17.017471313476562;
26803500;16.975082397460937;
26812500;18.2686767578125;
26821500;18.56585693359375;
26830500;16.732261657714844;
26839500;16.607612609863281;
26848500;16.551223754882813;
26857500;16.566688537597656;
26866500;17.004798889160156;
26875500;17.044357299804687;
26884500;16.562606811523437;
26893500;16.466255187988281;
26902500;17.487098693847656;
26911500;17.4866943359375;
26920500;16.936050415039063;
26929500;16.669700622558594;
26938500;16.343025207519531;
26947500;15.962890625;
26956500;16.042495727539062;
26965500;16.696456909179687;
26974500;17.542007446289062;
26983500;17.479988098144531;
26992500;18.034370422363281;
27001500;19.616004943847656;
27010500;18.38604736328125;
27019500;17.26690673828125;
27028500;16.917068481445313;
27037500;16.3876953125;
27046500;15.665023803710938;
27055500;15.10430908203125;
27064500;15.367782592773438;
27073500;15.268173217773438;
27082500;15.674575805664063;
27091500;15.122428894042969;
27100500;14.564781188964844;
27109500;14.617965698242188;
27118500;14.814384460449219;
27127500;14.839630126953125;
27136500;14.614585876464844;
27145500;14.491813659667969;
27154500;13.930366516113281;
27163500;13.97784423828125;
27172500;15.242401123046875;
27181500;14.448318481445313;
27190500;16.814178466796875;
27199500;16.062675476074219;
27208500;13.277755737304688;
27217500;13.338272094726563;
27226500;13.277816772460938;
27235500;13.521774291992188;
27244500;13.368553161621094;
27253500;13.168563842773438;
27262500;14.695098876953125;
27271500;13.289451599121094;
27280500;12.802536010742188;
27289500;12.668525695800781;
27298500;12.588096618652344;
27307500;12.245323181152344;
27316500;12.250396728515625;
27325500;12.551620483398437;
27334500;12.595169067382813;
27343500;12.798568725585938;
27352500;13.861289978027344;
27361500;11.776176452636719;
27370500;11.760124206542969;
27379500;11.813819885253906;
27388500;11.9136962890625;
27397500;11.704063415527344;
27406500;11.688835144042969;
27415500;11.411422729492188;
27424500;11.331008911132813;
27433500;12.291343688964844;
27442500;13.880050659179688;
27451500;11.356704711914063;
27460500;10.988594055175781;
27469500;10.697029113769531;
27478500;10.713035583496094;
27487500;10.819404602050781;
27496500;10.565383911132813;
27505500;10.54620361328125;
27514500;10.815185546875;
27523500;11.141853332519531;
27532500;11.123176574707031;
27541500;10.335441589355469;
27550500;10.274307250976562;
27559500;10.18109130859375;
27568500;9.9933624267578125;
27577500;10.100456237792969;
27586500;10.348381042480469;
27595500;11.902847290039063;
27604500;10.05133056640625;
27613500;10.124862670898437;
27622500;10.153289794921875;
27631500;9.62005615234375;
27640500;9.6032867431640625;
27649500;9.7926254272460937;
27658500;9.3583526611328125;
27667500;9.2114410400390625;
27676500;9.4865341186523437;
27685500;9.3166732788085938;
27694500;9.15496826171875;
27703500;9.52325439453125;
27712500;9.1779937744140625;
27721500;9.3644256591796875;
27730500;9.2437591552734375;
27739500;9.2000045776367187;
27748500;9.1871185302734375;
27757500;8.7989501953125;
27766500;9.0368576049804687;
27775500;9.204437255859375;
27784500;9.2520294189453125;
27793500;9.6930007934570312;
27802500;9.0668106079101562;
27811500;8.8499984741210937;
27820500;8.90936279296875;
27829500;9.3232955932617187;
27838500;9.1647796630859375;
27847500;9.101654052734375;
27856500;8.8975753784179687;
27865500;8.9880905151367187;
27874500;9.0124359130859375;
27883500;9.86578369140625;
27892500;9.252471923828125;
27901500;9.3675613403320312;
27910500;9.0422210693359375;
27919500;9.3007736206054687;
27928500;9.256561279296875;
27937500;9.4665985107421875;
27946500;9.2745208740234375;
27955500;9.26580810546875;
27964500;9.1961822509765625;
27973500;9.9626235961914062;
27982500;9.5439834594726562;
27991500;9.3115463256835937;
28000500;9.9611434936523437;
28009500;9.337493896484375;
28018500;9.2397003173828125;
28027500;9.3106613159179687;
28036500;9.5775299072265625;
28045500;9.6426620483398437;
28054500;9.6075210571289062;
28063500;9.8977203369140625;
28072500;9.8551101684570312;
28081500;10.10943603515625;
28090500;9.89935302734375;
28099500;9.923248291015625;
28108500;9.9957275390625;
28117500;9.7372283935546875;
28126500;9.7799530029296875;
28135500;9.7413177490234375;
28144500;10.03369140625;
28153500;10.212158203125;
28162500;9.835845947265625;
28171500;9.8520965576171875;
28180500;9.7764663696289062;
28189500;10.027130126953125;
28198500;10.058273315429687;
28207500;10.131698608398437;
28216500;10.506820678710937;
28225500;10.871902465820313;
28234500;10.56549072265625;
28243500;10.0264892578125;
28252500;10.2698974609375;
28261500;10.291854858398437;
28270500;10.212120056152344;
28279500;10.380218505859375;
28288500;10.346343994140625;
28297500;10.399971008300781;
28306500;10.107444763183594;
28315500;10.17779541015625;
28324500;10.569351196289063;
28333500;10.513099670410156;
28342500;10.489128112792969;
28351500;10.640426635742188;
28360500;10.617012023925781;
28369500;10.369911193847656;
28378500;10.32708740234375;
28387500;10.350257873535156;
28396500;10.432235717773437;
28405500;11.238815307617188;
28414500;11.095100402832031;
28423500;10.956466674804687;
28432500;11.242904663085937;
28441500;10.462776184082031;
28450500;10.699897766113281;
28459500;10.758987426757812;
28468500;11.154617309570312;
28477500;11.505744934082031;
28486500;11.849777221679688;
28495500;11.3768310546875;
28504500;11.569183349609375;
28513500;11.233085632324219;
28522500;11.141349792480469;
28531500;11.175346374511719;
28540500;11.040115356445313;
28549500;11.123199462890625;
28558500;11.602134704589844;
28567500;11.158226013183594;
28576500;11.492820739746094;
28585500;11.592041015625;
28594500;11.833908081054687;
28603500;11.747886657714844;
28612500;11.466522216796875;
28621500;11.659706115722656;
28630500;13.542823791503906;
28639500;13.459129333496094;
28648500;11.49005126953125;
28657500;11.726242065429688;
28666500;11.781913757324219;
28675500;11.713088989257812;
28684500;11.961326599121094;
28693500;12.096504211425781;
28702500;12.074249267578125;
28711500;12.427940368652344;
28720500;12.07867431640625;
28729500;12.104522705078125;
28738500;12.344978332519531;
28747500;12.319091796875;
28756500;12.430618286132813;
28765500;12.449485778808594;
28774500;12.685874938964844;
28783500;12.805587768554687;
28792500;12.795494079589844;
28801500;12.858360290527344;
28810500;12.615219116210938;
28819500;12.764083862304688;
28828500;12.884719848632812;
28837500;13.09698486328125;
28846500;12.997810363769531;
28855500;13.348785400390625;
28864500;13.274261474609375;
28873500;12.846878051757812;
28882500;13.215850830078125;
28891500;12.98992919921875;
28900500;13.283157348632813;
28909500;13.515411376953125;
28918500;13.318130493164063;
28927500;13.569122314453125;
28936500;13.68988037109375;
28945500;13.665184020996094;
28954500;13.757118225097656;
28963500;13.786094665527344;
28972500;13.648078918457031;
28981500;13.673233032226563;
28990500;13.519882202148438;
28999500;13.822723388671875;
29008500;14.064079284667969;
29017500;13.795799255371094;
29026500;14.071441650390625;
29035500;14.568550109863281;
29044500;14.283538818359375;
29053500;14.102394104003906;
29062500;14.361862182617187;
29071500;13.986763000488281;
29080500;14.199203491210938;
29089500;14.466194152832031;
29098500;14.34210205078125;
29107500;14.489700317382812;
29116500;14.621231079101563;
29125500;14.840835571289063;
29134500;14.527847290039062;
29143500;14.488937377929687;
29152500;14.810089111328125;
29161500;15.012237548828125;
29170500;15.034515380859375;
29179500;15.023643493652344;
29188500;15.086318969726562;
29197500;15.225990295410156;
29206500;15.157142639160156;
29215500;15.668838500976563;
29224500;15.91619873046875;
29233500;15.6702880859375;
29242500;15.6656494140625;
29251500;15.834266662597656;
29260500;15.786727905273438;
29269500;15.903938293457031;
29278500;16.294654846191406;
29287500;17.837234497070313;
29296500;16.598625183105469;
29305500;16.625633239746094;
29314500;16.485214233398438;
29323500;16.717498779296875;
29332500;16.991249084472656;
29341500;17.240135192871094;
29350500;16.992698669433594;
29359500;17.034072875976563;
29368500;17.099601745605469;
29377500;17.58111572265625;
29386500;17.495460510253906;
29395500;18.027748107910156;
29404500;18.088432312011719;
29413500;18.096824645996094;
29422500;18.365760803222656;
29431500;18.301544189453125;
29440500;18.452301025390625;
29449500;18.523170471191406;
29458500;18.719505310058594;
29467500;18.477005004882813;
29476500;18.865402221679688;
29485500;19.114067077636719;
29494500;18.613616943359375;
29503500;18.767547607421875;
29512500;18.772483825683594;
29521500;18.871315002441406;
29530500;18.949333190917969;
29539500;18.981391906738281;
29548500;18.919639587402344;
29557500;19.046806335449219;
29566500;19.643898010253906;
29575500;19.606887817382812;
29584500;19.269462585449219;
29593500;19.704849243164062;
29602500;19.509422302246094;
29611500;19.61810302734375;
29620500;19.894989013671875;
29629500;19.852828979492188;
29638500;19.613395690917969;
29647500;19.544143676757813;
29656500;20.17138671875;
29665500;22.104026794433594;
29674500;21.069526672363281;
29683500;19.969032287597656;
29692500;19.764251708984375;
29701500;19.411430358886719;
29710500;19.67364501953125;
29719500;19.855560302734375;
29728500;20.057907104492188;
29737500;20.156379699707031;
29746500;20.450607299804688;
29755500;20.685287475585938;
29764500;20.549064636230469;
29773500;20.068687438964844;
29782500;19.8836669921875;
29791500;19.908164978027344;
29800500;22.568710327148437;
29809500;22.6324462890625;
29818500;19.821479797363281;
29827500;22.653076171875;
29836500;20.340866088867188;
29845500;19.934242248535156;
29854500;19.912445068359375;
29863500;19.915092468261719;
29872500;20.17767333984375;
29881500;20.115585327148438;
29890500;19.935333251953125;
29899500;20.288734436035156;
29908500;20.081428527832031;
29917500;20.077445983886719;
29926500;21.090377807617188;
29935500;19.879135131835938;
29944500;19.696388244628906;
29953500;19.674354553222656;
29962500;19.986038208007812;
29971500;20.4970703125;
29980500;20.795982360839844;
29989500;20.810493469238281;
29998500;24.779014587402344;
