Type;FSV-13;
Version;3.70;
Date;14.Mar 24;
Mode;ANALYZER;
Center Freq;15076500.000000;Hz
Freq Offset;0.000000;Hz
Span;29844000.000000;Hz
x-Axis;LIN;
Start;154500.000000;Hz
Stop;29998500.000000;Hz
Ref Level;61.000000;dBµV
Level Offset;0.000000;dB
Ref Position;100.000000;%
y-Axis;LOG;
Level Range;100.000000;dB
Rf Att;0.000000;dB
El Att;0.000000;dB
RBW;9000.000000;Hz
VBW;100000.000000;Hz
SWT;0.100000;s
Trace Mode;AVERAGE;
Detector;RMS;
Sweep Count;0;
Trace 1:;;
x-Unit;Hz;
y-Unit;dBµV;
Preamplifier;OFF;
Transducer;OFF;
Values;3317;
154500;8.7062911987304687;
163500;11.629150390625;
172500;2.63525390625;
181500;1.2980804443359375;
190500;1.107666015625;
199500;1.4033050537109375;
208500;0.90386199951171875;
217500;0.972625732421875;
226500;4.2859115600585938;
235500;2.4482879638671875;
244500;2.1608123779296875;
253500;0.49977874755859375;
262500;0.22365570068359375;
271500;0.84377288818359375;
280500;0.6743316650390625;
289500;1.3486557006835937;
298500;0.41468048095703125;
307500;0.30572509765625;
316500;4.576416015625;
325500;9.1826095581054687;
334500;5.8768081665039062;
343500;1.0145645141601562;
352500;-0.01897430419921875;
361500;-0.1188812255859375;
370500;0.0513763427734375;
379500;-1.2028884887695313;
388500;-1.280731201171875;
397500;-0.5406036376953125;
406500;0.71905517578125;
415500;-0.48255157470703125;
424500;-1.3536911010742187;
433500;-1.3130569458007813;
442500;-1.2744674682617187;
451500;-0.6205596923828125;
460500;1.7249755859375;
469500;-0.04573822021484375;
478500;1.9362869262695313;
487500;7.1815414428710937;
496500;6.9861221313476563;
505500;2.598602294921875;
514500;-0.11595916748046875;
523500;-1.2891464233398437;
532500;-0.696563720703125;
541500;-1.694091796875;
550500;-1.7868118286132812;
559500;-1.3348922729492187;
568500;-0.10045623779296875;
577500;-1.3815460205078125;
586500;-2.1220245361328125;
595500;0.01998138427734375;
604500;-0.2409820556640625;
613500;2.0586776733398438;
622500;-1.8549423217773437;
631500;0.26227569580078125;
640500;2.5201568603515625;
649500;5.7188949584960938;
658500;6.215972900390625;
667500;4.1712493896484375;
676500;4.5728912353515625;
685500;0.82393646240234375;
694500;9.6513595581054687;
703500;5.0157318115234375;
712500;3.2152023315429687;
721500;2.5669631958007812;
730500;0.9345245361328125;
739500;-0.9385833740234375;
748500;0.07802581787109375;
757500;5.9066238403320312;
766500;1.671142578125;
775500;0.284515380859375;
784500;-0.543853759765625;
793500;6.2362213134765625;
802500;4.7956619262695312;
811500;6.8004684448242188;
820500;6.0743408203125;
829500;6.4036102294921875;
838500;8.0733184814453125;
847500;8.3747177124023437;
856500;5.16668701171875;
865500;3.403839111328125;
874500;6.916595458984375;
883500;9.4263458251953125;
892500;12.59454345703125;
901500;6.9644546508789063;
910500;4.0960693359375;
919500;5.323974609375;
928500;13.692276000976563;
937500;7.9607620239257812;
946500;5.6491546630859375;
955500;5.1077346801757812;
964500;6.34527587890625;
973500;9.6372909545898437;
982500;6.3288116455078125;
991500;6.919158935546875;
1000500;7.5642852783203125;
1009500;6.30877685546875;
1018500;2.413604736328125;
1027500;1.879425048828125;
1036500;8.0314178466796875;
1045500;2.2357254028320312;
1054500;2.06988525390625;
1063500;1.3622055053710937;
1072500;5.6516571044921875;
1081500;6.7950897216796875;
1090500;0.64261627197265625;
1099500;0.00727081298828125;
1108500;0.82984161376953125;
1117500;7.7965011596679687;
1126500;1.2016143798828125;
1135500;2.5011062622070313;
1144500;4.748077392578125;
1153500;6.958831787109375;
1162500;6.7975997924804687;
1171500;3.346649169921875;
1180500;4.530853271484375;
1189500;12.364021301269531;
1198500;6.5201873779296875;
1207500;0.22789764404296875;
1216500;-0.33803558349609375;
1225500;7.8794021606445312;
1234500;11.898773193359375;
1243500;1.8827896118164062;
1252500;0.7921600341796875;
1261500;-0.04766845703125;
1270500;0.0124359130859375;
1279500;2.6151046752929687;
1288500;1.1304702758789062;
1297500;2.0249710083007812;
1306500;3.4047393798828125;
1315500;4.2472610473632812;
1324500;4.6723098754882812;
1333500;4.4870758056640625;
1342500;1.742950439453125;
1351500;0.73651123046875;
1360500;1.3862533569335937;
1369500;1.2106246948242187;
1378500;-0.37154388427734375;
1387500;-0.1237030029296875;
1396500;4.51080322265625;
1405500;1.0277633666992187;
1414500;0.42881011962890625;
1423500;-0.5105438232421875;
1432500;-0.3115234375;
1441500;0.64632415771484375;
1450500;0.1063079833984375;
1459500;1.4520721435546875;
1468500;3.03271484375;
1477500;3.743438720703125;
1486500;3.6138992309570313;
1495500;3.91876220703125;
1504500;3.2885513305664062;
1513500;1.621307373046875;
1522500;1.3656463623046875;
1531500;0.95436859130859375;
1540500;1.126953125;
1549500;0.701171875;
1558500;1.8053512573242187;
1567500;0.12844085693359375;
1576500;-0.07169342041015625;
1585500;0.0063934326171875;
1594500;1.1562042236328125;
1603500;1.0972900390625;
1612500;0.75652313232421875;
1621500;1.5772018432617187;
1630500;3.0587692260742187;
1639500;3.8245925903320312;
1648500;3.3614044189453125;
1657500;3.8564834594726562;
1666500;3.0910720825195313;
1675500;2.6180877685546875;
1684500;1.4403076171875;
1693500;1.3376541137695313;
1702500;1.2227554321289062;
1711500;1.2033462524414063;
1720500;1.3413619995117188;
1729500;0.433685302734375;
1738500;0.27972412109375;
1747500;-0.123291015625;
1756500;0.59325408935546875;
1765500;0.41852569580078125;
1774500;0.85721588134765625;
1783500;0.98175048828125;
1792500;2.0020828247070312;
1801500;2.7336273193359375;
1810500;2.413665771484375;
1819500;2.9278793334960938;
1828500;3.018951416015625;
1837500;3.2402191162109375;
1846500;1.357940673828125;
1855500;1.190338134765625;
1864500;1.7614212036132813;
1873500;1.4753036499023437;
1882500;1.2187881469726562;
1891500;0.2309417724609375;
1900500;0.1337432861328125;
1909500;0.488616943359375;
1918500;0.97269439697265625;
1927500;0.33209228515625;
1936500;0.3165435791015625;
1945500;2.4958648681640625;
1954500;2.716339111328125;
1963500;2.389190673828125;
1972500;2.3013916015625;
1981500;2.77471923828125;
1990500;2.9235992431640625;
1999500;2.8641738891601562;
2008500;1.86920166015625;
2017500;0.642242431640625;
2026500;1.1997909545898437;
2035500;2.3324813842773437;
2044500;1.7682342529296875;
2053500;1.0183792114257812;
2062500;0.953216552734375;
2071500;0.859039306640625;
2080500;2.0375518798828125;
2089500;0.95525360107421875;
2098500;0.40894317626953125;
2107500;1.133056640625;
2116500;2.4142608642578125;
2125500;2.439605712890625;
2134500;2.4685134887695313;
2143500;2.5188140869140625;
2152500;2.868988037109375;
2161500;3.0546340942382812;
2170500;2.5047225952148437;
2179500;1.1600570678710937;
2188500;0.80835723876953125;
2197500;1.7133712768554688;
2206500;1.3654708862304688;
2215500;1.85223388671875;
2224500;1.08349609375;
2233500;1.161346435546875;
2242500;1.7058334350585937;
2251500;1.6555557250976562;
2260500;0.95940399169921875;
2269500;1.2707290649414062;
2278500;3.12689208984375;
2287500;2.5521697998046875;
2296500;3.195159912109375;
2305500;6.648223876953125;
2314500;3.4101028442382812;
2323500;3.5421218872070313;
2332500;2.5746002197265625;
2341500;2.4513626098632813;
2350500;1.072601318359375;
2359500;2.252044677734375;
2368500;0.64000701904296875;
2377500;5.143157958984375;
2386500;7.2660140991210938;
2395500;9.2755203247070312;
2404500;2.877685546875;
2413500;1.1714859008789062;
2422500;0.92697906494140625;
2431500;1.1822586059570312;
2440500;2.829376220703125;
2449500;1.967041015625;
2458500;2.3559951782226562;
2467500;5.5402984619140625;
2476500;5.8737030029296875;
2485500;6.8010711669921875;
2494500;2.6320953369140625;
2503500;2.24945068359375;
2512500;1.6282882690429687;
2521500;2.130706787109375;
2530500;0.8018341064453125;
2539500;0.9107208251953125;
2548500;0.49166107177734375;
2557500;1.8192977905273437;
2566500;2.9611587524414063;
2575500;2.7145919799804687;
2584500;0.210205078125;
2593500;0.8999786376953125;
2602500;1.64422607421875;
2611500;1.2823944091796875;
2620500;0.9165802001953125;
2629500;0.5613555908203125;
2638500;1.3980712890625;
2647500;1.178009033203125;
2656500;1.5258712768554687;
2665500;0.98929595947265625;
2674500;0.86252593994140625;
2683500;0.273468017578125;
2692500;-0.77136993408203125;
2701500;-1.0559005737304687;
2710500;-0.92807769775390625;
2719500;-0.41527557373046875;
2728500;-0.84131622314453125;
2737500;-1.06817626953125;
2746500;-0.9089508056640625;
2755500;-0.76221466064453125;
2764500;-0.31433868408203125;
2773500;0.0152587890625;
2782500;-0.1745452880859375;
2791500;0.05899810791015625;
2800500;0.13718414306640625;
2809500;0.22441864013671875;
2818500;0.7487030029296875;
2827500;0.4821929931640625;
2836500;1.8375625610351563;
2845500;0.19280242919921875;
2854500;-0.69832611083984375;
2863500;-1.1463851928710937;
2872500;-1.47686767578125;
2881500;-1.0188369750976562;
2890500;-1.0458602905273437;
2899500;-1.04193115234375;
2908500;-1.2571945190429687;
2917500;-0.48802947998046875;
2926500;1.5212478637695313;
2935500;0.1751556396484375;
2944500;0.2548370361328125;
2953500;0.53675079345703125;
2962500;0.38715362548828125;
2971500;0.3467254638671875;
2980500;0.78604888916015625;
2989500;1.0016098022460937;
2998500;1.01031494140625;
3007500;1.1650009155273437;
3016500;1.6474227905273437;
3025500;-0.28759765625;
3034500;-0.744110107421875;
3043500;-0.468902587890625;
3052500;-0.2762908935546875;
3061500;-0.29721832275390625;
3070500;-0.05768585205078125;
3079500;0.02068328857421875;
3088500;-0.00626373291015625;
3097500;0.75054168701171875;
3106500;0.95488739013671875;
3115500;0.4852142333984375;
3124500;0.6853790283203125;
3133500;0.842132568359375;
3142500;1.0271987915039063;
3151500;1.4247665405273437;
3160500;1.3691940307617187;
3169500;1.4106063842773437;
3178500;1.5223617553710937;
3187500;0.74523162841796875;
3196500;0.29936981201171875;
3205500;0.4509735107421875;
3214500;0.828216552734375;
3223500;0.6417083740234375;
3232500;0.54999542236328125;
3241500;0.93090057373046875;
3250500;0.78400421142578125;
3259500;1.3078460693359375;
3268500;1.1214523315429687;
3277500;1.1562347412109375;
3286500;1.1450958251953125;
3295500;1.305419921875;
3304500;1.4762802124023437;
3313500;1.8483734130859375;
3322500;1.8439483642578125;
3331500;2.030120849609375;
3340500;2.443084716796875;
3349500;2.1859893798828125;
3358500;1.958343505859375;
3367500;2.3638153076171875;
3376500;2.0764923095703125;
3385500;1.9508819580078125;
3394500;2.16107177734375;
3403500;2.4762725830078125;
3412500;2.36798095703125;
3421500;2.620147705078125;
3430500;2.4026565551757812;
3439500;1.9029769897460937;
3448500;1.6441116333007812;
3457500;3.9639739990234375;
3466500;1.8677520751953125;
3475500;1.5731124877929687;
3484500;2.11724853515625;
3493500;1.94573974609375;
3502500;2.288726806640625;
3511500;2.0323486328125;
3520500;1.926544189453125;
3529500;1.6122894287109375;
3538500;1.61724853515625;
3547500;5.3251190185546875;
3556500;1.8191299438476562;
3565500;1.6404647827148437;
3574500;3.1760101318359375;
3583500;1.486907958984375;
3592500;1.3099746704101562;
3601500;1.0087890625;
3610500;0.31528472900390625;
3619500;-0.17862701416015625;
3628500;0.02518463134765625;
3637500;3.726409912109375;
3646500;0.25792694091796875;
3655500;-0.03766632080078125;
3664500;0.059906005859375;
3673500;0.13285064697265625;
3682500;0.2393798828125;
3691500;-0.0068817138671875;
3700500;-0.25029754638671875;
3709500;-0.33233642578125;
3718500;-0.29528045654296875;
3727500;0.94411468505859375;
3736500;0.22248077392578125;
3745500;0.51888275146484375;
3754500;0.877777099609375;
3763500;0.7105255126953125;
3772500;0.601409912109375;
3781500;0.18178558349609375;
3790500;0.11531829833984375;
3799500;0.11618804931640625;
3808500;0.35448455810546875;
3817500;0.78421783447265625;
3826500;0.31140899658203125;
3835500;0.28981781005859375;
3844500;0.12751007080078125;
3853500;0.03943634033203125;
3862500;-0.3263092041015625;
3871500;-0.712432861328125;
3880500;-0.80365753173828125;
3889500;-0.71901702880859375;
3898500;0.11115264892578125;
3907500;0.43939208984375;
3916500;-0.0495452880859375;
3925500;-0.1016998291015625;
3934500;-0.402099609375;
3943500;-0.777191162109375;
3952500;-0.811553955078125;
3961500;-1.0328445434570313;
3970500;-1.0370941162109375;
3979500;-0.806854248046875;
3988500;0.4499053955078125;
3997500;-0.250885009765625;
4006500;-1.04193115234375;
4015500;-1.0591278076171875;
4024500;-1.4225006103515625;
4033500;-1.65545654296875;
4042500;-1.58563232421875;
4051500;-1.5035552978515625;
4060500;-1.4361190795898438;
4069500;-1.3611221313476563;
4078500;1.023101806640625;
4087500;-0.37883758544921875;
4096500;-0.82698822021484375;
4105500;-0.73770904541015625;
4114500;-1.1310348510742187;
4123500;-1.0716552734375;
4132500;-1.2643890380859375;
4141500;-1.1508331298828125;
4150500;-0.99298858642578125;
4159500;-1.0903091430664062;
4168500;1.0327529907226563;
4177500;-0.42221832275390625;
4186500;-0.70319366455078125;
4195500;-1.2291412353515625;
4204500;-1.346832275390625;
4213500;-1.2539138793945313;
4222500;-0.86403656005859375;
4231500;-0.81329345703125;
4240500;-0.4743804931640625;
4249500;-0.44319915771484375;
4258500;0.77631378173828125;
4267500;0.0450897216796875;
4276500;-0.21185302734375;
4285500;-0.39820098876953125;
4294500;-0.315582275390625;
4303500;-0.01631927490234375;
4312500;0.0978240966796875;
4321500;0.2812652587890625;
4330500;0.32570648193359375;
4339500;0.59113311767578125;
4348500;0.37932586669921875;
4357500;-0.01502227783203125;
4366500;-0.30336761474609375;
4375500;-0.10146331787109375;
4384500;0.2490692138671875;
4393500;0.2904510498046875;
4402500;0.74825286865234375;
4411500;0.89122772216796875;
4420500;1.2025299072265625;
4429500;1.5662078857421875;
4438500;2.33251953125;
4447500;1.2081756591796875;
4456500;1.1933441162109375;
4465500;1.6786956787109375;
4474500;1.8618316650390625;
4483500;2.03692626953125;
4492500;2.459075927734375;
4501500;2.1898040771484375;
4510500;1.9475173950195313;
4519500;3.054443359375;
4528500;3.848480224609375;
4537500;1.4456939697265625;
4546500;1.8558502197265625;
4555500;1.9073486328125;
4564500;2.138275146484375;
4573500;2.29840087890625;
4582500;2.5992355346679687;
4591500;2.5890731811523438;
4600500;2.5057830810546875;
4609500;5.2759628295898437;
4618500;4.8582305908203125;
4627500;3.15069580078125;
4636500;3.0284576416015625;
4645500;3.5679397583007812;
4654500;4.0549163818359375;
4663500;4.2957229614257812;
4672500;3.790618896484375;
4681500;3.2872238159179687;
4690500;2.990692138671875;
4699500;5.7646560668945313;
4708500;4.4324798583984375;
4717500;3.1646575927734375;
4726500;3.21514892578125;
4735500;3.6442413330078125;
4744500;3.7697830200195313;
4753500;3.6352691650390625;
4762500;3.7352752685546875;
4771500;3.5437469482421875;
4780500;3.7271499633789063;
4789500;5.4635238647460938;
4798500;4.3668441772460938;
4807500;4.4270095825195312;
4816500;4.8794784545898437;
4825500;5.1033859252929687;
4834500;5.1048583984375;
4843500;4.5582275390625;
4852500;4.0823822021484375;
4861500;4.08734130859375;
4870500;3.8582687377929687;
4879500;4.0159759521484375;
4888500;4.1022262573242187;
4897500;4.4525222778320313;
4906500;4.51531982421875;
4915500;4.5929412841796875;
4924500;4.4394302368164062;
4933500;4.321685791015625;
4942500;4.6154861450195313;
4951500;4.13482666015625;
4960500;4.6465682983398437;
4969500;6.393707275390625;
4978500;5.203765869140625;
4987500;5.2051315307617187;
4996500;5.4363555908203125;
5005500;5.0844650268554687;
5014500;4.8270111083984375;
5023500;4.7875137329101562;
5032500;4.6357879638671875;
5041500;4.590240478515625;
5050500;6.0261077880859375;
5059500;9.3972549438476563;
5068500;4.8699111938476562;
5077500;5.255126953125;
5086500;4.6247406005859375;
5095500;4.3977203369140625;
5104500;4.4865036010742188;
5113500;4.2141494750976562;
5122500;4.2350921630859375;
5131500;4.329315185546875;
5140500;7.6385421752929687;
5149500;9.7326812744140625;
5158500;4.8571090698242187;
5167500;4.6427688598632812;
5176500;4.3100814819335938;
5185500;4.3444137573242187;
5194500;4.4141387939453125;
5203500;3.9306716918945313;
5212500;3.8685531616210937;
5221500;4.1442947387695313;
5230500;7.1090850830078125;
5239500;7.7253265380859375;
5248500;4.59088134765625;
5257500;3.9151763916015625;
5266500;3.4433441162109375;
5275500;3.5052490234375;
5284500;2.9704132080078125;
5293500;2.9868316650390625;
5302500;3.0251235961914062;
5311500;3.01690673828125;
5320500;4.5563278198242187;
5329500;4.466339111328125;
5338500;2.89178466796875;
5347500;3.0726318359375;
5356500;3.1894073486328125;
5365500;2.678375244140625;
5374500;2.5667648315429687;
5383500;2.5767440795898437;
5392500;2.7565460205078125;
5401500;2.9663848876953125;
5410500;3.1777267456054687;
5419500;2.8960342407226562;
5428500;2.4152374267578125;
5437500;2.0868988037109375;
5446500;1.6923294067382812;
5455500;1.3905868530273437;
5464500;1.3677749633789062;
5473500;1.3793411254882813;
5482500;1.4264907836914063;
5491500;1.5425262451171875;
5500500;1.8245391845703125;
5509500;1.1135101318359375;
5518500;1.0152740478515625;
5527500;0.94432830810546875;
5536500;0.81349945068359375;
5545500;0.72530364990234375;
5554500;0.851348876953125;
5563500;0.84793853759765625;
5572500;0.88819122314453125;
5581500;1.0985031127929687;
5590500;2.8789825439453125;
5599500;0.87542724609375;
5608500;0.265380859375;
5617500;0.2045745849609375;
5626500;-0.04245758056640625;
5635500;-0.07140350341796875;
5644500;-0.05243682861328125;
5653500;-0.23260498046875;
5662500;-0.11412811279296875;
5671500;0.30113983154296875;
5680500;3.238922119140625;
5689500;-0.49045562744140625;
5698500;-0.3164825439453125;
5707500;-0.48657989501953125;
5716500;-0.6900634765625;
5725500;-0.57872772216796875;
5734500;-0.41114044189453125;
5743500;-0.1283721923828125;
5752500;-0.39994049072265625;
5761500;0.554595947265625;
5770500;2.7541732788085938;
5779500;-0.32750701904296875;
5788500;-0.6115570068359375;
5797500;-0.72791290283203125;
5806500;-0.51534271240234375;
5815500;-0.71558380126953125;
5824500;-0.6617279052734375;
5833500;-0.7880096435546875;
5842500;-1.015380859375;
5851500;0.14347076416015625;
5860500;0.60114288330078125;
5869500;-1.1373291015625;
5878500;-1.0639724731445313;
5887500;-1.173492431640625;
5896500;-1.0810012817382812;
5905500;-1.0652847290039062;
5914500;-1.3323287963867187;
5923500;-1.276947021484375;
5932500;-1.1261062622070312;
5941500;-1.1102218627929687;
5950500;-1.1190185546875;
5959500;-1.0625457763671875;
5968500;-1.199951171875;
5977500;-1.49969482421875;
5986500;-1.64007568359375;
5995500;-1.7541351318359375;
6004500;-1.7164764404296875;
6013500;-1.5548782348632812;
6022500;-1.728240966796875;
6031500;-1.3751754760742187;
6040500;-1.8175735473632813;
6049500;-2.0662307739257813;
6058500;-1.9513473510742187;
6067500;-1.9376983642578125;
6076500;-1.8910751342773437;
6085500;-2.020965576171875;
6094500;-2.11004638671875;
6103500;-1.9896392822265625;
6112500;-2.0474853515625;
6121500;0.81725311279296875;
6130500;-1.2001800537109375;
6139500;-1.8604202270507813;
6148500;-2.1327667236328125;
6157500;-2.1448440551757813;
6166500;-1.9698715209960938;
6175500;-1.736083984375;
6184500;-1.828765869140625;
6193500;-1.9563827514648437;
6202500;-1.5845489501953125;
6211500;2.3516464233398438;
6220500;-1.248626708984375;
6229500;-1.8718414306640625;
6238500;-1.80438232421875;
6247500;-1.7021484375;
6256500;-1.7679901123046875;
6265500;-1.6258773803710937;
6274500;-1.5057601928710937;
6283500;-1.6110076904296875;
6292500;-1.0713272094726562;
6301500;2.5983505249023437;
6310500;-1.1512374877929687;
6319500;-1.3439102172851563;
6328500;-1.4334335327148437;
6337500;-1.3944625854492188;
6346500;-1.2159652709960937;
6355500;-1.3279571533203125;
6364500;-1.0130767822265625;
6373500;-1.2975616455078125;
6382500;-0.81179046630859375;
6391500;1.3511199951171875;
6400500;-1.1772918701171875;
6409500;-1.3420867919921875;
6418500;-1.2288360595703125;
6427500;-0.97187042236328125;
6436500;-1.1581268310546875;
6445500;-1.1135482788085937;
6454500;-1.2084503173828125;
6463500;-1.1974563598632812;
6472500;-0.85166168212890625;
6481500;-0.8065338134765625;
6490500;-1.1873092651367187;
6499500;-1.3251190185546875;
6508500;-1.4340286254882812;
6517500;-1.03338623046875;
6526500;-1.2785491943359375;
6535500;-1.252532958984375;
6544500;-1.2480316162109375;
6553500;-1.3445053100585937;
6562500;-0.99132537841796875;
6571500;-1.3417816162109375;
6580500;-1.5773773193359375;
6589500;-1.2568893432617187;
6598500;-1.3565139770507812;
6607500;-1.4124832153320312;
6616500;-1.6799392700195313;
6625500;-1.596435546875;
6634500;-1.81158447265625;
6643500;-1.862823486328125;
6652500;0.14844512939453125;
6661500;-0.53141021728515625;
6670500;-1.6910018920898437;
6679500;-1.8516845703125;
6688500;-1.9931716918945313;
6697500;-1.9022445678710937;
6706500;-1.975067138671875;
6715500;-1.9181060791015625;
6724500;-1.9961929321289063;
6733500;-1.9530258178710937;
6742500;1.0655288696289062;
6751500;-0.74449920654296875;
6760500;-1.5705184936523437;
6769500;-1.891998291015625;
6778500;-1.9316253662109375;
6787500;-1.7888031005859375;
6796500;-2.1663970947265625;
6805500;-1.7931060791015625;
6814500;-1.9899139404296875;
6823500;-2.0055465698242187;
6832500;0.8606719970703125;
6841500;-1.6310653686523437;
6850500;-1.7478713989257812;
6859500;-1.7439041137695312;
6868500;-1.9320068359375;
6877500;-2.0127105712890625;
6886500;-1.9835891723632813;
6895500;-1.5919189453125;
6904500;-1.944183349609375;
6913500;-1.7443313598632813;
6922500;-0.82574462890625;
6931500;-1.9029159545898437;
6940500;-1.7975540161132813;
6949500;-2.1540679931640625;
6958500;-1.995513916015625;
6967500;-1.981475830078125;
6976500;-2.2789077758789062;
6985500;-1.9114608764648437;
6994500;-2.1645584106445313;
7003500;-1.9165573120117187;
7012500;-1.8427276611328125;
7021500;-2.1093215942382813;
7030500;-2.2401657104492187;
7039500;-2.250579833984375;
7048500;-2.1453628540039062;
7057500;-2.1536483764648437;
7066500;-2.2273101806640625;
7075500;-2.0788650512695312;
7084500;-2.088134765625;
7093500;-2.0584335327148437;
7102500;-2.3159942626953125;
7111500;-2.6927261352539062;
7120500;-2.3760833740234375;
7129500;-2.21112060546875;
7138500;-2.2913742065429687;
7147500;-2.5087738037109375;
7156500;-2.2805633544921875;
7165500;-2.3275833129882812;
7174500;-2.396331787109375;
7183500;-1.9322128295898437;
7192500;-1.809844970703125;
7201500;-2.4878463745117187;
7210500;-2.5528717041015625;
7219500;-2.7074356079101562;
7228500;-2.2939605712890625;
7237500;-2.8220062255859375;
7246500;-2.46746826171875;
7255500;-2.3964691162109375;
7264500;-2.407196044921875;
7273500;-1.2937545776367188;
7282500;-1.3625411987304687;
7291500;-2.5509872436523438;
7300500;-2.5653305053710938;
7309500;-2.73773193359375;
7318500;-2.6359710693359375;
7327500;-2.533233642578125;
7336500;-2.692169189453125;
7345500;-2.6456680297851562;
7354500;-2.4891815185546875;
7363500;-0.959381103515625;
7372500;-1.6648101806640625;
7381500;-2.5114288330078125;
7390500;-2.5173492431640625;
7399500;-2.8171310424804687;
7408500;-2.411590576171875;
7417500;-2.4389801025390625;
7426500;-2.4596939086914062;
7435500;-2.5323410034179687;
7444500;-2.4098892211914062;
7453500;-1.33966064453125;
7462500;-2.0427474975585937;
7471500;-2.6115646362304687;
7480500;-2.475250244140625;
7489500;-2.2081069946289062;
7498500;-2.1529998779296875;
7507500;-2.1572265625;
7516500;-2.4638900756835937;
7525500;-2.136749267578125;
7534500;-1.902679443359375;
7543500;-1.9218215942382812;
7552500;-2.1847457885742187;
7561500;-1.9613418579101562;
7570500;-1.8935317993164063;
7579500;-1.85345458984375;
7588500;-1.784454345703125;
7597500;-1.99896240234375;
7606500;-1.728729248046875;
7615500;-1.5900192260742187;
7624500;-1.4561004638671875;
7633500;-1.5593490600585937;
7642500;-1.6441497802734375;
7651500;-1.2992630004882812;
7660500;-1.484466552734375;
7669500;-1.5895767211914063;
7678500;-1.6340408325195312;
7687500;-1.5351104736328125;
7696500;-1.51556396484375;
7705500;-1.4988250732421875;
7714500;-1.4657821655273437;
7723500;-1.5994338989257812;
7732500;-1.5487899780273437;
7741500;-1.41558837890625;
7750500;-1.6082611083984375;
7759500;-1.70452880859375;
7768500;-1.58197021484375;
7777500;-1.57147216796875;
7786500;-1.4603729248046875;
7795500;-1.88677978515625;
7804500;-1.9337234497070312;
7813500;-1.75299072265625;
7822500;-1.3455810546875;
7831500;-1.6837234497070313;
7840500;-1.942718505859375;
7849500;-1.8328323364257813;
7858500;-1.7719879150390625;
7867500;-1.808197021484375;
7876500;-1.8452224731445312;
7885500;-1.8193511962890625;
7894500;-1.8938369750976563;
7903500;-1.7982635498046875;
7912500;-2.127838134765625;
7921500;-1.9754714965820313;
7930500;-2.1553878784179687;
7939500;-2.1252517700195312;
7948500;-2.181121826171875;
7957500;-1.9899978637695313;
7966500;-1.94830322265625;
7975500;-2.056304931640625;
7984500;-1.3524398803710937;
7993500;-1.7421417236328125;
8002500;-2.1747360229492187;
8011500;-2.132568359375;
8020500;-1.9134674072265625;
8029500;-2.1992111206054687;
8038500;-2.020172119140625;
8047500;-1.9323959350585937;
8056500;-1.7791595458984375;
8065500;-1.7232589721679687;
8074500;-1.6911392211914062;
8083500;-1.612213134765625;
8092500;-1.6816558837890625;
8101500;-1.5637741088867187;
8110500;-1.7027359008789062;
8119500;-1.5396957397460937;
8128500;-1.4502105712890625;
8137500;-1.5871124267578125;
8146500;-1.336151123046875;
8155500;-1.678680419921875;
8164500;-1.2070159912109375;
8173500;-0.995574951171875;
8182500;-1.2388992309570313;
8191500;-1.1430587768554687;
8200500;-1.1127166748046875;
8209500;-0.98818206787109375;
8218500;-1.129180908203125;
8227500;-1.1573486328125;
8236500;-1.1709976196289063;
8245500;-1.0272979736328125;
8254500;-0.0292205810546875;
8263500;-0.92554473876953125;
8272500;-1.3756027221679687;
8281500;-1.3394775390625;
8290500;-1.2562408447265625;
8299500;-1.1652450561523437;
8308500;-1.2029800415039063;
8317500;-1.5797882080078125;
8326500;-1.4900436401367187;
8335500;-1.149383544921875;
8344500;1.1659774780273437;
8353500;-1.4622039794921875;
8362500;-1.667938232421875;
8371500;-1.5959625244140625;
8380500;-1.425567626953125;
8389500;-1.6895828247070312;
8398500;-1.8205032348632812;
8407500;-1.9021072387695313;
8416500;-1.92572021484375;
8425500;-1.6057891845703125;
8434500;0.1339874267578125;
8443500;-2.04632568359375;
8452500;-2.1843185424804687;
8461500;-2.3172378540039062;
8470500;-2.231170654296875;
8479500;-2.3666839599609375;
8488500;-2.3715362548828125;
8497500;-2.4578094482421875;
8506500;-2.3907928466796875;
8515500;-1.8140792846679688;
8524500;-1.145172119140625;
8533500;-2.336883544921875;
8542500;-2.3916702270507812;
8551500;-2.581451416015625;
8560500;-2.7692794799804687;
8569500;-2.808349609375;
8578500;-2.6087417602539062;
8587500;-2.8962173461914062;
8596500;-2.8561782836914063;
8605500;-2.465240478515625;
8614500;-2.492401123046875;
8623500;-2.656463623046875;
8632500;-2.7981643676757813;
8641500;-2.6402206420898437;
8650500;-2.5460052490234375;
8659500;-2.6037750244140625;
8668500;-2.7142181396484375;
8677500;-2.715972900390625;
8686500;-2.6620254516601562;
8695500;-2.5717849731445312;
8704500;-2.62762451171875;
8713500;-2.6435165405273437;
8722500;-2.6704330444335937;
8731500;-2.6409988403320313;
8740500;-2.800994873046875;
8749500;-2.6186599731445313;
8758500;-2.6853713989257812;
8767500;-2.6920166015625;
8776500;-2.5648727416992187;
8785500;-2.0176544189453125;
8794500;-2.4578094482421875;
8803500;-2.5929641723632813;
8812500;-2.8126373291015625;
8821500;-2.4061355590820312;
8830500;-2.7210845947265625;
8839500;-2.7008514404296875;
8848500;-2.7124481201171875;
8857500;-2.6993484497070312;
8866500;-2.7322845458984375;
8875500;-1.859832763671875;
8884500;-2.5858917236328125;
8893500;-2.8625335693359375;
8902500;-2.7594223022460938;
8911500;-2.6258316040039062;
8920500;-2.9582366943359375;
8929500;-2.9699859619140625;
8938500;-2.7833938598632813;
8947500;-2.6868515014648437;
8956500;-2.7873992919921875;
8965500;-1.8921432495117187;
8974500;-2.717559814453125;
8983500;-2.85418701171875;
8992500;-2.8165817260742187;
9001500;-2.9367599487304687;
9010500;-2.76007080078125;
9019500;-2.8910598754882812;
9028500;-3.032196044921875;
9037500;-3.2041244506835937;
9046500;-2.7758712768554687;
9055500;-2.085113525390625;
9064500;-3.0254745483398438;
9073500;-3.1685562133789062;
9082500;-2.8806228637695312;
9091500;-3.1386566162109375;
9100500;-3.03228759765625;
9109500;-2.8395843505859375;
9118500;-2.8350677490234375;
9127500;-2.955718994140625;
9136500;-2.9840850830078125;
9145500;-2.8577194213867187;
9154500;-3.1843109130859375;
9163500;-3.1746597290039062;
9172500;-3.0935516357421875;
9181500;-2.9666671752929687;
9190500;-3.2691802978515625;
9199500;-3.0965576171875;
9208500;-3.0328521728515625;
9217500;-2.9793243408203125;
9226500;-3.1213150024414062;
9235500;-3.0815963745117187;
9244500;-2.897369384765625;
9253500;-3.261444091796875;
9262500;-3.271514892578125;
9271500;-3.1258087158203125;
9280500;-3.0426483154296875;
9289500;-3.30743408203125;
9298500;-3.1564559936523438;
9307500;-3.0907974243164062;
9316500;-2.853363037109375;
9325500;-3.0618896484375;
9334500;-3.164764404296875;
9343500;-3.3193740844726562;
9352500;-3.2005767822265625;
9361500;-3.12628173828125;
9370500;-3.1299896240234375;
9379500;-3.0078201293945313;
9388500;-2.9493331909179687;
9397500;-3.09014892578125;
9406500;-2.7203826904296875;
9415500;-3.0481338500976563;
9424500;-3.2402267456054687;
9433500;-3.1884613037109375;
9442500;-3.2021560668945313;
9451500;-3.2860488891601562;
9460500;-3.1617965698242187;
9469500;-3.073455810546875;
9478500;-3.1650619506835937;
9487500;-3.3554153442382813;
9496500;-2.9591064453125;
9505500;-3.2305679321289062;
9514500;-3.3662796020507813;
9523500;-3.0022354125976562;
9532500;-3.2521820068359375;
9541500;-3.0152740478515625;
9550500;-3.0799789428710937;
9559500;-2.9613113403320313;
9568500;-3.0786209106445313;
9577500;-3.0547409057617187;
9586500;-3.1142654418945313;
9595500;-3.253814697265625;
9604500;-3.2471160888671875;
9613500;-3.2115249633789062;
9622500;-3.2020034790039062;
9631500;-3.110382080078125;
9640500;-3.0795822143554687;
9649500;-3.2952957153320313;
9658500;-3.308441162109375;
9667500;-3.0049591064453125;
9676500;-3.2723464965820313;
9685500;-3.3885650634765625;
9694500;-3.2699661254882813;
9703500;-3.0707321166992187;
9712500;-3.3452224731445313;
9721500;-3.3471298217773438;
9730500;-3.3068695068359375;
9739500;-3.20751953125;
9748500;-3.444122314453125;
9757500;-3.253265380859375;
9766500;-3.0942459106445312;
9775500;-3.2947311401367187;
9784500;-3.1752548217773437;
9793500;-3.2425384521484375;
9802500;-3.542510986328125;
9811500;-3.3433990478515625;
9820500;-3.025848388671875;
9829500;-3.0248794555664062;
9838500;-2.9532012939453125;
9847500;-2.9750595092773437;
9856500;-3.1082763671875;
9865500;-2.8968734741210937;
9874500;-2.9623489379882813;
9883500;-3.244598388671875;
9892500;-3.1295166015625;
9901500;-2.6221466064453125;
9910500;-2.7061843872070313;
9919500;-2.881072998046875;
9928500;-2.744110107421875;
9937500;-2.608551025390625;
9946500;-1.9289169311523437;
9955500;-2.6081619262695312;
9964500;-2.4762725830078125;
9973500;-2.1427383422851562;
9982500;-1.5647048950195313;
9991500;-1.5420913696289063;
10000500;-1.7901153564453125;
10009500;-1.7845001220703125;
10018500;-1.2887725830078125;
10027500;-0.36652374267578125;
10036500;-0.96744537353515625;
10045500;-0.74590301513671875;
10054500;-0.6415557861328125;
10063500;0.2006683349609375;
10072500;-0.3204803466796875;
10081500;-0.58768463134765625;
10090500;-0.398193359375;
10099500;-0.4517669677734375;
10108500;-0.0912322998046875;
10117500;-1.0691070556640625;
10126500;-1.0224075317382812;
10135500;-1.0283966064453125;
10144500;-0.97110748291015625;
10153500;-1.0539093017578125;
10162500;-1.4092178344726563;
10171500;-1.3907089233398437;
10180500;-1.74188232421875;
10189500;-1.8170928955078125;
10198500;-2.0860595703125;
10207500;-2.091064453125;
10216500;-2.0836105346679687;
10225500;-2.2961349487304687;
10234500;-2.4942169189453125;
10243500;-2.7682342529296875;
10252500;-2.6583480834960938;
10261500;-2.7172393798828125;
10270500;-2.5810546875;
10279500;-2.827911376953125;
10288500;-2.7195281982421875;
10297500;-2.9537429809570313;
10306500;-2.5247421264648438;
10315500;-3.2687835693359375;
10324500;-2.9545135498046875;
10333500;-3.180267333984375;
10342500;-2.9240341186523437;
10351500;-3.0502243041992187;
10360500;-3.1091842651367187;
10369500;-3.016693115234375;
10378500;-3.3410263061523438;
10387500;-2.884552001953125;
10396500;-3.0977020263671875;
10405500;-3.3315811157226562;
10414500;-3.1606674194335938;
10423500;-2.99078369140625;
10432500;-3.0461044311523437;
10441500;-3.0267105102539062;
10450500;-3.3826217651367187;
10459500;-3.365386962890625;
10468500;-3.042510986328125;
10477500;-3.1462020874023437;
10486500;-2.8875808715820313;
10495500;-3.0967025756835937;
10504500;-2.9253692626953125;
10513500;-3.0245361328125;
10522500;-3.2669525146484375;
10531500;-3.2547531127929687;
10540500;-3.1598052978515625;
10549500;-3.0855560302734375;
10558500;-3.1037826538085937;
10567500;-3.0915985107421875;
10576500;-3.0438079833984375;
10585500;-3.0803756713867187;
10594500;-3.1367874145507813;
10603500;-3.0221939086914063;
10612500;-3.152679443359375;
10621500;-3.018951416015625;
10630500;-2.966705322265625;
10639500;-3.1588134765625;
10648500;-3.008087158203125;
10657500;-2.940338134765625;
10666500;-2.8630905151367187;
10675500;-3.1792831420898438;
10684500;-3.1400833129882812;
10693500;-3.0161666870117187;
10702500;-2.8965301513671875;
10711500;-2.896453857421875;
10720500;-3.1411972045898438;
10729500;-2.923553466796875;
10738500;-2.9685287475585937;
10747500;-3.1683273315429687;
10756500;-3.088470458984375;
10765500;-3.1003265380859375;
10774500;-2.9734878540039062;
10783500;-3.0777130126953125;
10792500;-3.0826568603515625;
10801500;-3.1098403930664062;
10810500;-2.967559814453125;
10819500;-2.9142837524414062;
10828500;-2.757537841796875;
10837500;-2.7503280639648437;
10846500;-2.9203262329101562;
10855500;-3.04345703125;
10864500;-3.2280807495117187;
10873500;-3.146820068359375;
10882500;-3.0587081909179687;
10891500;-2.8409423828125;
10900500;-2.7418975830078125;
10909500;-2.9267349243164062;
10918500;-2.8070144653320313;
10927500;-2.996551513671875;
10936500;-3.1392135620117187;
10945500;-3.078277587890625;
10954500;-2.9820709228515625;
10963500;-3.1163406372070313;
10972500;-2.9400405883789062;
10981500;-2.8667526245117187;
10990500;-3.2293930053710938;
10999500;-3.1402816772460938;
11008500;-2.6042404174804687;
11017500;-3.2049102783203125;
11026500;-2.9078750610351562;
11035500;-2.7507781982421875;
11044500;-2.834442138671875;
11053500;-3.0381698608398437;
11062500;-2.9347610473632813;
11071500;-2.9544601440429687;
11080500;-2.7347259521484375;
11089500;-2.5851287841796875;
11098500;-1.9039382934570313;
11107500;-2.4715728759765625;
11116500;-2.5741424560546875;
11125500;-2.4325180053710938;
11134500;-2.3803176879882813;
11143500;-2.3585205078125;
11152500;-2.194091796875;
11161500;-2.056884765625;
11170500;-2.3451461791992187;
11179500;-1.8560104370117187;
11188500;-1.2042922973632812;
11197500;-1.8643341064453125;
11206500;-1.7367019653320313;
11215500;-1.6648178100585937;
11224500;-1.4463882446289062;
11233500;-1.4326858520507813;
11242500;-1.4576416015625;
11251500;-1.187744140625;
11260500;-1.1935348510742187;
11269500;-0.86319732666015625;
11278500;-0.9098358154296875;
11287500;-1.0577011108398437;
11296500;-0.94820404052734375;
11305500;-1.0060043334960937;
11314500;-1.2103118896484375;
11323500;-1.1035919189453125;
11332500;-0.938140869140625;
11341500;-1.2086334228515625;
11350500;-1.0875473022460937;
11359500;-0.844329833984375;
11368500;-1.090728759765625;
11377500;-1.266448974609375;
11386500;-1.2931747436523437;
11395500;-1.6622467041015625;
11404500;-1.83795166015625;
11413500;-1.7403106689453125;
11422500;-1.8733673095703125;
11431500;-2.0372085571289062;
11440500;-2.06915283203125;
11449500;-1.9530410766601563;
11458500;-2.2459640502929687;
11467500;-2.2221832275390625;
11476500;-2.3226089477539062;
11485500;-2.4971694946289062;
11494500;-2.5861968994140625;
11503500;-2.7654495239257813;
11512500;-2.6397781372070313;
11521500;-2.5232162475585938;
11530500;-2.78070068359375;
11539500;-2.3855667114257812;
11548500;-2.91650390625;
11557500;-2.7929306030273438;
11566500;-2.9948959350585937;
11575500;-2.8286361694335938;
11584500;-2.6680374145507813;
11593500;-2.8075637817382813;
11602500;-2.9145431518554687;
11611500;-3.1104888916015625;
11620500;-3.0649871826171875;
11629500;-2.3527069091796875;
11638500;-3.08355712890625;
11647500;-3.1190643310546875;
11656500;-2.7774505615234375;
11665500;-3.0707321166992187;
11674500;-3.2085113525390625;
11683500;-3.1473770141601562;
11692500;-3.0619659423828125;
11701500;-3.0562667846679687;
11710500;-3.0474777221679687;
11719500;-2.4585037231445312;
11728500;-3.2396469116210937;
11737500;-3.0026702880859375;
11746500;-3.0703811645507813;
11755500;-3.1710128784179687;
11764500;-3.1120681762695313;
11773500;-3.3137588500976562;
11782500;-3.258209228515625;
11791500;-3.070831298828125;
11800500;-3.1884994506835938;
11809500;-2.7764205932617187;
11818500;-3.064788818359375;
11827500;-3.0731201171875;
11836500;-3.2492904663085937;
11845500;-2.97802734375;
11854500;-3.1528854370117187;
11863500;-2.9401397705078125;
11872500;-3.0462722778320313;
11881500;-2.904754638671875;
11890500;-3.1214447021484375;
11899500;-3.0222244262695312;
11908500;-3.1562881469726562;
11917500;-1.409332275390625;
11926500;-2.7113876342773437;
11935500;-2.9367294311523438;
11944500;-3.2212066650390625;
11953500;-3.0477142333984375;
11962500;-3.0038299560546875;
11971500;-3.0196304321289062;
11980500;-3.113616943359375;
11989500;-2.6550979614257812;
11998500;3.19287109375;
12007500;-1.6915817260742187;
12016500;-3.1358489990234375;
12025500;-3.2994537353515625;
12034500;-2.9800033569335938;
12043500;-3.3823394775390625;
12052500;-3.151824951171875;
12061500;-3.1652450561523438;
12070500;-2.6978302001953125;
12079500;-3.228607177734375;
12088500;-3.2929534912109375;
12097500;-3.2481613159179687;
12106500;-3.1815414428710937;
12115500;-3.1250076293945313;
12124500;-3.2584381103515625;
12133500;-3.1854629516601563;
12142500;-3.0231552124023437;
12151500;-3.2077407836914063;
12160500;-2.436920166015625;
12169500;-3.2449569702148438;
12178500;-3.1471099853515625;
12187500;-3.1198272705078125;
12196500;-3.2045364379882813;
12205500;-3.2068023681640625;
12214500;-3.1729660034179687;
12223500;-3.178497314453125;
12232500;-3.1965789794921875;
12241500;-3.2969436645507812;
12250500;-2.4485855102539062;
12259500;-3.1018753051757812;
12268500;-3.2938156127929687;
12277500;-3.2091751098632813;
12286500;-3.059051513671875;
12295500;-3.205352783203125;
12304500;-3.1873931884765625;
12313500;-3.2667770385742187;
12322500;-2.9672470092773438;
12331500;-3.148895263671875;
12340500;-2.8685226440429687;
12349500;-3.1412353515625;
12358500;-3.408050537109375;
12367500;-3.164703369140625;
12376500;-3.0479888916015625;
12385500;-3.34307861328125;
12394500;-3.3371429443359375;
12403500;-3.2460479736328125;
12412500;-3.1698684692382813;
12421500;-2.879119873046875;
12430500;-2.96282958984375;
12439500;-3.2515716552734375;
12448500;-2.9538040161132813;
12457500;-2.8025665283203125;
12466500;-2.8826217651367187;
12475500;-3.13531494140625;
12484500;-3.0273513793945313;
12493500;-2.9598388671875;
12502500;-2.9240036010742187;
12511500;-2.9611663818359375;
12520500;-2.9248504638671875;
12529500;-3.0356292724609375;
12538500;-2.9519119262695313;
12547500;-2.9380264282226562;
12556500;-3.0173797607421875;
12565500;-2.9305267333984375;
12574500;-3.0884246826171875;
12583500;-2.9706268310546875;
12592500;-3.0068588256835938;
12601500;-2.8741455078125;
12610500;-2.876251220703125;
12619500;-3.054443359375;
12628500;-3.01239013671875;
12637500;-3.0978546142578125;
12646500;-2.9998397827148438;
12655500;-2.9886245727539063;
12664500;-2.9045486450195313;
12673500;-2.9012603759765625;
12682500;-3.0280303955078125;
12691500;-2.851409912109375;
12700500;-3.0015640258789062;
12709500;-3.0036087036132812;
12718500;-3.1577911376953125;
12727500;-3.2591323852539062;
12736500;-3.1206893920898438;
12745500;-3.1613922119140625;
12754500;-3.0724258422851562;
12763500;-2.8737106323242187;
12772500;-3.1007766723632813;
12781500;-2.7660903930664062;
12790500;-2.8934555053710937;
12799500;-3.0904388427734375;
12808500;-3.0301589965820312;
12817500;-3.1769485473632812;
12826500;-2.9711532592773438;
12835500;-3.0956573486328125;
12844500;-3.1131591796875;
12853500;-3.0960159301757813;
12862500;-3.0108184814453125;
12871500;-2.9783401489257812;
12880500;-3.1821441650390625;
12889500;-3.0323944091796875;
12898500;-2.9930572509765625;
12907500;-3.2325363159179687;
12916500;-3.1738052368164062;
12925500;-2.9870147705078125;
12934500;-3.2332916259765625;
12943500;-3.2761001586914063;
12952500;-3.1949386596679687;
12961500;-3.127227783203125;
12970500;-3.1464614868164062;
12979500;-3.1908950805664062;
12988500;-3.0354080200195312;
12997500;-3.1043014526367187;
13006500;-3.1762237548828125;
13015500;-3.21234130859375;
13024500;-3.0652236938476563;
13033500;-3.1802825927734375;
13042500;-3.0612106323242187;
13051500;-2.9969024658203125;
13060500;-3.1790618896484375;
13069500;-3.1301040649414062;
13078500;-3.118072509765625;
13087500;-3.1393890380859375;
13096500;-3.044189453125;
13105500;-2.8294754028320313;
13114500;-2.89410400390625;
13123500;-2.868896484375;
13132500;-3.0007171630859375;
13141500;-2.9713897705078125;
13150500;-3.0978012084960938;
13159500;-3.0657806396484375;
13168500;-2.983551025390625;
13177500;-2.9843902587890625;
13186500;-3.150970458984375;
13195500;-3.0049362182617187;
13204500;-3.1046676635742187;
13213500;-2.9056396484375;
13222500;-2.9747695922851562;
13231500;-2.744842529296875;
13240500;-3.0500564575195312;
13249500;-3.1801071166992187;
13258500;-3.0991668701171875;
13267500;-2.925323486328125;
13276500;-2.945556640625;
13285500;-3.1713790893554687;
13294500;-3.0470504760742187;
13303500;-3.171661376953125;
13312500;-2.9476776123046875;
13321500;-2.9078445434570312;
13330500;-2.9138565063476563;
13339500;-3.0225372314453125;
13348500;-3.0754241943359375;
13357500;-3.0669403076171875;
13366500;-3.0364761352539062;
13375500;-2.9943161010742187;
13384500;-3.0516204833984375;
13393500;-3.1103897094726563;
13402500;-2.9769744873046875;
13411500;-3.0556259155273437;
13420500;-2.9330062866210938;
13429500;-2.8705596923828125;
13438500;-2.8919677734375;
13447500;-2.915069580078125;
13456500;-2.9124069213867187;
13465500;-3.0397720336914062;
13474500;-3.0848617553710937;
13483500;-3.0132293701171875;
13492500;-2.92767333984375;
13501500;-2.8073501586914063;
13510500;-2.7945098876953125;
13519500;-2.8700103759765625;
13528500;-2.9153366088867187;
13537500;-2.8080062866210937;
13546500;-2.9216461181640625;
13555500;-2.8810195922851562;
13564500;-3.0187454223632813;
13573500;-2.990753173828125;
13582500;-2.730804443359375;
13591500;-2.6152572631835937;
13600500;-2.8970260620117187;
13609500;-2.8553619384765625;
13618500;-2.9684524536132813;
13627500;-2.8915481567382813;
13636500;-2.859527587890625;
13645500;-2.6567535400390625;
13654500;-2.7885284423828125;
13663500;-2.7930526733398437;
13672500;-2.936920166015625;
13681500;-3.0231399536132812;
13690500;-2.9260635375976563;
13699500;-2.7221603393554687;
13708500;-2.77398681640625;
13717500;-2.7327194213867187;
13726500;-2.7357635498046875;
13735500;-2.8349380493164062;
13744500;-2.8627777099609375;
13753500;-2.8551483154296875;
13762500;-2.7205657958984375;
13771500;-2.6022872924804687;
13780500;-2.7266006469726562;
13789500;-3.033538818359375;
13798500;-2.693359375;
13807500;-2.725555419921875;
13816500;-2.658172607421875;
13825500;-2.7415771484375;
13834500;-2.9304351806640625;
13843500;-2.8546142578125;
13852500;-2.84033203125;
13861500;-2.7277908325195312;
13870500;-2.776275634765625;
13879500;-2.8656539916992187;
13888500;-2.9310989379882813;
13897500;-2.7794189453125;
13906500;-2.7218399047851562;
13915500;-2.7977447509765625;
13924500;-2.556732177734375;
13933500;-2.6402969360351562;
13942500;-2.678680419921875;
13951500;-2.8572998046875;
13960500;-2.7801361083984375;
13969500;-2.6189804077148438;
13978500;-2.6389007568359375;
13987500;-2.5652008056640625;
13996500;-2.5135116577148437;
14005500;-2.5125961303710937;
14014500;-2.5636215209960937;
14023500;-2.6206741333007812;
14032500;-2.8372802734375;
14041500;-2.6432113647460937;
14050500;-2.6970062255859375;
14059500;-2.5365447998046875;
14068500;-2.694580078125;
14077500;-2.9311065673828125;
14086500;-2.608917236328125;
14095500;-2.565032958984375;
14104500;-2.5548858642578125;
14113500;-2.7667007446289062;
14122500;-2.6637954711914062;
14131500;-2.6187820434570312;
14140500;-2.7030715942382812;
14149500;-2.565643310546875;
14158500;-2.4047012329101562;
14167500;-2.6864852905273438;
14176500;-2.6133956909179687;
14185500;-2.4673614501953125;
14194500;-2.5078887939453125;
14203500;-2.6036453247070313;
14212500;-2.4736099243164062;
14221500;-2.4592056274414062;
14230500;-2.5486373901367187;
14239500;-2.6107559204101562;
14248500;-2.3940963745117187;
14257500;-2.57122802734375;
14266500;-2.5933990478515625;
14275500;-2.3603897094726562;
14284500;-2.3999481201171875;
14293500;-2.582244873046875;
14302500;-2.6540145874023437;
14311500;-2.561279296875;
14320500;-2.3276519775390625;
14329500;-2.4244613647460937;
14338500;-2.5710983276367187;
14347500;-2.454559326171875;
14356500;-2.5720291137695313;
14365500;-2.572845458984375;
14374500;-2.6338119506835937;
14383500;-2.3439407348632813;
14392500;-2.4251174926757813;
14401500;-2.3700103759765625;
14410500;-2.3354339599609375;
14419500;-2.4204864501953125;
14428500;-2.2708663940429687;
14437500;-2.5574798583984375;
14446500;-2.3474044799804687;
14455500;-2.2831192016601562;
14464500;-2.3217849731445312;
14473500;-2.2602462768554687;
14482500;-2.3205337524414062;
14491500;-2.283935546875;
14500500;-2.3242340087890625;
14509500;-2.5399627685546875;
14518500;-2.6220855712890625;
14527500;-2.36578369140625;
14536500;-2.1961593627929687;
14545500;-2.1949386596679687;
14554500;-2.4010696411132813;
14563500;-2.40142822265625;
14572500;-2.3665008544921875;
14581500;-2.4434814453125;
14590500;-2.3898239135742187;
14599500;-2.3262939453125;
14608500;-2.2967910766601562;
14617500;-2.3978271484375;
14626500;-2.5416030883789062;
14635500;-2.3893814086914062;
14644500;-2.4490203857421875;
14653500;-2.3453140258789062;
14662500;-2.2479476928710937;
14671500;-2.2847366333007813;
14680500;-2.1332473754882813;
14689500;-2.293914794921875;
14698500;-2.1897506713867187;
14707500;-2.2683792114257812;
14716500;-2.2092742919921875;
14725500;-1.98956298828125;
14734500;-2.2473068237304687;
14743500;-2.2926025390625;
14752500;-2.197845458984375;
14761500;-2.0261611938476562;
14770500;-2.3338775634765625;
14779500;-2.2428054809570313;
14788500;-2.17254638671875;
14797500;-2.2965240478515625;
14806500;-2.19683837890625;
14815500;-2.239715576171875;
14824500;-2.4460220336914062;
14833500;-2.3940811157226562;
14842500;-2.2486724853515625;
14851500;-2.0331268310546875;
14860500;-2.0259780883789062;
14869500;-2.2923583984375;
14878500;-2.1824722290039062;
14887500;-2.3240432739257812;
14896500;-2.224945068359375;
14905500;-2.4060516357421875;
14914500;-1.994842529296875;
14923500;-1.9459915161132813;
14932500;-2.1156387329101562;
14941500;-2.2387008666992187;
14950500;-2.2986221313476562;
14959500;-2.1050872802734375;
14968500;-2.0285797119140625;
14977500;-2.141357421875;
14986500;-2.2883148193359375;
14995500;-2.12103271484375;
15004500;-2.00469970703125;
15013500;-2.1059036254882813;
15022500;-2.2988510131835938;
15031500;-2.2251434326171875;
15040500;-2.0638809204101562;
15049500;-2.1792221069335938;
15058500;-1.9730911254882812;
15067500;-2.2073974609375;
15076500;-2.1317596435546875;
15085500;-2.1251449584960937;
15094500;-2.054168701171875;
15103500;-1.9722366333007813;
15112500;-2.2317352294921875;
15121500;-2.262451171875;
15130500;-2.1749496459960938;
15139500;-1.9921188354492187;
15148500;-2.104400634765625;
15157500;-2.13446044921875;
15166500;-2.2414932250976562;
15175500;-2.0947799682617187;
15184500;-1.8233489990234375;
15193500;-1.9196014404296875;
15202500;-1.9425811767578125;
15211500;-1.9180831909179687;
15220500;-1.89007568359375;
15229500;-2.13372802734375;
15238500;-1.9248275756835937;
15247500;-2.1121673583984375;
15256500;-2.0339431762695313;
15265500;-2.0315399169921875;
15274500;-2.0418014526367187;
15283500;-1.980316162109375;
15292500;-2.030853271484375;
15301500;-1.9312057495117187;
15310500;-1.9021835327148437;
15319500;-1.9807968139648437;
15328500;-2.0404205322265625;
15337500;-2.0478515625;
15346500;-2.0675430297851562;
15355500;-1.767364501953125;
15364500;-1.903228759765625;
15373500;-2.04931640625;
15382500;-1.9991683959960938;
15391500;-2.0001754760742187;
15400500;-1.8654327392578125;
15409500;-2.0398025512695312;
15418500;-2.0495452880859375;
15427500;-1.8648681640625;
15436500;-1.8020248413085938;
15445500;-1.8792037963867187;
15454500;-1.952484130859375;
15463500;-1.9128570556640625;
15472500;-1.973541259765625;
15481500;-1.9954605102539063;
15490500;-1.84039306640625;
15499500;-1.9435958862304687;
15508500;-2.007476806640625;
15517500;-1.7984542846679687;
15526500;-1.892608642578125;
15535500;-1.6737899780273437;
15544500;-1.8642959594726562;
15553500;-1.7693557739257813;
15562500;-1.85321044921875;
15571500;-1.8118133544921875;
15580500;-1.7343673706054687;
15589500;-1.6986923217773437;
15598500;-2.0210800170898437;
15607500;-1.7121658325195312;
15616500;-1.9266510009765625;
15625500;-1.7292556762695312;
15634500;-1.7868881225585937;
15643500;-1.7929458618164063;
15652500;-1.9256820678710937;
15661500;-1.780059814453125;
15670500;-1.6971588134765625;
15679500;-2.0052032470703125;
15688500;-1.9567031860351563;
15697500;-1.9341278076171875;
15706500;-1.906219482421875;
15715500;-1.753631591796875;
15724500;-1.7567596435546875;
15733500;-1.7557144165039063;
15742500;-1.8188095092773438;
15751500;-1.8336181640625;
15760500;-1.9339065551757812;
15769500;-1.72979736328125;
15778500;-1.5935745239257813;
15787500;-1.7762451171875;
15796500;-1.5562286376953125;
15805500;-1.621551513671875;
15814500;-1.8415374755859375;
15823500;-1.8726425170898437;
15832500;-1.834930419921875;
15841500;-1.9785308837890625;
15850500;-1.8382110595703125;
15859500;-1.892120361328125;
15868500;-1.8736495971679687;
15877500;-1.885040283203125;
15886500;-1.6405029296875;
15895500;-1.714691162109375;
15904500;-1.6830291748046875;
15913500;-1.72930908203125;
15922500;-1.8170318603515625;
15931500;-1.8207778930664063;
15940500;-1.839263916015625;
15949500;-2.0460357666015625;
15958500;-1.770843505859375;
15967500;-1.8516921997070313;
15976500;-1.7343597412109375;
15985500;-1.761627197265625;
15994500;-1.6883773803710937;
16003500;-1.5975341796875;
16012500;-1.6535720825195312;
16021500;-1.5687713623046875;
16030500;-1.5605697631835937;
16039500;-1.7750091552734375;
16048500;-1.8474807739257813;
16057500;-1.6474151611328125;
16066500;-1.8491439819335937;
16075500;-1.8142929077148437;
16084500;-1.8019485473632813;
16093500;-1.8893280029296875;
16102500;-1.6646881103515625;
16111500;-1.8514938354492187;
16120500;-1.5724029541015625;
16129500;-1.546356201171875;
16138500;-1.647491455078125;
16147500;-1.9676055908203125;
16156500;-2.0287017822265625;
16165500;-1.9647750854492187;
16174500;-1.83172607421875;
16183500;-1.759368896484375;
16192500;-1.885101318359375;
16201500;-1.8000946044921875;
16210500;-2.0589675903320313;
16219500;-1.8262405395507813;
16228500;-1.7344818115234375;
16237500;-1.6819610595703125;
16246500;-1.5756607055664063;
16255500;-1.8522109985351563;
16264500;-1.6960220336914062;
16273500;-1.7123947143554687;
16282500;-1.6407852172851562;
16291500;-1.9230194091796875;
16300500;-1.6212997436523437;
16309500;-1.8434600830078125;
16318500;-1.7709884643554687;
16327500;-1.8314056396484375;
16336500;-1.6227264404296875;
16345500;-1.826507568359375;
16354500;-1.7881546020507812;
16363500;-1.8175201416015625;
16372500;-1.8595657348632812;
16381500;-1.8213348388671875;
16390500;-1.7463912963867187;
16399500;-1.5833663940429688;
16408500;-1.6362152099609375;
16417500;-1.680023193359375;
16426500;-1.7754135131835937;
16435500;-1.5715103149414062;
16444500;-1.7367477416992187;
16453500;-1.9051666259765625;
16462500;-1.7062835693359375;
16471500;-1.7198944091796875;
16480500;-1.830535888671875;
16489500;-1.6126861572265625;
16498500;-1.7843017578125;
16507500;-1.8108596801757813;
16516500;-1.4544448852539062;
16525500;-1.5837860107421875;
16534500;-1.9388427734375;
16543500;-1.840423583984375;
16552500;-1.75469970703125;
16561500;-1.73321533203125;
16570500;-1.7521286010742188;
16579500;-1.5076370239257813;
16588500;-1.7666549682617187;
16597500;-1.8065185546875;
16606500;-1.7124176025390625;
16615500;-1.758575439453125;
16624500;-1.793487548828125;
16633500;-1.7884521484375;
16642500;-1.7499542236328125;
16651500;-1.8850555419921875;
16660500;-1.8726043701171875;
16669500;-1.6403121948242187;
16678500;-1.7744293212890625;
16687500;-1.63818359375;
16696500;-1.6365585327148437;
16705500;-1.8205718994140625;
16714500;-2.0648345947265625;
16723500;-1.99005126953125;
16732500;-1.7042083740234375;
16741500;-1.6754074096679687;
16750500;-1.7191085815429687;
16759500;-1.8643035888671875;
16768500;-1.5892791748046875;
16777500;-1.7548446655273437;
16786500;-1.8825836181640625;
16795500;-1.914215087890625;
16804500;-1.7615814208984375;
16813500;-1.7114105224609375;
16822500;-1.8338699340820313;
16831500;-1.9330291748046875;
16840500;-1.8854293823242187;
16849500;-1.7364730834960937;
16858500;-1.8446273803710937;
16867500;-2.0173263549804687;
16876500;-1.9012374877929687;
16885500;-1.880096435546875;
16894500;-2.0619049072265625;
16903500;-1.913482666015625;
16912500;-1.9678955078125;
16921500;-1.8019485473632813;
16930500;-1.8109588623046875;
16939500;-1.7898101806640625;
16948500;-1.782012939453125;
16957500;-1.945648193359375;
16966500;-1.7988204956054688;
16975500;-1.9274978637695312;
16984500;-1.80157470703125;
16993500;-1.5088577270507813;
17002500;-1.8387451171875;
17011500;-1.81671142578125;
17020500;-2.0272216796875;
17029500;-2.0509109497070312;
17038500;-1.7845230102539062;
17047500;-1.6045913696289062;
17056500;-1.83868408203125;
17065500;-2.0531005859375;
17074500;-1.968994140625;
17083500;-2.0226058959960937;
17092500;-1.8472061157226562;
17101500;-1.9128341674804687;
17110500;-1.8705215454101563;
17119500;-1.8299713134765625;
17128500;-1.8720703125;
17137500;-1.8161087036132812;
17146500;-1.932159423828125;
17155500;-1.8729705810546875;
17164500;-1.8377304077148438;
17173500;-1.7464599609375;
17182500;-1.72589111328125;
17191500;-1.8137283325195313;
17200500;-2.0582427978515625;
17209500;-2.0674972534179687;
17218500;-1.963775634765625;
17227500;-2.0582351684570312;
17236500;-2.0283584594726562;
17245500;-2.0431747436523437;
17254500;-1.85595703125;
17263500;-2.1097946166992187;
17272500;-2.0290298461914062;
17281500;-1.925567626953125;
17290500;-1.93096923828125;
17299500;-1.9820175170898437;
17308500;-2.1221084594726562;
17317500;-2.19940185546875;
17326500;-1.9480972290039062;
17335500;-2.021240234375;
17344500;-1.9102630615234375;
17353500;-2.0813522338867187;
17362500;-1.8748245239257812;
17371500;-1.9620590209960937;
17380500;-1.9797744750976563;
17389500;-2.09014892578125;
17398500;-2.1821517944335937;
17407500;-1.9107894897460937;
17416500;-1.9632568359375;
17425500;-1.86962890625;
17434500;-1.8900985717773437;
17443500;-1.96649169921875;
17452500;-2.0137863159179687;
17461500;-1.9391403198242187;
17470500;-2.085968017578125;
17479500;-2.2189254760742187;
17488500;-2.021881103515625;
17497500;-2.1586990356445313;
17506500;-2.270477294921875;
17515500;-2.2216644287109375;
17524500;-2.157928466796875;
17533500;-2.1014556884765625;
17542500;-2.0804061889648437;
17551500;-2.01019287109375;
17560500;-2.2225265502929687;
17569500;-2.2891616821289062;
17578500;-2.1449127197265625;
17587500;-2.2693328857421875;
17596500;-2.1069717407226562;
17605500;-2.1718215942382813;
17614500;-2.1067047119140625;
17623500;-2.0232391357421875;
17632500;-1.8409881591796875;
17641500;-2.342987060546875;
17650500;-2.1152420043945313;
17659500;-2.1682510375976562;
17668500;-2.0356903076171875;
17677500;-2.1318206787109375;
17686500;-1.8715591430664063;
17695500;-2.3328094482421875;
17704500;-2.3255157470703125;
17713500;-2.135650634765625;
17722500;-2.1632232666015625;
17731500;-2.165618896484375;
17740500;-2.2358474731445312;
17749500;-2.325439453125;
17758500;-1.94525146484375;
17767500;-2.1567459106445313;
17776500;-2.2126235961914062;
17785500;-2.2343673706054687;
17794500;-2.23236083984375;
17803500;-2.147735595703125;
17812500;-2.1522216796875;
17821500;-2.2029953002929687;
17830500;-2.079315185546875;
17839500;-2.175628662109375;
17848500;-2.1382522583007813;
17857500;-2.2000503540039062;
17866500;-2.4052886962890625;
17875500;-1.9928359985351563;
17884500;-1.9010848999023437;
17893500;-2.1172027587890625;
17902500;-2.292633056640625;
17911500;-2.1509933471679687;
17920500;-2.4747390747070313;
17929500;-2.3859634399414062;
17938500;-2.17498779296875;
17947500;-2.0845947265625;
17956500;-2.4991073608398437;
17965500;-2.520416259765625;
17974500;-2.3521881103515625;
17983500;-2.3213272094726562;
17992500;-2.3616485595703125;
18001500;-2.57843017578125;
18010500;-2.4414901733398437;
18019500;-2.2427978515625;
18028500;-2.356781005859375;
18037500;-2.3616485595703125;
18046500;-2.3673095703125;
18055500;-2.2510986328125;
18064500;-2.5367660522460937;
18073500;-2.2904815673828125;
18082500;-2.1829376220703125;
18091500;-2.2965545654296875;
18100500;-2.3917160034179687;
18109500;-2.4908676147460937;
18118500;-2.3597183227539062;
18127500;-2.29290771484375;
18136500;-2.3517837524414062;
18145500;-2.3467864990234375;
18154500;-2.4673614501953125;
18163500;-2.5316619873046875;
18172500;-2.642547607421875;
18181500;-2.4317092895507813;
18190500;-2.571014404296875;
18199500;-2.3124847412109375;
18208500;-2.4432525634765625;
18217500;-2.435302734375;
18226500;-2.5634307861328125;
18235500;-2.3458938598632812;
18244500;-2.2678909301757812;
18253500;-2.4598617553710937;
18262500;-2.6088409423828125;
18271500;-2.5502166748046875;
18280500;-2.4256820678710937;
18289500;-2.48211669921875;
18298500;-2.4862136840820313;
18307500;-2.5248489379882812;
18316500;-2.6017684936523437;
18325500;-2.62054443359375;
18334500;-2.733367919921875;
18343500;-2.8789749145507813;
18352500;-2.5064849853515625;
18361500;-2.4526290893554687;
18370500;-2.5509185791015625;
18379500;-2.501922607421875;
18388500;-2.783966064453125;
18397500;-2.6208419799804687;
18406500;-2.6249160766601562;
18415500;-2.6089248657226562;
18424500;-2.4653854370117187;
18433500;-2.477752685546875;
18442500;-2.4559173583984375;
18451500;-2.5655593872070313;
18460500;-2.723876953125;
18469500;0.8187255859375;
18478500;-1.45086669921875;
18487500;-2.5806808471679687;
18496500;-2.3616790771484375;
18505500;-2.7114028930664062;
18514500;-2.482635498046875;
18523500;-2.5118560791015625;
18532500;-2.7032852172851563;
18541500;-2.5244827270507812;
18550500;-2.6379013061523438;
18559500;-2.6889266967773438;
18568500;-2.5815353393554687;
18577500;-2.7877426147460938;
18586500;-2.75115966796875;
18595500;-2.629119873046875;
18604500;-2.8259735107421875;
18613500;-2.7262649536132812;
18622500;-2.7337646484375;
18631500;-2.7201919555664062;
18640500;-2.560699462890625;
18649500;-2.5650482177734375;
18658500;-2.6551895141601562;
18667500;-2.668609619140625;
18676500;-2.4513931274414062;
18685500;-2.6989593505859375;
18694500;-2.6042861938476562;
18703500;-2.6066436767578125;
18712500;-2.8081893920898438;
18721500;-2.7974090576171875;
18730500;-2.7937850952148437;
18739500;-2.6431350708007813;
18748500;-2.439056396484375;
18757500;-2.3822555541992187;
18766500;-2.79425048828125;
18775500;-2.6960601806640625;
18784500;-2.5165557861328125;
18793500;-2.6801910400390625;
18802500;-2.7981109619140625;
18811500;-2.5696640014648437;
18820500;-2.718658447265625;
18829500;-2.5698013305664062;
18838500;-2.5190505981445312;
18847500;-2.6962661743164063;
18856500;-2.8731689453125;
18865500;-3.124420166015625;
18874500;-2.6326446533203125;
18883500;-2.674896240234375;
18892500;-2.7021331787109375;
18901500;-2.7073974609375;
18910500;-2.5443115234375;
18919500;-2.9499359130859375;
18928500;-2.63916015625;
18937500;-2.6769332885742187;
18946500;-2.8805160522460938;
18955500;-2.8783187866210937;
18964500;-2.708282470703125;
18973500;-2.72235107421875;
18982500;-2.6745834350585938;
18991500;-2.69012451171875;
19000500;-2.8086929321289062;
19009500;-2.8561859130859375;
19018500;-2.7327041625976562;
19027500;-2.90704345703125;
19036500;-2.9749221801757812;
19045500;-2.7476043701171875;
19054500;-2.7924041748046875;
19063500;-3.1244125366210938;
19072500;-3.0340652465820313;
19081500;-2.6121978759765625;
19090500;-2.7712478637695313;
19099500;-2.8491134643554687;
19108500;-2.8448333740234375;
19117500;-2.8125534057617187;
19126500;-2.8659515380859375;
19135500;-2.853546142578125;
19144500;-2.8246612548828125;
19153500;-2.8452529907226562;
19162500;-2.983062744140625;
19171500;-3.0645751953125;
19180500;-2.8183746337890625;
19189500;-2.9691619873046875;
19198500;-2.9006576538085938;
19207500;-2.8987884521484375;
19216500;-2.8850326538085937;
19225500;-2.738433837890625;
19234500;-2.6895980834960937;
19243500;-2.9939651489257813;
19252500;-2.9939422607421875;
19261500;-2.76568603515625;
19270500;-2.7727279663085937;
19279500;-3.0623245239257813;
19288500;-3.00006103515625;
19297500;-2.8950347900390625;
19306500;-2.8775711059570312;
19315500;-2.7916793823242187;
19324500;-2.8366775512695312;
19333500;-2.88397216796875;
19342500;-2.7879791259765625;
19351500;-2.9661178588867187;
19360500;-2.8555221557617187;
19369500;-3.0188217163085938;
19378500;-3.1253738403320312;
19387500;-2.911834716796875;
19396500;-2.7678375244140625;
19405500;-2.9409713745117187;
19414500;-2.8719024658203125;
19423500;-2.8598480224609375;
19432500;-3.0593032836914062;
19441500;-3.0793075561523437;
19450500;-2.8983078002929687;
19459500;-3.1532745361328125;
19468500;-3.1106491088867187;
19477500;-3.17315673828125;
19486500;-2.8124008178710937;
19495500;-2.9007034301757813;
19504500;-2.7982330322265625;
19513500;-2.9917221069335937;
19522500;-3.1284942626953125;
19531500;-3.169921875;
19540500;-3.0579986572265625;
19549500;-3.105438232421875;
19558500;-2.9131240844726562;
19567500;-2.9838409423828125;
19576500;-2.9876327514648438;
19585500;-3.1567764282226563;
19594500;-3.0117645263671875;
19603500;-3.03289794921875;
19612500;-2.9625091552734375;
19621500;-3.2523727416992187;
19630500;-3.1041946411132813;
19639500;-3.0460968017578125;
19648500;-3.0146102905273437;
19657500;-3.1031112670898437;
19666500;-3.0555038452148437;
19675500;-3.0940322875976562;
19684500;-3.0916976928710938;
19693500;-3.1284332275390625;
19702500;-3.0985336303710937;
19711500;-2.88037109375;
19720500;-3.0567092895507812;
19729500;-3.0526962280273438;
19738500;-3.0165557861328125;
19747500;-3.08929443359375;
19756500;-3.0151214599609375;
19765500;-3.0733566284179687;
19774500;-3.1151580810546875;
19783500;-3.0585861206054687;
19792500;-3.129425048828125;
19801500;-3.1020431518554687;
19810500;-3.20965576171875;
19819500;-3.121856689453125;
19828500;-3.0563201904296875;
19837500;-3.1700515747070313;
19846500;-2.9043655395507813;
19855500;-3.03460693359375;
19864500;-3.1019058227539062;
19873500;-3.2192764282226562;
19882500;-3.1401214599609375;
19891500;-3.2335586547851562;
19900500;-2.9109725952148437;
19909500;-2.9506301879882813;
19918500;-3.0693588256835937;
19927500;-3.1753082275390625;
19936500;-3.2743759155273437;
19945500;-3.311126708984375;
19954500;-2.9124298095703125;
19963500;-3.1179656982421875;
19972500;-3.2026290893554687;
19981500;-3.1310272216796875;
19990500;-3.2732696533203125;
19999500;-3.1905975341796875;
20008500;-3.292694091796875;
20017500;-3.2411727905273437;
20026500;-3.0211944580078125;
20035500;-3.3727645874023438;
20044500;-3.2680587768554687;
20053500;-3.313018798828125;
20062500;-3.0104522705078125;
20071500;-3.133270263671875;
20080500;-3.1423110961914062;
20089500;-3.3280410766601562;
20098500;-3.1655807495117187;
20107500;-3.08697509765625;
20116500;-3.0438995361328125;
20125500;-3.222442626953125;
20134500;-3.2720947265625;
20143500;-3.2179946899414062;
20152500;-3.1490554809570313;
20161500;-3.1910781860351562;
20170500;-3.1374969482421875;
20179500;-3.1064224243164063;
20188500;-3.2292327880859375;
20197500;-3.1923599243164062;
20206500;-3.01947021484375;
20215500;-3.1442718505859375;
20224500;-2.951416015625;
20233500;-3.1361923217773437;
20242500;-3.2212982177734375;
20251500;-3.2483901977539062;
20260500;-3.28875732421875;
20269500;-3.321563720703125;
20278500;-3.197998046875;
20287500;-3.2361297607421875;
20296500;-3.2679061889648437;
20305500;-3.2003097534179687;
20314500;-3.2935867309570312;
20323500;-3.2816390991210937;
20332500;-3.2719039916992187;
20341500;-3.2757034301757813;
20350500;-3.1118545532226562;
20359500;-3.2766571044921875;
20368500;-3.3566665649414063;
20377500;-3.3410720825195313;
20386500;-3.1256561279296875;
20395500;-3.2992477416992187;
20404500;-3.0983657836914062;
20413500;-2.8834075927734375;
20422500;-3.1007308959960937;
20431500;-3.2043304443359375;
20440500;-3.1170425415039062;
20449500;-3.2586212158203125;
20458500;-3.1235122680664063;
20467500;-3.3463287353515625;
20476500;-3.1733016967773437;
20485500;-3.3312759399414062;
20494500;-3.3093719482421875;
20503500;-3.23468017578125;
20512500;-3.33880615234375;
20521500;-3.3156204223632813;
20530500;-3.2978134155273437;
20539500;-3.17822265625;
20548500;-3.0702590942382813;
20557500;-3.3528976440429687;
20566500;-3.2160720825195312;
20575500;-3.2870025634765625;
20584500;-3.4084625244140625;
20593500;-3.447784423828125;
20602500;-3.242706298828125;
20611500;-3.1000747680664062;
20620500;-3.0929946899414063;
20629500;-2.9802017211914062;
20638500;-3.1879501342773437;
20647500;-3.27703857421875;
20656500;-3.2850799560546875;
20665500;-3.4218063354492187;
20674500;-3.30126953125;
20683500;-3.1487045288085937;
20692500;-3.2698822021484375;
20701500;-3.1401214599609375;
20710500;-3.394805908203125;
20719500;-3.2742385864257813;
20728500;-3.3495407104492187;
20737500;-3.0391616821289062;
20746500;-3.281341552734375;
20755500;-3.2472915649414062;
20764500;-3.2225494384765625;
20773500;-3.3078689575195312;
20782500;-3.4053497314453125;
20791500;-3.4013671875;
20800500;-3.284149169921875;
20809500;-3.2940292358398438;
20818500;-3.2638015747070313;
20827500;-3.3094940185546875;
20836500;-3.2615585327148437;
20845500;-3.5301284790039062;
20854500;-3.6559677124023438;
20863500;-3.5374069213867187;
20872500;-3.3558578491210937;
20881500;-3.3364334106445313;
20890500;-3.4782638549804687;
20899500;-3.2327194213867187;
20908500;-3.294891357421875;
20917500;-3.2825164794921875;
20926500;-3.1020584106445313;
20935500;-3.0484619140625;
20944500;-3.4527359008789062;
20953500;-3.3550491333007813;
20962500;-3.0912246704101562;
20971500;-3.1992950439453125;
20980500;-3.344451904296875;
20989500;-3.1541900634765625;
20998500;-3.2379379272460938;
21007500;-3.2434463500976563;
21016500;-3.2513046264648438;
21025500;-3.0678253173828125;
21034500;-3.4011383056640625;
21043500;-3.3364791870117187;
21052500;-3.4975662231445313;
21061500;-3.5039825439453125;
21070500;-3.4004974365234375;
21079500;-3.1489181518554687;
21088500;-3.001068115234375;
21097500;-3.2431716918945312;
21106500;-3.3714599609375;
21115500;-3.3084945678710937;
21124500;-3.3692092895507812;
21133500;-3.4598159790039063;
21142500;-3.4069671630859375;
21151500;-3.366180419921875;
21160500;-3.3319625854492187;
21169500;-3.3363876342773437;
21178500;-3.2927169799804687;
21187500;-3.35162353515625;
21196500;-3.3618087768554687;
21205500;-3.4999008178710937;
21214500;-3.243621826171875;
21223500;-3.075775146484375;
21232500;-3.147705078125;
21241500;-3.3608322143554687;
21250500;-3.2602767944335937;
21259500;-3.1041183471679687;
21268500;-3.148345947265625;
21277500;-3.2043838500976563;
21286500;-3.3820877075195312;
21295500;-3.3877182006835938;
21304500;-3.5388565063476563;
21313500;-3.3534469604492187;
21322500;-3.340179443359375;
21331500;-3.2411422729492187;
21340500;-3.2513198852539062;
21349500;-3.4214706420898437;
21358500;-3.3598480224609375;
21367500;-3.4021530151367187;
21376500;-3.1096038818359375;
21385500;-3.1396255493164062;
21394500;-3.3381576538085937;
21403500;-3.4296188354492187;
21412500;-3.2637405395507813;
21421500;-3.322357177734375;
21430500;-3.173370361328125;
21439500;-3.2587356567382812;
21448500;-3.1464767456054687;
21457500;-3.1275711059570312;
21466500;-3.0998992919921875;
21475500;-3.203582763671875;
21484500;-3.107208251953125;
21493500;-3.0962371826171875;
21502500;-3.1070404052734375;
21511500;-3.063385009765625;
21520500;-3.2026596069335937;
21529500;-3.19293212890625;
21538500;-3.1132659912109375;
21547500;-3.1314773559570312;
21556500;-3.1951446533203125;
21565500;-3.2850723266601562;
21574500;-3.3409500122070313;
21583500;-3.2850570678710937;
21592500;-3.2705841064453125;
21601500;-3.01544189453125;
21610500;-3.2515640258789062;
21619500;-3.0250091552734375;
21628500;-3.042999267578125;
21637500;-3.1431503295898437;
21646500;-3.1835403442382813;
21655500;-3.0126876831054687;
21664500;-3.112884521484375;
21673500;-3.2451095581054687;
21682500;-3.1718292236328125;
21691500;-3.1144485473632812;
21700500;-3.0173873901367187;
21709500;-3.1501007080078125;
21718500;-3.1862640380859375;
21727500;-3.0587005615234375;
21736500;-2.9591293334960937;
21745500;-2.9837417602539063;
21754500;-3.2545089721679687;
21763500;-3.333282470703125;
21772500;-3.2250900268554687;
21781500;-3.3759078979492187;
21790500;-3.2534255981445313;
21799500;-3.2709503173828125;
21808500;-3.3335723876953125;
21817500;-3.242431640625;
21826500;-3.5580673217773438;
21835500;-2.9863815307617187;
21844500;-3.1216354370117187;
21853500;-3.165863037109375;
21862500;-2.9877700805664062;
21871500;-3.150421142578125;
21880500;-3.238555908203125;
21889500;-3.3041305541992187;
21898500;-3.2736129760742187;
21907500;-3.0610809326171875;
21916500;-3.26629638671875;
21925500;-3.2730026245117187;
21934500;-3.1047821044921875;
21943500;-2.9856109619140625;
21952500;-3.0876541137695313;
21961500;-2.919189453125;
21970500;-3.19622802734375;
21979500;-3.2084503173828125;
21988500;-3.1611251831054687;
21997500;-3.2895660400390625;
22006500;-3.2293319702148438;
22015500;-3.1679458618164062;
22024500;-3.0035552978515625;
22033500;-3.0997161865234375;
22042500;-3.1140899658203125;
22051500;-3.0492477416992187;
22060500;-2.8940582275390625;
22069500;-3.1573333740234375;
22078500;-3.54388427734375;
22087500;-3.1391448974609375;
22096500;-3.3052291870117187;
22105500;-3.2131881713867187;
22114500;-3.2320556640625;
22123500;-2.962371826171875;
22132500;-3.096893310546875;
22141500;-3.2288436889648437;
22150500;-2.917755126953125;
22159500;-3.3023910522460937;
22168500;-3.1829681396484375;
22177500;-3.124969482421875;
22186500;-3.2426071166992187;
22195500;-3.2834701538085937;
22204500;-3.2106170654296875;
22213500;-2.9926681518554687;
22222500;-2.868255615234375;
22231500;-3.037139892578125;
22240500;-2.9664535522460937;
22249500;-2.9358978271484375;
22258500;-3.1705245971679687;
22267500;-3.0990524291992187;
22276500;-2.983856201171875;
22285500;-3.0973434448242187;
22294500;-3.1268463134765625;
22303500;-3.4313201904296875;
22312500;-3.2371444702148437;
22321500;-3.0404815673828125;
22330500;-3.0413284301757813;
22339500;-3.2508773803710937;
22348500;-3.1485977172851562;
22357500;-3.1981277465820313;
22366500;-3.224822998046875;
22375500;-3.0982284545898437;
22384500;-3.29278564453125;
22393500;-3.4346694946289062;
22402500;-3.0811920166015625;
22411500;-3.2016830444335937;
22420500;-3.018585205078125;
22429500;-2.977294921875;
22438500;-3.2565994262695312;
22447500;-3.2167816162109375;
22456500;-3.233551025390625;
22465500;-3.098388671875;
22474500;-3.3581924438476563;
22483500;-3.1970138549804687;
22492500;-2.8902435302734375;
22501500;-3.12579345703125;
22510500;-3.040863037109375;
22519500;-3.1518020629882813;
22528500;-3.1799850463867187;
22537500;-2.9928207397460938;
22546500;-3.2552261352539062;
22555500;-3.4290771484375;
22564500;-3.3456497192382813;
22573500;-3.3948593139648437;
22582500;-2.9514694213867187;
22591500;-3.0684890747070313;
22600500;-3.2121734619140625;
22609500;-3.1419754028320313;
22618500;-3.2242660522460937;
22627500;-3.0318756103515625;
22636500;-3.2793807983398438;
22645500;-3.2005615234375;
22654500;-3.2341537475585937;
22663500;-3.3810958862304687;
22672500;-3.419464111328125;
22681500;-3.237640380859375;
22690500;-3.1605224609375;
22699500;-3.2679519653320312;
22708500;-3.240020751953125;
22717500;-3.2509765625;
22726500;-3.1346435546875;
22735500;-3.1257171630859375;
22744500;-3.418975830078125;
22753500;-3.1996917724609375;
22762500;-3.1530838012695313;
22771500;-2.9070510864257813;
22780500;-3.157440185546875;
22789500;-3.1283187866210938;
22798500;-3.2879180908203125;
22807500;-3.12969970703125;
22816500;-3.2751846313476563;
22825500;-3.3142623901367187;
22834500;-3.369140625;
22843500;-3.3079757690429687;
22852500;-3.1893768310546875;
22861500;-3.0702285766601562;
22870500;-3.2042617797851562;
22879500;-3.1140518188476563;
22888500;-3.2846832275390625;
22897500;-3.43963623046875;
22906500;-3.138946533203125;
22915500;-3.24603271484375;
22924500;-3.1164627075195313;
22933500;-3.098358154296875;
22942500;-3.2862777709960937;
22951500;-3.141632080078125;
22960500;-3.0414276123046875;
22969500;-3.135894775390625;
22978500;-3.3668975830078125;
22987500;-3.3390960693359375;
22996500;-3.20733642578125;
23005500;-3.1183547973632812;
23014500;-3.2861099243164062;
23023500;-3.0439682006835937;
23032500;-2.899078369140625;
23041500;-3.1723251342773438;
23050500;-3.1177902221679687;
23059500;-3.2706146240234375;
23068500;-3.1808929443359375;
23077500;-2.9110031127929687;
23086500;-3.1270523071289062;
23095500;-3.0638427734375;
23104500;-3.0972976684570312;
23113500;-3.26617431640625;
23122500;-2.9703292846679687;
23131500;-3.2081069946289062;
23140500;-3.0455322265625;
23149500;-3.20635986328125;
23158500;-3.108123779296875;
23167500;-3.0448684692382812;
23176500;-2.9989166259765625;
23185500;-3.1139068603515625;
23194500;-3.1101150512695312;
23203500;-3.049346923828125;
23212500;-3.0920944213867187;
23221500;-3.2383651733398437;
23230500;-3.0768508911132812;
23239500;-3.0566558837890625;
23248500;-2.9692230224609375;
23257500;-3.0189056396484375;
23266500;-3.1319198608398437;
23275500;-3.0319976806640625;
23284500;-3.130859375;
23293500;-3.0536270141601563;
23302500;-3.0918121337890625;
23311500;-3.130126953125;
23320500;-2.9319534301757812;
23329500;-2.95684814453125;
23338500;-2.9936141967773437;
23347500;-2.9655914306640625;
23356500;-3.074432373046875;
23365500;-3.0876846313476562;
23374500;-3.1818771362304687;
23383500;-2.98712158203125;
23392500;-3.084442138671875;
23401500;-3.1764373779296875;
23410500;-3.0308303833007812;
23419500;-2.9453201293945312;
23428500;-2.9475555419921875;
23437500;-3.229644775390625;
23446500;-3.0821151733398437;
23455500;-3.10052490234375;
23464500;-3.0628662109375;
23473500;-3.1008834838867187;
23482500;-3.0317840576171875;
23491500;-3.019561767578125;
23500500;-2.9785842895507812;
23509500;-3.1986160278320312;
23518500;-3.1429977416992187;
23527500;-3.1664810180664062;
23536500;-3.0144729614257813;
23545500;-3.1359100341796875;
23554500;-2.9763946533203125;
23563500;-3.1966171264648437;
23572500;-3.1634979248046875;
23581500;-3.20074462890625;
23590500;-3.3687210083007813;
23599500;-3.13006591796875;
23608500;-3.1402359008789062;
23617500;-2.7852935791015625;
23626500;-3.037322998046875;
23635500;-3.0117721557617187;
23644500;-2.9909133911132813;
23653500;-2.9180679321289062;
23662500;-2.9052047729492187;
23671500;-2.8783798217773438;
23680500;-2.9476165771484375;
23689500;-3.138519287109375;
23698500;-3.1031112670898437;
23707500;-3.0514450073242187;
23716500;-3.0174102783203125;
23725500;-2.9899063110351562;
23734500;-3.0663528442382813;
23743500;-2.917938232421875;
23752500;-2.8295745849609375;
23761500;-2.8942031860351562;
23770500;-3.0642852783203125;
23779500;-3.0199432373046875;
23788500;-2.91259765625;
23797500;-2.917694091796875;
23806500;-2.9564895629882813;
23815500;-3.0396499633789062;
23824500;-2.7623977661132813;
23833500;-2.9107818603515625;
23842500;-2.7601318359375;
23851500;-2.9544219970703125;
23860500;-2.8173446655273438;
23869500;-2.6548004150390625;
23878500;-3.0664596557617187;
23887500;-3.1484451293945313;
23896500;-2.9807891845703125;
23905500;-3.21246337890625;
23914500;-3.100067138671875;
23923500;-3.1383438110351562;
23932500;-2.9815826416015625;
23941500;-3.0160751342773438;
23950500;-3.09136962890625;
23959500;-3.1380767822265625;
23968500;-2.7550735473632813;
23977500;-2.8866348266601562;
23986500;-2.942779541015625;
23995500;-1.715667724609375;
24004500;3.781463623046875;
24013500;-2.1598739624023437;
24022500;-2.4974899291992187;
24031500;-2.7116851806640625;
24040500;-3.003082275390625;
24049500;-2.9683837890625;
24058500;-2.7298431396484375;
24067500;-2.9517059326171875;
24076500;-2.8129730224609375;
24085500;-3.1494140625;
24094500;-2.7193222045898437;
24103500;-2.7262954711914062;
24112500;-2.8362884521484375;
24121500;-2.9931640625;
24130500;-2.94500732421875;
24139500;-2.87939453125;
24148500;-2.7657623291015625;
24157500;-2.7963714599609375;
24166500;-2.8893966674804687;
24175500;-2.847259521484375;
24184500;-3.0505218505859375;
24193500;-2.8442916870117187;
24202500;-2.966156005859375;
24211500;-2.872222900390625;
24220500;-2.8336181640625;
24229500;-3.0066757202148437;
24238500;-2.8251419067382812;
24247500;-2.866241455078125;
24256500;-2.9127120971679687;
24265500;-3.04083251953125;
24274500;-3.124969482421875;
24283500;-2.91265869140625;
24292500;-2.8980636596679687;
24301500;-2.8435211181640625;
24310500;-2.6288223266601563;
24319500;-2.8602294921875;
24328500;-2.9564666748046875;
24337500;-2.9105224609375;
24346500;-2.678924560546875;
24355500;-2.7272186279296875;
24364500;-2.6747207641601562;
24373500;-2.841400146484375;
24382500;-2.5914154052734375;
24391500;-2.94781494140625;
24400500;-2.8966598510742187;
24409500;-2.8038177490234375;
24418500;-2.8407058715820312;
24427500;-2.795135498046875;
24436500;-2.883148193359375;
24445500;-2.6004867553710937;
24454500;-2.6273345947265625;
24463500;-2.91314697265625;
24472500;-2.788330078125;
24481500;-2.8350448608398438;
24490500;-2.7807235717773438;
24499500;-2.76336669921875;
24508500;-2.922149658203125;
24517500;-2.8768386840820313;
24526500;-2.7728042602539062;
24535500;-2.78564453125;
24544500;-2.664794921875;
24553500;-2.7323684692382812;
24562500;-2.9178314208984375;
24571500;-2.6967010498046875;
24580500;-2.8373794555664062;
24589500;-2.9350128173828125;
24598500;-2.8647689819335937;
24607500;-2.7913970947265625;
24616500;-2.9417877197265625;
24625500;-2.7569427490234375;
24634500;-2.7232666015625;
24643500;-2.6685333251953125;
24652500;-2.60443115234375;
24661500;-2.764678955078125;
24670500;-2.862457275390625;
24679500;-2.531982421875;
24688500;-2.5413665771484375;
24697500;-2.622161865234375;
24706500;-2.6834487915039063;
24715500;-2.642608642578125;
24724500;-2.59796142578125;
24733500;-2.6431350708007813;
24742500;-2.54913330078125;
24751500;-2.647003173828125;
24760500;-2.6359786987304687;
24769500;-2.3668060302734375;
24778500;-2.6120681762695312;
24787500;-2.7125167846679687;
24796500;-2.711883544921875;
24805500;-2.8662109375;
24814500;-2.8394317626953125;
24823500;-2.8250961303710937;
24832500;-2.7807693481445313;
24841500;-2.5101852416992187;
24850500;-2.5279617309570313;
24859500;-2.6670379638671875;
24868500;-2.6730728149414063;
24877500;-2.5838699340820313;
24886500;-2.752532958984375;
24895500;-2.5444107055664062;
24904500;-2.5955886840820312;
24913500;-2.4462356567382813;
24922500;-2.4009857177734375;
24931500;-2.5054855346679687;
24940500;-2.4591217041015625;
24949500;-2.5493240356445313;
24958500;-2.5189285278320313;
24967500;-2.5073318481445313;
24976500;-2.5985488891601562;
24985500;-2.4206314086914062;
24994500;-2.71173095703125;
25003500;-2.5125045776367187;
25012500;-2.69232177734375;
25021500;-2.5374374389648437;
25030500;-2.6541595458984375;
25039500;-2.3669586181640625;
25048500;-2.50689697265625;
25057500;-2.40606689453125;
25066500;-2.5013427734375;
25075500;-2.6825485229492187;
25084500;-2.5471725463867187;
25093500;-2.5336151123046875;
25102500;-2.3676223754882813;
25111500;-2.718994140625;
25120500;-2.3412857055664062;
25129500;-2.50384521484375;
25138500;-2.4859771728515625;
25147500;-2.6536178588867187;
25156500;-2.3394393920898438;
25165500;-2.5524826049804687;
25174500;-2.5725173950195313;
25183500;-2.49609375;
25192500;-2.5161590576171875;
25201500;-2.44488525390625;
25210500;-2.5188140869140625;
25219500;-2.4114303588867187;
25228500;-2.4915084838867187;
25237500;-2.5205459594726562;
25246500;-2.53631591796875;
25255500;-2.6131134033203125;
25264500;-2.5898284912109375;
25273500;-2.6642532348632812;
25282500;-2.5429000854492187;
25291500;-2.3389434814453125;
25300500;-2.3593597412109375;
25309500;-2.233367919921875;
25318500;-2.3360061645507813;
25327500;-2.2371063232421875;
25336500;-2.4746551513671875;
25345500;-2.5542221069335937;
25354500;-2.2728652954101562;
25363500;-2.39654541015625;
25372500;-2.4533004760742187;
25381500;-2.2890701293945313;
25390500;-2.330322265625;
25399500;-2.2787704467773437;
25408500;-2.3374481201171875;
25417500;-2.504638671875;
25426500;-2.4348526000976562;
25435500;-2.4166183471679687;
25444500;-2.6225433349609375;
25453500;-2.5407943725585937;
25462500;-2.1857757568359375;
25471500;-2.3046875;
25480500;-2.0819168090820312;
25489500;-2.2682952880859375;
25498500;-2.4154129028320313;
25507500;-2.2590179443359375;
25516500;-2.2929229736328125;
25525500;-2.205657958984375;
25534500;-2.3311767578125;
25543500;-2.219451904296875;
25552500;-2.300506591796875;
25561500;-2.4663543701171875;
25570500;-2.27886962890625;
25579500;-2.4521942138671875;
25588500;-2.4053955078125;
25597500;-2.4348526000976562;
25606500;-2.1592636108398437;
25615500;-2.2034454345703125;
25624500;-2.1924819946289062;
25633500;-2.35400390625;
25642500;-2.227325439453125;
25651500;-2.3464202880859375;
25660500;-2.3907928466796875;
25669500;-2.1420974731445313;
25678500;-2.2914962768554687;
25687500;-2.3453750610351562;
25696500;-2.2572860717773437;
25705500;-2.3337173461914062;
25714500;-2.3129119873046875;
25723500;-2.2567901611328125;
25732500;-2.1078338623046875;
25741500;-2.046966552734375;
25750500;-2.3143997192382813;
25759500;-2.1040496826171875;
25768500;-2.1330413818359375;
25777500;-2.26104736328125;
25786500;-2.31719970703125;
25795500;-2.2223892211914062;
25804500;-2.276123046875;
25813500;-2.268585205078125;
25822500;-2.2644119262695312;
25831500;-2.200531005859375;
25840500;-2.2444381713867187;
25849500;-2.1428375244140625;
25858500;-2.065277099609375;
25867500;-2.0648040771484375;
25876500;-2.2656326293945312;
25885500;-2.0608291625976562;
25894500;-1.9527435302734375;
25903500;-2.3894729614257813;
25912500;-2.2263870239257812;
25921500;-1.95086669921875;
25930500;-2.0687637329101562;
25939500;-2.0717849731445313;
25948500;-2.2024307250976562;
25957500;-2.1847915649414062;
25966500;-2.0808944702148437;
25975500;-1.8415679931640625;
25984500;-2.2348098754882812;
25993500;-2.2544326782226562;
26002500;-2.4658203125;
26011500;-2.2137451171875;
26020500;-1.9712982177734375;
26029500;-2.0660781860351562;
26038500;-2.0416107177734375;
26047500;-1.9996109008789063;
26056500;-2.0133819580078125;
26065500;-2.1352767944335938;
26074500;-2.0688934326171875;
26083500;-2.2652664184570313;
26092500;-2.0457611083984375;
26101500;-1.7940139770507813;
26110500;-1.9486160278320313;
26119500;-2.30706787109375;
26128500;-2.2633590698242187;
26137500;-2.177886962890625;
26146500;-2.111572265625;
26155500;-2.0333099365234375;
26164500;-2.178802490234375;
26173500;-2.2344131469726562;
26182500;-2.1737136840820313;
26191500;-2.0137557983398437;
26200500;-2.222015380859375;
26209500;-2.214324951171875;
26218500;-1.954071044921875;
26227500;-1.9104156494140625;
26236500;-1.9831161499023437;
26245500;-2.0679397583007813;
26254500;-2.2015151977539062;
26263500;-2.140960693359375;
26272500;-2.11993408203125;
26281500;-2.1214675903320313;
26290500;-2.0915908813476562;
26299500;-2.0305709838867187;
26308500;-1.9646530151367187;
26317500;-2.1137161254882813;
26326500;-1.9193115234375;
26335500;-2.0838165283203125;
26344500;-2.057037353515625;
26353500;-1.9898834228515625;
26362500;-2.180389404296875;
26371500;-2.0504226684570313;
26380500;-1.6722793579101563;
26389500;-2.1168441772460937;
26398500;-2.060638427734375;
26407500;-1.946502685546875;
26416500;-1.9407272338867188;
26425500;-2.0687789916992187;
26434500;-1.912567138671875;
26443500;-2.1148681640625;
26452500;-1.904815673828125;
26461500;-2.0314407348632813;
26470500;-1.9841461181640625;
26479500;-2.2279586791992187;
26488500;-1.9947433471679688;
26497500;-1.7506103515625;
26506500;-1.8390579223632813;
26515500;-1.8832855224609375;
26524500;-1.6752166748046875;
26533500;-1.921539306640625;
26542500;-2.038330078125;
26551500;-2.0444793701171875;
26560500;-2.1279373168945313;
26569500;-2.043670654296875;
26578500;-1.77032470703125;
26587500;-1.7707366943359375;
26596500;-1.7468109130859375;
26605500;-1.928863525390625;
26614500;-1.9814071655273437;
26623500;-1.9217987060546875;
26632500;-2.1067123413085937;
26641500;-2.0151901245117187;
26650500;-1.9530181884765625;
26659500;-1.98614501953125;
26668500;-1.9330291748046875;
26677500;-1.95599365234375;
26686500;-2.1593246459960937;
26695500;-2.1037063598632812;
26704500;-2.1725921630859375;
26713500;-1.9727401733398437;
26722500;-2.055023193359375;
26731500;-1.98724365234375;
26740500;-1.8825836181640625;
26749500;-2.276763916015625;
26758500;-1.8839569091796875;
26767500;-2.002288818359375;
26776500;-2.034027099609375;
26785500;-2.1716384887695312;
26794500;-2.2324142456054687;
26803500;-2.20050048828125;
26812500;-1.810028076171875;
26821500;-2.0268783569335937;
26830500;-2.1124649047851562;
26839500;-2.389923095703125;
26848500;-2.146209716796875;
26857500;-1.867462158203125;
26866500;-2.0076065063476562;
26875500;-2.0183563232421875;
26884500;-1.958465576171875;
26893500;-1.9373779296875;
26902500;-1.9330062866210937;
26911500;-1.8572540283203125;
26920500;-1.8595733642578125;
26929500;-1.9044876098632813;
26938500;-1.707244873046875;
26947500;-2.0348587036132813;
26956500;-1.8542022705078125;
26965500;-1.7387619018554687;
26974500;-1.8956375122070313;
26983500;-2.0513458251953125;
26992500;-1.8332977294921875;
27001500;-1.8654022216796875;
27010500;-1.831298828125;
27019500;-2.1778182983398437;
27028500;-2.2144088745117187;
27037500;-2.1473007202148437;
27046500;-2.1236724853515625;
27055500;-2.1017837524414062;
27064500;-2.0674209594726562;
27073500;-2.1996688842773438;
27082500;-2.1128692626953125;
27091500;-2.0194931030273437;
27100500;-2.053924560546875;
27109500;-2.120758056640625;
27118500;-2.0287704467773438;
27127500;-2.186187744140625;
27136500;-2.2258987426757813;
27145500;-2.645904541015625;
27154500;-2.3281173706054687;
27163500;-2.225555419921875;
27172500;-2.1452407836914062;
27181500;-2.0085906982421875;
27190500;-2.0002899169921875;
27199500;-2.1353225708007812;
27208500;-2.1073150634765625;
27217500;-2.2221832275390625;
27226500;-2.2323989868164062;
27235500;-2.07159423828125;
27244500;-2.0960922241210937;
27253500;-2.0844039916992187;
27262500;-2.1114425659179687;
27271500;-2.1431732177734375;
27280500;-2.0136260986328125;
27289500;-2.2435226440429687;
27298500;-2.301422119140625;
27307500;-2.0813751220703125;
27316500;-2.0237350463867187;
27325500;-2.135528564453125;
27334500;-2.1298599243164062;
27343500;-2.01251220703125;
27352500;-2.0885772705078125;
27361500;-2.0594024658203125;
27370500;-2.1191558837890625;
27379500;-2.13043212890625;
27388500;-2.1140518188476562;
27397500;-2.0818252563476562;
27406500;-2.2532119750976562;
27415500;-2.2593002319335937;
27424500;-2.0987319946289062;
27433500;-1.9268417358398438;
27442500;-1.8752365112304687;
27451500;-2.204193115234375;
27460500;-2.3029022216796875;
27469500;-2.1298904418945313;
27478500;-2.13873291015625;
27487500;-2.4106063842773437;
27496500;-2.3661651611328125;
27505500;-2.044036865234375;
27514500;-1.9117279052734375;
27523500;-2.2311935424804687;
27532500;-2.4571380615234375;
27541500;-2.2301483154296875;
27550500;-2.1128005981445313;
27559500;-2.2608642578125;
27568500;-2.3006210327148437;
27577500;-2.28094482421875;
27586500;-2.3141708374023437;
27595500;-2.074005126953125;
27604500;-2.2423248291015625;
27613500;-2.0610122680664062;
27622500;-2.3060684204101562;
27631500;-2.202545166015625;
27640500;-2.0533599853515625;
27649500;-2.1693649291992187;
27658500;-2.097625732421875;
27667500;-2.082550048828125;
27676500;-2.146697998046875;
27685500;-2.2490234375;
27694500;-2.0606918334960937;
27703500;-2.08709716796875;
27712500;-2.0917129516601562;
27721500;-2.3049392700195313;
27730500;-2.5940170288085938;
27739500;-2.507171630859375;
27748500;-2.360748291015625;
27757500;-2.2549057006835938;
27766500;-2.4222488403320313;
27775500;-2.0641937255859375;
27784500;-2.0684127807617187;
27793500;-2.1102218627929687;
27802500;-2.0442962646484375;
27811500;-2.3475799560546875;
27820500;-2.1822509765625;
27829500;-2.3151168823242187;
27838500;-2.5248565673828125;
27847500;-2.2951889038085938;
27856500;-2.4020309448242187;
27865500;-2.2220001220703125;
27874500;-2.4166336059570313;
27883500;-2.2699966430664062;
27892500;-2.2627182006835937;
27901500;-2.1449661254882813;
27910500;-2.29840087890625;
27919500;-2.37060546875;
27928500;-2.3954620361328125;
27937500;-2.423004150390625;
27946500;-2.4327468872070313;
27955500;-2.4549102783203125;
27964500;-2.2966079711914062;
27973500;-2.4772872924804687;
27982500;-2.4446334838867187;
27991500;-2.2460479736328125;
28000500;-2.2103042602539062;
28009500;-2.4876556396484375;
28018500;-2.4576873779296875;
28027500;-2.5087051391601562;
28036500;-2.3408279418945312;
28045500;-2.3460845947265625;
28054500;-2.1826934814453125;
28063500;-2.4289932250976562;
28072500;-2.4207305908203125;
28081500;-2.3626708984375;
28090500;-2.4021759033203125;
28099500;-2.4183883666992187;
28108500;-2.2938003540039062;
28117500;-2.5680160522460938;
28126500;-2.5829315185546875;
28135500;-2.7394638061523437;
28144500;-2.4768829345703125;
28153500;-2.4146804809570312;
28162500;-2.6514205932617187;
28171500;-2.4976882934570312;
28180500;-2.4881668090820313;
28189500;-2.7235870361328125;
28198500;-2.61444091796875;
28207500;-2.5004806518554687;
28216500;-2.54193115234375;
28225500;-2.48370361328125;
28234500;-2.3302154541015625;
28243500;-2.4686279296875;
28252500;-2.5995635986328125;
28261500;-2.6490020751953125;
28270500;-2.4330215454101562;
28279500;-2.43798828125;
28288500;-2.64208984375;
28297500;-2.3706436157226562;
28306500;-2.4262619018554687;
28315500;-2.5619583129882813;
28324500;-2.4296646118164062;
28333500;-2.3719711303710937;
28342500;-2.5771408081054687;
28351500;-2.6476058959960937;
28360500;-2.5148849487304687;
28369500;-2.5871505737304687;
28378500;-2.6311264038085937;
28387500;-2.5219955444335938;
28396500;-2.6769485473632813;
28405500;-2.4878616333007813;
28414500;-2.3503265380859375;
28423500;-2.6881103515625;
28432500;-2.4581375122070313;
28441500;-2.5097122192382813;
28450500;-2.3543624877929687;
28459500;-2.6462936401367187;
28468500;-2.5604705810546875;
28477500;-2.5866775512695313;
28486500;-2.7218246459960938;
28495500;-2.5851364135742187;
28504500;-2.6177749633789062;
28513500;-2.3985977172851562;
28522500;-2.81195068359375;
28531500;-2.6312408447265625;
28540500;-2.388824462890625;
28549500;-2.6938552856445312;
28558500;-2.5575027465820312;
28567500;-2.66510009765625;
28576500;-2.7760009765625;
28585500;-2.45892333984375;
28594500;-2.565826416015625;
28603500;-2.5265884399414063;
28612500;-2.420654296875;
28621500;-2.6020278930664062;
28630500;-2.5657119750976562;
28639500;-2.4457015991210937;
28648500;-2.4895706176757813;
28657500;-2.449920654296875;
28666500;-2.7049560546875;
28675500;-2.5335845947265625;
28684500;-2.7498703002929687;
28693500;-2.5100860595703125;
28702500;-2.6222305297851562;
28711500;-2.7170562744140625;
28720500;-2.5858230590820312;
28729500;-2.6025543212890625;
28738500;-2.6702880859375;
28747500;-2.5362930297851562;
28756500;-2.4996795654296875;
28765500;-2.5261001586914062;
28774500;-2.517425537109375;
28783500;-2.7581939697265625;
28792500;-2.8652114868164062;
28801500;-2.5859146118164062;
28810500;-2.5590286254882812;
28819500;-2.7244033813476562;
28828500;-2.7414093017578125;
28837500;-2.48687744140625;
28846500;-2.3943405151367187;
28855500;-2.5937728881835937;
28864500;-2.5771636962890625;
28873500;-2.6438446044921875;
28882500;-2.8416900634765625;
28891500;-2.8550033569335937;
28900500;-2.5136184692382813;
28909500;-2.7007522583007813;
28918500;-2.9658432006835937;
28927500;-2.716888427734375;
28936500;-2.8648681640625;
28945500;-2.600250244140625;
28954500;-2.6391754150390625;
28963500;-2.7336349487304687;
28972500;-2.9110260009765625;
28981500;-2.7733306884765625;
28990500;-2.7366714477539062;
28999500;-2.7506484985351562;
29008500;-2.8868637084960937;
29017500;-2.8360061645507813;
29026500;-2.645782470703125;
29035500;-2.7278900146484375;
29044500;-2.54852294921875;
29053500;-2.7168655395507813;
29062500;-2.7456741333007813;
29071500;-2.8922576904296875;
29080500;-2.5182266235351562;
29089500;-2.8279953002929687;
29098500;-2.7333755493164062;
29107500;-2.7075042724609375;
29116500;-2.8116683959960937;
29125500;-2.6097640991210937;
29134500;-2.5723724365234375;
29143500;-2.982574462890625;
29152500;-2.7011337280273438;
29161500;-2.4990921020507812;
29170500;-2.5586471557617187;
29179500;-2.90924072265625;
29188500;-2.7758331298828125;
29197500;-2.8605117797851562;
29206500;-2.6505050659179687;
29215500;-2.8320999145507812;
29224500;-2.73809814453125;
29233500;-2.6683883666992187;
29242500;-2.7341537475585937;
29251500;-2.8244400024414063;
29260500;-2.7877655029296875;
29269500;-2.6059188842773438;
29278500;-2.805999755859375;
29287500;-2.7834930419921875;
29296500;-2.6870651245117187;
29305500;-2.8218994140625;
29314500;-2.7201156616210937;
29323500;-2.7807464599609375;
29332500;-2.9197158813476562;
29341500;-2.8888702392578125;
29350500;-2.6406936645507813;
29359500;-2.7206802368164063;
29368500;-2.8408737182617187;
29377500;-2.9179916381835937;
29386500;-2.8706588745117187;
29395500;-2.7495803833007813;
29404500;-2.6861953735351563;
29413500;-2.8440399169921875;
29422500;-3.1038131713867187;
29431500;-3.1834182739257812;
29440500;-3.0384292602539062;
29449500;-3.112274169921875;
29458500;-3.0961990356445313;
29467500;-2.9633941650390625;
29476500;-2.8465194702148437;
29485500;-2.8037338256835937;
29494500;-2.9250946044921875;
29503500;-3.0728607177734375;
29512500;-3.12786865234375;
29521500;-2.9778823852539062;
29530500;-2.8109893798828125;
29539500;-3.1417922973632813;
29548500;-3.097564697265625;
29557500;-2.8348846435546875;
29566500;-2.9050445556640625;
29575500;-2.9262008666992187;
29584500;-3.1642608642578125;
29593500;-3.2776565551757812;
29602500;-3.1559295654296875;
29611500;-3.0169601440429687;
29620500;-3.104827880859375;
29629500;-3.0906295776367187;
29638500;-3.0821151733398437;
29647500;-2.8462982177734375;
29656500;-2.8487014770507813;
29665500;-2.9771347045898437;
29674500;-2.9500961303710938;
29683500;-3.1009445190429687;
29692500;-2.9722900390625;
29701500;-3.00494384765625;
29710500;-3.1433639526367187;
29719500;-2.6845626831054687;
29728500;-2.866180419921875;
29737500;-3.2493057250976562;
29746500;-3.1202621459960937;
29755500;-3.0715484619140625;
29764500;-3.014617919921875;
29773500;-3.0840606689453125;
29782500;-3.2075958251953125;
29791500;-2.9887847900390625;
29800500;-2.722412109375;
29809500;-2.998260498046875;
29818500;-3.123504638671875;
29827500;-2.9604034423828125;
29836500;-3.0478363037109375;
29845500;-3.000091552734375;
29854500;-3.0251388549804687;
29863500;-2.8280868530273438;
29872500;-3.1384658813476563;
29881500;-3.3133544921875;
29890500;-3.1747512817382813;
29899500;-2.94720458984375;
29908500;-2.9987335205078125;
29917500;-3.2399520874023437;
29926500;-3.0072174072265625;
29935500;-3.0058212280273437;
29944500;-3.27471923828125;
29953500;-3.17523193359375;
29962500;-3.035491943359375;
29971500;-3.2359161376953125;
29980500;-3.151123046875;
29989500;-3.0931243896484375;
29998500;-3.2615203857421875;
