Type;FSV-13;
Version;3.70;
Date;14.Mar 24;
Mode;ANALYZER;
Center Freq;15076500.000000;Hz
Freq Offset;0.000000;Hz
Span;29844000.000000;Hz
x-Axis;LIN;
Start;154500.000000;Hz
Stop;29998500.000000;Hz
Ref Level;69.000000;dBµV
Level Offset;0.000000;dB
Ref Position;100.000000;%
y-Axis;LOG;
Level Range;100.000000;dB
Rf Att;0.000000;dB
El Att;0.000000;dB
RBW;9000.000000;Hz
VBW;100000.000000;Hz
SWT;0.100000;s
Trace Mode;AVERAGE;
Detector;RMS;
Sweep Count;0;
Trace 1:;;
x-Unit;Hz;
y-Unit;dBµV;
Preamplifier;OFF;
Transducer;OFF;
Values;3317;
154500;34.351692199707031;
163500;27.948379516601563;
172500;28.478981018066406;
181500;23.680946350097656;
190500;30.805351257324219;
199500;33.022262573242187;
208500;28.285903930664063;
217500;28.017250061035156;
226500;26.067962646484375;
235500;31.380607604980469;
244500;27.333831787109375;
253500;27.568572998046875;
262500;27.661102294921875;
271500;32.037071228027344;
280500;32.286308288574219;
289500;33.80413818359375;
298500;28.797126770019531;
307500;29.892539978027344;
316500;37.336685180664062;
325500;29.718605041503906;
334500;26.553672790527344;
343500;20.516464233398438;
352500;28.323265075683594;
361500;27.141525268554687;
370500;26.873970031738281;
379500;21.647132873535156;
388500;20.517654418945313;
397500;24.040763854980469;
406500;24.22998046875;
415500;22.218887329101563;
424500;21.083839416503906;
433500;19.996383666992187;
442500;19.272201538085938;
451500;21.120094299316406;
460500;17.5643310546875;
469500;18.72869873046875;
478500;19.573806762695313;
487500;20.724151611328125;
496500;21.312530517578125;
505500;18.018539428710937;
514500;16.617034912109375;
523500;16.741188049316406;
532500;17.134475708007813;
541500;14.745216369628906;
550500;17.718620300292969;
559500;17.568023681640625;
568500;20.640312194824219;
577500;20.999679565429688;
586500;18.102493286132813;
595500;18.638053894042969;
604500;16.605430603027344;
613500;16.934700012207031;
622500;16.017532348632813;
631500;22.736724853515625;
640500;24.233116149902344;
649500;20.783737182617188;
658500;18.842453002929688;
667500;21.529090881347656;
676500;31.944740295410156;
685500;24.297149658203125;
694500;23.026351928710937;
703500;23.699119567871094;
712500;34.537811279296875;
721500;33.821403503417969;
730500;29.678497314453125;
739500;27.701446533203125;
748500;31.708648681640625;
757500;40.746910095214844;
766500;33.367591857910156;
775500;30.677650451660156;
784500;30.445693969726563;
793500;43.233108520507813;
802500;40.993309020996094;
811500;39.538429260253906;
820500;34.444923400878906;
829500;39.968513488769531;
838500;47.889812469482422;
847500;45.874671936035156;
856500;42.591995239257813;
865500;41.329536437988281;
874500;50.786376953125;
883500;50.769073486328125;
892500;53.239242553710938;
901500;47.967086791992188;
910500;46.931617736816406;
919500;50.250568389892578;
928500;55.157386779785156;
937500;49.690879821777344;
946500;46.340492248535156;
955500;44.703861236572266;
964500;45.259601593017578;
973500;48.275169372558594;
982500;39.838912963867188;
991500;40.207878112792969;
1000500;42.740669250488281;
1009500;39.4512939453125;
1018500;33.997467041015625;
1027500;32.405975341796875;
1036500;40.929267883300781;
1045500;33.027015686035156;
1054500;31.855911254882813;
1063500;30.688766479492187;
1072500;34.325836181640625;
1081500;35.409591674804688;
1090500;25.926376342773438;
1099500;23.753738403320313;
1108500;23.090507507324219;
1117500;31.848922729492188;
1126500;21.859970092773438;
1135500;17.231651306152344;
1144500;19.127433776855469;
1153500;25.449317932128906;
1162500;23.850250244140625;
1171500;16.668128967285156;
1180500;18.506034851074219;
1189500;21.747909545898438;
1198500;25.964836120605469;
1207500;21.699989318847656;
1216500;23.371444702148438;
1225500;24.843231201171875;
1234500;27.906936645507813;
1243500;26.573097229003906;
1252500;24.07745361328125;
1261500;22.080474853515625;
1270500;21.980270385742188;
1279500;25.844215393066406;
1288500;22.397293090820313;
1297500;20.799407958984375;
1306500;20.2659912109375;
1315500;24.143600463867188;
1324500;21.949012756347656;
1333500;24.321372985839844;
1342500;22.583732604980469;
1351500;22.044776916503906;
1360500;24.031044006347656;
1369500;25.940574645996094;
1378500;25.376251220703125;
1387500;25.642135620117188;
1396500;27.685302734375;
1405500;26.878868103027344;
1414500;28.136329650878906;
1423500;25.648590087890625;
1432500;26.464149475097656;
1441500;28.561264038085937;
1450500;24.837722778320313;
1459500;23.743194580078125;
1468500;24.138404846191406;
1477500;33.277885437011719;
1486500;25.632476806640625;
1495500;24.710594177246094;
1504500;28.447563171386719;
1513500;34.172195434570313;
1522500;34.540847778320312;
1531500;28.358161926269531;
1540500;29.659278869628906;
1549500;31.469833374023438;
1558500;39.4964599609375;
1567500;33.517997741699219;
1576500;32.956977844238281;
1585500;32.671249389648438;
1594500;39.994720458984375;
1603500;38.839767456054688;
1612500;36.080070495605469;
1621500;32.375953674316406;
1630500;34.5772705078125;
1639500;41.617828369140625;
1648500;36.868217468261719;
1657500;34.717979431152344;
1666500;32.248268127441406;
1675500;38.344581604003906;
1684500;36.383331298828125;
1693500;36.515609741210938;
1702500;31.166343688964844;
1711500;31.834747314453125;
1720500;36.097496032714844;
1729500;34.529098510742188;
1738500;31.221885681152344;
1747500;29.230232238769531;
1756500;33.629470825195312;
1765500;30.695953369140625;
1774500;32.249259948730469;
1783500;27.469375610351563;
1792500;29.370407104492187;
1801500;32.114105224609375;
1810500;29.189369201660156;
1819500;26.184967041015625;
1828500;26.990287780761719;
1837500;32.653717041015625;
1846500;26.828033447265625;
1855500;26.767387390136719;
1864500;28.42559814453125;
1873500;29.551445007324219;
1882500;30.493484497070313;
1891500;23.790306091308594;
1900500;25.038520812988281;
1909500;26.284996032714844;
1918500;30.882179260253906;
1927500;24.339317321777344;
1936500;22.184303283691406;
1945500;26.976333618164063;
1954500;27.587005615234375;
1963500;26.718330383300781;
1972500;22.516845703125;
1981500;24.097297668457031;
1990500;24.080497741699219;
1999500;26.5537109375;
2008500;21.686653137207031;
2017500;21.715347290039063;
2026500;24.271842956542969;
2035500;23.846809387207031;
2044500;22.167510986328125;
2053500;21.387908935546875;
2062500;22.024024963378906;
2071500;20.767227172851563;
2080500;22.969970703125;
2089500;19.327590942382813;
2098500;18.87152099609375;
2107500;20.660476684570312;
2116500;21.888442993164063;
2125500;19.416114807128906;
2134500;17.966621398925781;
2143500;18.472320556640625;
2152500;18.422889709472656;
2161500;21.920158386230469;
2170500;16.558113098144531;
2179500;14.97723388671875;
2188500;17.048088073730469;
2197500;21.419090270996094;
2206500;16.926918029785156;
2215500;15.417465209960937;
2224500;15.123855590820313;
2233500;16.817352294921875;
2242500;19.676589965820313;
2251500;14.099014282226563;
2260500;14.580795288085938;
2269500;13.462921142578125;
2278500;19.309829711914063;
2287500;13.970756530761719;
2296500;15.564468383789062;
2305500;23.891090393066406;
2314500;16.73211669921875;
2323500;17.716941833496094;
2332500;14.518829345703125;
2341500;13.24005126953125;
2350500;14.257110595703125;
2359500;18.158805847167969;
2368500;14.472686767578125;
2377500;15.317817687988281;
2386500;24.213905334472656;
2395500;30.803764343261719;
2404500;18.015365600585937;
2413500;15.275581359863281;
2422500;14.954521179199219;
2431500;15.247299194335937;
2440500;17.467636108398438;
2449500;13.961540222167969;
2458500;14.457290649414063;
2467500;15.627876281738281;
2476500;26.406196594238281;
2485500;29.433723449707031;
2494500;14.589851379394531;
2503500;13.1378173828125;
2512500;13.843978881835938;
2521500;16.711563110351563;
2530500;15.151779174804688;
2539500;13.163063049316406;
2548500;13.149620056152344;
2557500;15.624382019042969;
2566500;23.02569580078125;
2575500;23.794960021972656;
2584500;13.765617370605469;
2593500;15.942253112792969;
2602500;16.410552978515625;
2611500;15.014747619628906;
2620500;15.182662963867187;
2629500;15.839637756347656;
2638500;18.186859130859375;
2647500;16.621002197265625;
2656500;20.081695556640625;
2665500;19.358116149902344;
2674500;19.424064636230469;
2683500;20.574798583984375;
2692500;18.733016967773438;
2701500;18.452217102050781;
2710500;18.765045166015625;
2719500;22.165008544921875;
2728500;19.22088623046875;
2737500;18.750946044921875;
2746500;19.630226135253906;
2755500;20.562957763671875;
2764500;20.504936218261719;
2773500;17.415702819824219;
2782500;16.420097351074219;
2791500;16.880874633789063;
2800500;20.646087646484375;
2809500;16.369895935058594;
2818500;15.283401489257812;
2827500;15.616531372070313;
2836500;24.903068542480469;
2845500;20.149101257324219;
2854500;16.627128601074219;
2863500;15.128898620605469;
2872500;15.881134033203125;
2881500;19.031051635742187;
2890500;15.950042724609375;
2899500;15.156929016113281;
2908500;14.822952270507813;
2917500;19.217071533203125;
2926500;26.896102905273437;
2935500;17.594207763671875;
2944500;13.178619384765625;
2953500;13.942169189453125;
2962500;17.278419494628906;
2971500;13.637367248535156;
2980500;12.3648681640625;
2989500;13.133872985839844;
2998500;17.951904296875;
3007500;18.165054321289063;
3016500;26.3138427734375;
3025500;14.339088439941406;
3034500;14.584495544433594;
3043500;16.50823974609375;
3052500;13.506149291992188;
3061500;13.136466979980469;
3070500;13.28802490234375;
3079500;16.683784484863281;
3088500;13.764541625976563;
3097500;18.663238525390625;
3106500;23.545707702636719;
3115500;13.934867858886719;
3124500;15.057991027832031;
3133500;12.226165771484375;
3142500;11.50360107421875;
3151500;11.693229675292969;
3160500;15.615974426269531;
3169500;13.085395812988281;
3178500;13.184738159179688;
3187500;16.659500122070312;
3196500;19.132637023925781;
3205500;15.695793151855469;
3214500;14.201957702636719;
3223500;14.184967041015625;
3232500;14.791099548339844;
3241500;17.310714721679688;
3250500;15.38690185546875;
3259500;15.168006896972656;
3268500;15.086273193359375;
3277500;16.661300659179688;
3286500;15.866912841796875;
3295500;15.410560607910156;
3304500;14.887214660644531;
3313500;15.510498046875;
3322500;17.713600158691406;
3331500;16.642318725585938;
3340500;16.56280517578125;
3349500;16.760459899902344;
3358500;18.478218078613281;
3367500;22.811859130859375;
3376500;20.995674133300781;
3385500;17.592033386230469;
3394500;18.160537719726562;
3403500;19.470634460449219;
3412500;18.662796020507813;
3421500;18.045509338378906;
3430500;18.253379821777344;
3439500;19.159713745117188;
3448500;18.102920532226563;
3457500;24.3695068359375;
3466500;20.161750793457031;
3475500;17.707260131835937;
3484500;18.467010498046875;
3493500;17.756011962890625;
3502500;17.411727905273438;
3511500;17.024017333984375;
3520500;18.300193786621094;
3529500;17.410263061523438;
3538500;17.243408203125;
3547500;20.649383544921875;
3556500;17.705154418945313;
3565500;17.449302673339844;
3574500;17.252815246582031;
3583500;16.2481689453125;
3592500;15.795204162597656;
3601500;17.391593933105469;
3610500;15.895179748535156;
3619500;15.296340942382812;
3628500;15.293991088867188;
3637500;17.544075012207031;
3646500;16.422256469726562;
3655500;15.755630493164062;
3664500;15.049659729003906;
3673500;15.080909729003906;
3682500;16.843124389648438;
3691500;15.132492065429688;
3700500;15.069442749023437;
3709500;14.75897216796875;
3718500;15.996086120605469;
3727500;16.108245849609375;
3736500;15.338241577148438;
3745500;14.862937927246094;
3754500;14.827384948730469;
3763500;16.275978088378906;
3772500;14.974838256835937;
3781500;14.626541137695313;
3790500;14.61175537109375;
3799500;16.245849609375;
3808500;15.204002380371094;
3817500;15.14276123046875;
3826500;15.004783630371094;
3835500;15.147171020507813;
3844500;16.187889099121094;
3853500;14.978309631347656;
3862500;15.204216003417969;
3871500;14.5675048828125;
3880500;16.054649353027344;
3889500;15.264404296875;
3898500;15.336151123046875;
3907500;14.554458618164063;
3916500;15.035247802734375;
3925500;15.994529724121094;
3934500;14.478080749511719;
3943500;14.276802062988281;
3952500;14.221038818359375;
3961500;16.344955444335937;
3970500;14.71978759765625;
3979500;15.008697509765625;
3988500;15.055191040039063;
3997500;15.611373901367188;
4006500;16.125465393066406;
4015500;15.422134399414063;
4024500;15.988632202148438;
4033500;15.600112915039062;
4042500;17.255805969238281;
4051500;16.5546875;
4060500;16.808975219726563;
4069500;16.759056091308594;
4078500;17.632789611816406;
4087500;17.694450378417969;
4096500;17.341293334960937;
4105500;17.499862670898437;
4114500;17.73431396484375;
4123500;18.845413208007813;
4132500;18.72100830078125;
4141500;18.605972290039062;
4150500;19.067329406738281;
4159500;19.399955749511719;
4168500;19.59698486328125;
4177500;19.673545837402344;
4186500;19.588874816894531;
4195500;20.201103210449219;
4204500;20.626678466796875;
4213500;20.761451721191406;
4222500;20.798751831054688;
4231500;21.192558288574219;
4240500;21.427696228027344;
4249500;21.721420288085938;
4258500;21.708915710449219;
4267500;22.199699401855469;
4276500;21.756080627441406;
4285500;22.445755004882812;
4294500;22.140914916992187;
4303500;22.276802062988281;
4312500;22.367172241210937;
4321500;22.569000244140625;
4330500;22.331520080566406;
4339500;22.3052978515625;
4348500;22.089057922363281;
4357500;22.34356689453125;
4366500;22.080894470214844;
4375500;22.023849487304687;
4384500;21.65380859375;
4393500;21.40460205078125;
4402500;21.557258605957031;
4411500;20.80767822265625;
4420500;20.823974609375;
4429500;20.015388488769531;
4438500;20.528701782226562;
4447500;19.751937866210937;
4456500;19.375801086425781;
4465500;19.051605224609375;
4474500;18.526596069335938;
4483500;18.651123046875;
4492500;18.101539611816406;
4501500;17.659835815429687;
4510500;17.418167114257813;
4519500;17.682083129882812;
4528500;18.123710632324219;
4537500;16.412483215332031;
4546500;16.339363098144531;
4555500;15.918838500976563;
4564500;16.634368896484375;
4573500;15.451225280761719;
4582500;15.218757629394531;
4591500;14.862075805664063;
4600500;15.432044982910156;
4609500;15.996963500976563;
4618500;15.718055725097656;
4627500;13.97686767578125;
4636500;13.515510559082031;
4645500;14.221527099609375;
4654500;12.955795288085938;
4663500;12.738327026367187;
4672500;12.315353393554688;
4681500;13.147720336914063;
4690500;12.499359130859375;
4699500;14.415512084960937;
4708500;13.19073486328125;
4717500;11.702011108398438;
4726500;12.399688720703125;
4735500;11.635520935058594;
4744500;10.587814331054687;
4753500;11.005928039550781;
4762500;12.465225219726563;
4771500;10.975776672363281;
4780500;11.282073974609375;
4789500;11.831642150878906;
4798500;11.821945190429688;
4807500;11.852767944335937;
4816500;11.156471252441406;
4825500;10.692375183105469;
4834500;9.9723129272460937;
4843500;12.489395141601563;
4852500;10.342842102050781;
4861500;11.266838073730469;
4870500;10.271293640136719;
4879500;11.056137084960938;
4888500;11.773284912109375;
4897500;10.570663452148438;
4906500;10.622444152832031;
4915500;9.9544906616210937;
4924500;12.200935363769531;
4933500;11.239669799804688;
4942500;11.1038818359375;
4951500;10.481208801269531;
4960500;11.1524658203125;
4969500;13.295356750488281;
4978500;10.989486694335938;
4987500;9.8687591552734375;
4996500;10.910072326660156;
5005500;11.99395751953125;
5014500;11.215202331542969;
5023500;10.331260681152344;
5032500;10.47540283203125;
5041500;12.095169067382812;
5050500;11.9365234375;
5059500;15.676727294921875;
5068500;10.380783081054687;
5077500;10.97308349609375;
5086500;12.292922973632812;
5095500;11.130683898925781;
5104500;10.408988952636719;
5113500;10.402267456054687;
5122500;12.226432800292969;
5131500;11.069717407226562;
5140500;13.15960693359375;
5149500;15.786369323730469;
5158500;11.415420532226563;
5167500;12.112518310546875;
5176500;11.674537658691406;
5185500;10.296661376953125;
5194500;10.658355712890625;
5203500;12.718894958496094;
5212500;11.183319091796875;
5221500;11.67449951171875;
5230500;12.026123046875;
5239500;14.0181884765625;
5248500;11.995155334472656;
5257500;11.441497802734375;
5266500;11.018569946289063;
5275500;9.8549880981445313;
5284500;12.974380493164063;
5293500;10.777839660644531;
5302500;10.760284423828125;
5311500;10.316490173339844;
5320500;11.600997924804687;
5329500;12.329635620117188;
5338500;10.612197875976563;
5347500;10.233253479003906;
5356500;10.24774169921875;
5365500;12.425117492675781;
5374500;10.990287780761719;
5383500;9.525604248046875;
5392500;10.18084716796875;
5401500;11.52020263671875;
5410500;10.942665100097656;
5419500;11.055450439453125;
5428500;8.6807098388671875;
5437500;10.493064880371094;
5446500;12.329032897949219;
5455500;10.570159912109375;
5464500;10.050064086914062;
5473500;8.8300933837890625;
5482500;12.709846496582031;
5491500;10.607315063476562;
5500500;11.868896484375;
5509500;10.452903747558594;
5518500;10.629226684570312;
5527500;13.301422119140625;
5536500;11.386177062988281;
5545500;11.438186645507813;
5554500;10.911575317382812;
5563500;13.479644775390625;
5572500;12.487930297851563;
5581500;12.30926513671875;
5590500;15.665031433105469;
5599500;12.97113037109375;
5608500;13.521530151367187;
5617500;13.470687866210938;
5626500;12.5850830078125;
5635500;12.903236389160156;
5644500;14.796287536621094;
5653500;13.804656982421875;
5662500;14.361221313476562;
5671500;14.582389831542969;
5680500;20.2900390625;
5689500;15.786224365234375;
5698500;15.060317993164063;
5707500;15.096412658691406;
5716500;14.461334228515625;
5725500;16.945991516113281;
5734500;15.774642944335938;
5743500;16.1824951171875;
5752500;16.46099853515625;
5761500;18.457054138183594;
5770500;23.129318237304688;
5779500;16.827629089355469;
5788500;16.964454650878906;
5797500;16.9324951171875;
5806500;17.8524169921875;
5815500;18.136344909667969;
5824500;17.660255432128906;
5833500;17.781478881835937;
5842500;17.962623596191406;
5851500;20.503944396972656;
5860500;23.55108642578125;
5869500;17.133865356445313;
5878500;18.029876708984375;
5887500;18.280670166015625;
5896500;17.513015747070312;
5905500;18.02423095703125;
5914500;16.669319152832031;
5923500;17.921714782714844;
5932500;16.614768981933594;
5941500;17.109954833984375;
5950500;18.807212829589844;
5959500;19.967201232910156;
5968500;16.291069030761719;
5977500;14.62493896484375;
5986500;14.90496826171875;
5995500;15.151115417480469;
6004500;13.845146179199219;
6013500;14.464096069335937;
6022500;13.305809020996094;
6031500;16.844535827636719;
6040500;16.339241027832031;
6049500;12.305946350097656;
6058500;13.41998291015625;
6067500;11.002891540527344;
6076500;11.69342041015625;
6085500;12.822372436523437;
6094500;11.460517883300781;
6103500;12.080192565917969;
6112500;9.8463058471679687;
6121500;22.117019653320312;
6130500;18.144874572753906;
6139500;10.055244445800781;
6148500;11.009834289550781;
6157500;9.7813644409179687;
6166500;11.862968444824219;
6175500;9.836273193359375;
6184500;9.2820587158203125;
6193500;10.343788146972656;
6202500;9.5632247924804687;
6211500;23.479072570800781;
6220500;16.539382934570313;
6229500;8.51251220703125;
6238500;9.7815933227539062;
6247500;9.6994781494140625;
6256500;10.785163879394531;
6265500;8.04534912109375;
6274500;8.2932357788085938;
6283500;11.143302917480469;
6292500;11.802284240722656;
6301500;23.907432556152344;
6310500;13.267868041992188;
6319500;10.119796752929687;
6328500;12.164161682128906;
6337500;9.448974609375;
6346500;11.510345458984375;
6355500;8.27734375;
6364500;12.423851013183594;
6373500;11.008056640625;
6382500;13.98553466796875;
6391500;22.253578186035156;
6400500;11.339004516601563;
6409500;12.881416320800781;
6418500;11.79510498046875;
6427500;9.7948150634765625;
6436500;12.115455627441406;
6445500;11.926284790039063;
6454500;12.8087158203125;
6463500;11.564315795898437;
6472500;11.641349792480469;
6481500;16.343399047851563;
6490500;12.204505920410156;
6499500;13.7303466796875;
6508500;10.150314331054687;
6517500;10.703399658203125;
6526500;14.575370788574219;
6535500;11.570701599121094;
6544500;13.789253234863281;
6553500;10.584335327148438;
6562500;14.983261108398438;
6571500;17.038047790527344;
6580500;12.737586975097656;
6589500;13.625656127929688;
6598500;11.529098510742188;
6607500;15.160316467285156;
6616500;13.937606811523438;
6625500;12.347618103027344;
6634500;13.894622802734375;
6643500;14.28326416015625;
6652500;21.689674377441406;
6661500;22.17083740234375;
6670500;12.70458984375;
6679500;14.739883422851563;
6688500;15.394432067871094;
6697500;15.404464721679687;
6706500;14.3851318359375;
6715500;13.691093444824219;
6724500;16.805290222167969;
6733500;15.465438842773438;
6742500;25.207275390625;
6751500;22.784866333007813;
6760500;15.319999694824219;
6769500;17.127731323242187;
6778500;16.5401611328125;
6787500;15.617202758789063;
6796500;15.069633483886719;
6805500;17.345794677734375;
6814500;16.755661010742187;
6823500;16.999977111816406;
6832500;24.811683654785156;
6841500;20.306167602539063;
6850500;17.116897583007813;
6859500;17.303428649902344;
6868500;15.617599487304688;
6877500;15.215087890625;
6886500;18.198310852050781;
6895500;16.331718444824219;
6904500;17.316497802734375;
6913500;15.252182006835938;
6922500;21.630157470703125;
6931500;18.447212219238281;
6940500;17.04827880859375;
6949500;16.197319030761719;
6958500;14.890190124511719;
6967500;18.40301513671875;
6976500;16.716545104980469;
6985500;16.430419921875;
6994500;15.83709716796875;
7003500;17.109024047851563;
7012500;18.537887573242187;
7021500;17.469161987304688;
7030500;15.926498413085938;
7039500;16.374732971191406;
7048500;18.532501220703125;
7057500;18.237884521484375;
7066500;16.686248779296875;
7075500;16.824172973632813;
7084500;18.763893127441406;
7093500;18.460823059082031;
7102500;21.283958435058594;
7111500;16.370132446289062;
7120500;18.408622741699219;
7129500;19.816436767578125;
7138500;19.41949462890625;
7147500;19.009796142578125;
7156500;17.809364318847656;
7165500;21.297065734863281;
7174500;19.798057556152344;
7183500;23.500205993652344;
7192500;26.781021118164063;
7201500;20.011978149414062;
7210500;22.3031005859375;
7219500;21.407814025878906;
7228500;21.202911376953125;
7237500;20.804641723632813;
7246500;22.787178039550781;
7255500;22.782615661621094;
7264500;22.251205444335937;
7273500;27.976402282714844;
7282500;29.999954223632813;
7291500;23.763519287109375;
7300500;24.074508666992187;
7309500;22.481178283691406;
7318500;23.7813720703125;
7327500;24.952590942382813;
7336500;24.253868103027344;
7345500;24.946243286132812;
7354500;23.662445068359375;
7363500;31.536201477050781;
7372500;31.48199462890625;
7381500;25.8995361328125;
7390500;25.330810546875;
7399500;24.90972900390625;
7408500;27.428779602050781;
7417500;26.110893249511719;
7426500;26.707046508789063;
7435500;26.078330993652344;
7444500;26.995559692382813;
7453500;32.487266540527344;
7462500;30.267471313476563;
7471500;26.877815246582031;
7480500;26.539573669433594;
7489500;27.926803588867188;
7498500;27.926124572753906;
7507500;26.903274536132813;
7516500;26.971229553222656;
7525500;27.65771484375;
7534500;27.580169677734375;
7543500;29.484779357910156;
7552500;26.708381652832031;
7561500;27.416473388671875;
7570500;27.974220275878906;
7579500;27.7972412109375;
7588500;26.923355102539063;
7597500;25.858085632324219;
7606500;28.038169860839844;
7615500;26.496711730957031;
7624500;27.650352478027344;
7633500;28.528007507324219;
7642500;26.348037719726563;
7651500;27.504570007324219;
7660500;26.977958679199219;
7669500;25.8223876953125;
7678500;24.931640625;
7687500;26.994514465332031;
7696500;26.0218505859375;
7705500;26.2950439453125;
7714500;26.221412658691406;
7723500;33.28045654296875;
7732500;26.893730163574219;
7741500;26.351341247558594;
7750500;23.954200744628906;
7759500;23.788299560546875;
7768500;26.479660034179688;
7777500;24.900382995605469;
7786500;25.151168823242187;
7795500;22.942832946777344;
7804500;28.078781127929688;
7813500;33.36004638671875;
7822500;25.689620971679688;
7831500;23.413436889648438;
7840500;22.641883850097656;
7849500;25.895149230957031;
7858500;24.447280883789063;
7867500;23.982933044433594;
7876500;22.726295471191406;
7885500;24.547943115234375;
7894500;27.317008972167969;
7903500;30.651947021484375;
7912500;22.521072387695313;
7921500;22.829864501953125;
7930500;25.256782531738281;
7939500;24.496475219726563;
7948500;23.084518432617188;
7957500;22.139297485351563;
7966500;24.738212585449219;
7975500;23.902267456054688;
7984500;26.367134094238281;
7993500;25.590255737304688;
8002500;22.574317932128906;
8011500;24.851722717285156;
8020500;24.175514221191406;
8029500;22.706718444824219;
8038500;21.492515563964844;
8047500;24.291938781738281;
8056500;23.151580810546875;
8065500;23.891845703125;
8074500;22.321342468261719;
8083500;22.602714538574219;
8092500;24.235801696777344;
8101500;24.187271118164063;
8110500;21.713897705078125;
8119500;21.75067138671875;
8128500;24.334373474121094;
8137500;23.287437438964844;
8146500;23.328216552734375;
8155500;21.395004272460938;
8164500;22.897674560546875;
8173500;23.411857604980469;
8182500;23.938835144042969;
8191500;21.182174682617188;
8200500;21.466537475585938;
8209500;23.8590087890625;
8218500;22.819770812988281;
8227500;22.517692565917969;
8236500;20.682525634765625;
8245500;22.809524536132813;
8254500;24.865463256835937;
8263500;23.773368835449219;
8272500;20.233222961425781;
8281500;20.873329162597656;
8290500;23.283187866210938;
8299500;22.453910827636719;
8308500;21.606246948242188;
8317500;20.088150024414062;
8326500;22.363922119140625;
8335500;22.005363464355469;
8344500;25.991889953613281;
8353500;20.222030639648438;
8362500;20.54071044921875;
8371500;22.968292236328125;
8380500;22.001518249511719;
8389500;20.928634643554688;
8398500;18.930953979492188;
8407500;22.289718627929688;
8416500;20.752151489257813;
8425500;22.871589660644531;
8434500;24.078643798828125;
8443500;20.191062927246094;
8452500;22.492919921875;
8461500;21.688186645507813;
8470500;20.071586608886719;
8479500;18.379356384277344;
8488500;22.253761291503906;
8497500;20.683067321777344;
8506500;21.683555603027344;
8515500;19.859916687011719;
8524500;22.578910827636719;
8533500;21.951194763183594;
8542500;22.056442260742187;
8551500;19.509956359863281;
8560500;18.595878601074219;
8569500;22.397819519042969;
8578500;21.092109680175781;
8587500;21.329383850097656;
8596500;19.169456481933594;
8605500;20.830764770507813;
8614500;22.133148193359375;
8623500;22.398178100585938;
8632500;19.851646423339844;
8641500;19.715507507324219;
8650500;22.810531616210937;
8659500;21.935234069824219;
8668500;21.639778137207031;
8677500;20.363914489746094;
8686500;21.833953857421875;
8695500;22.47772216796875;
8704500;23.193557739257813;
8713500;20.756721496582031;
8722500;21.040435791015625;
8731500;23.2802734375;
8740500;23.073135375976563;
8749500;22.168586730957031;
8758500;21.391578674316406;
8767500;22.741600036621094;
8776500;22.631172180175781;
8785500;23.997879028320313;
8794500;21.6427001953125;
8803500;22.210227966308594;
8812500;23.745536804199219;
8821500;23.487472534179688;
8830500;22.55792236328125;
8839500;21.667831420898438;
8848500;23.616592407226563;
8857500;22.925498962402344;
8866500;23.934654235839844;
8875500;22.594497680664063;
8884500;22.531547546386719;
8893500;24.076141357421875;
8902500;23.922721862792969;
8911500;22.934906005859375;
8920500;22.340713500976563;
8929500;24.116676330566406;
8938500;23.604866027832031;
8947500;23.869659423828125;
8956500;23.022956848144531;
8965500;23.211357116699219;
8974500;24.260887145996094;
8983500;24.321250915527344;
8992500;22.932716369628906;
9001500;23.097991943359375;
9010500;24.057426452636719;
9019500;24.100502014160156;
9028500;23.884414672851563;
9037500;22.991767883300781;
9046500;23.739784240722656;
9055500;24.0516357421875;
9064500;24.6314697265625;
9073500;22.725791931152344;
9082500;23.155525207519531;
9091500;24.462318420410156;
9100500;24.108146667480469;
9109500;24.104652404785156;
9118500;22.773895263671875;
9127500;23.927757263183594;
9136500;24.048263549804687;
9145500;24.967330932617188;
9154500;22.98492431640625;
9163500;22.859352111816406;
9172500;24.795219421386719;
9181500;24.479171752929688;
9190500;23.579833984375;
9199500;23.031364440917969;
9208500;23.940513610839844;
9217500;23.819450378417969;
9226500;24.668350219726563;
9235500;22.612701416015625;
9244500;23.293159484863281;
9253500;24.303367614746094;
9262500;24.788825988769531;
9271500;23.036422729492188;
9280500;22.537704467773438;
9289500;24.578277587890625;
9298500;23.228652954101563;
9307500;24.839164733886719;
9316500;22.141265869140625;
9325500;23.685836791992188;
9334500;24.389862060546875;
9343500;24.789321899414063;
9352500;23.235099792480469;
9361500;21.963729858398438;
9370500;25.165023803710938;
9379500;23.781806945800781;
9388500;24.924903869628906;
9397500;22.568115234375;
9406500;24.0762939453125;
9415500;25.288436889648438;
9424500;25.165626525878906;
9433500;23.272613525390625;
9442500;22.689193725585938;
9451500;25.571586608886719;
9460500;24.865257263183594;
9469500;25.099761962890625;
9478500;23.435661315917969;
9487500;24.619918823242188;
9496500;25.877883911132813;
9505500;26.454048156738281;
9514500;23.774322509765625;
9523500;23.819374084472656;
9532500;26.3896484375;
9541500;25.937149047851563;
9550500;25.644027709960937;
9559500;24.071578979492187;
9568500;26.003005981445313;
9577500;26.025741577148437;
9586500;27.696792602539063;
9595500;24.784019470214844;
9604500;25.024330139160156;
9613500;27.361335754394531;
9622500;27.425399780273438;
9631500;26.398681640625;
9640500;25.007179260253906;
9649500;27.648208618164063;
9658500;27.024742126464844;
9667500;28.144325256347656;
9676500;25.943870544433594;
9685500;26.215805053710937;
9694500;28.41009521484375;
9703500;28.853225708007813;
9712500;27.609024047851562;
9721500;26.688629150390625;
9730500;28.995475769042969;
9739500;28.634567260742188;
9748500;29.257186889648438;
9757500;27.822196960449219;
9766500;28.310699462890625;
9775500;29.855606079101563;
9784500;30.66473388671875;
9793500;28.874732971191406;
9802500;28.779762268066406;
9811500;31.128318786621094;
9820500;30.696266174316406;
9829500;31.048812866210938;
9838500;30.035995483398438;
9847500;30.942832946777344;
9856500;32.08197021484375;
9865500;33.08868408203125;
9874500;31.188117980957031;
9883500;31.459037780761719;
9892500;33.663375854492187;
9901500;33.381607055664062;
9910500;33.552276611328125;
9919500;32.89801025390625;
9928500;33.864784240722656;
9937500;34.713088989257813;
9946500;36.052696228027344;
9955500;34.067131042480469;
9964500;34.809043884277344;
9973500;36.6397705078125;
9982500;37.265510559082031;
9991500;36.331962585449219;
10000500;36.001838684082031;
10009500;37.625045776367188;
10018500;37.541458129882813;
10027500;39.400032043457031;
10036500;36.669692993164062;
10045500;37.599761962890625;
10054500;38.970527648925781;
10063500;39.377151489257813;
10072500;38.071846008300781;
10081500;36.57135009765625;
10090500;38.740554809570313;
10099500;37.527702331542969;
10108500;38.909599304199219;
10117500;35.863273620605469;
10126500;35.762725830078125;
10135500;37.081588745117187;
10144500;36.634437561035156;
10153500;34.925102233886719;
10162500;33.211570739746094;
10171500;35.186874389648437;
10180500;34.133522033691406;
10189500;34.508628845214844;
10198500;31.835746765136719;
10207500;31.953536987304687;
10216500;33.094657897949219;
10225500;33.077499389648438;
10234500;30.343055725097656;
10243500;29.700538635253906;
10252500;31.694290161132813;
10261500;30.3804931640625;
10270500;30.967010498046875;
10279500;27.817314147949219;
10288500;29.2088623046875;
10297500;29.419349670410156;
10306500;30.227333068847656;
10315500;27.454879760742188;
10324500;26.423812866210938;
10333500;29.161643981933594;
10342500;27.771621704101562;
10351500;28.200408935546875;
10360500;25.6240234375;
10369500;26.9937744140625;
10378500;27.10888671875;
10387500;27.983963012695313;
10396500;25.800392150878906;
10405500;24.268257141113281;
10414500;27.087799072265625;
10423500;26.276412963867188;
10432500;25.708892822265625;
10441500;24.322715759277344;
10450500;25.328529357910156;
10459500;25.513198852539063;
10468500;25.853317260742188;
10477500;24.520805358886719;
10486500;23.6240234375;
10495500;25.710220336914063;
10504500;25.181648254394531;
10513500;23.982749938964844;
10522500;23.668724060058594;
10531500;24.17138671875;
10540500;24.577621459960937;
10549500;24.725357055664063;
10558500;23.366241455078125;
10567500;23.001930236816406;
10576500;24.22686767578125;
10585500;24.788917541503906;
10594500;22.361808776855469;
10603500;23.105331420898438;
10612500;23.32012939453125;
10621500;23.714218139648438;
10630500;23.590919494628906;
10639500;22.102745056152344;
10648500;22.809585571289063;
10657500;22.66680908203125;
10666500;24.329093933105469;
10675500;21.1717529296875;
10684500;22.216522216796875;
10693500;22.684928894042969;
10702500;22.359054565429688;
10711500;23.012214660644531;
10720500;20.494850158691406;
10729500;22.394302368164062;
10738500;21.327095031738281;
10747500;23.115150451660156;
10756500;20.927726745605469;
10765500;20.680671691894531;
10774500;22.449264526367188;
10783500;21.188949584960938;
10792500;21.984397888183594;
10801500;19.829788208007813;
10810500;21.311988830566406;
10819500;20.92401123046875;
10828500;21.79290771484375;
10837500;20.668930053710938;
10846500;19.419647216796875;
10855500;21.617523193359375;
10864500;20.524314880371094;
10873500;20.344451904296875;
10882500;19.369529724121094;
10891500;20.054496765136719;
10900500;20.364837646484375;
10909500;20.641883850097656;
10918500;20.243850708007813;
10927500;19.115699768066406;
10936500;20.225334167480469;
10945500;20.351661682128906;
10954500;19.358283996582031;
10963500;19.03912353515625;
10972500;19.470306396484375;
10981500;19.732521057128906;
10990500;20.116737365722656;
10999500;18.960060119628906;
11008500;20.133247375488281;
11017500;19.643829345703125;
11026500;20.166618347167969;
11035500;18.435447692871094;
11044500;18.917594909667969;
11053500;19.424461364746094;
11062500;19.429252624511719;
11071500;19.88690185546875;
11080500;18.686515808105469;
11089500;19.551712036132812;
11098500;20.612739562988281;
11107500;20.664756774902344;
11116500;18.982215881347656;
11125500;19.316940307617188;
11134500;20.380607604980469;
11143500;19.756217956542969;
11152500;20.616378784179688;
11161500;19.305633544921875;
11170500;20.400886535644531;
11179500;20.502166748046875;
11188500;22.318084716796875;
11197500;20.591346740722656;
11206500;19.946884155273438;
11215500;21.680702209472656;
11224500;20.933944702148437;
11233500;21.6893310546875;
11242500;21.000968933105469;
11251500;21.602310180664063;
11260500;22.180458068847656;
11269500;22.432304382324219;
11278500;23.754074096679687;
11287500;21.590682983398438;
11296500;22.5355224609375;
11305500;22.6268310546875;
11314500;21.921646118164063;
11323500;22.631401062011719;
11332500;21.848419189453125;
11341500;22.725212097167969;
11350500;22.585227966308594;
11359500;22.914222717285156;
11368500;23.568031311035156;
11377500;21.84521484375;
11386500;23.022689819335938;
11395500;21.806594848632813;
11404500;21.949394226074219;
11413500;22.179420471191406;
11422500;21.660774230957031;
11431500;22.623298645019531;
11440500;21.107070922851563;
11449500;23.371719360351563;
11458500;22.893264770507812;
11467500;21.771331787109375;
11476500;21.774276733398438;
11485500;20.891387939453125;
11494500;21.771812438964844;
11503500;21.109619140625;
11512500;21.505470275878906;
11521500;21.16943359375;
11530500;20.773849487304687;
11539500;24.762802124023438;
11548500;22.898834228515625;
11557500;20.920478820800781;
11566500;20.689010620117188;
11575500;20.820419311523438;
11584500;21.089653015136719;
11593500;20.574836730957031;
11602500;20.749946594238281;
11611500;20.520820617675781;
11620500;20.484535217285156;
11629500;26.142219543457031;
11638500;21.953361511230469;
11647500;20.449722290039063;
11656500;20.413864135742188;
11665500;20.415863037109375;
11674500;20.3773193359375;
11683500;19.576141357421875;
11692500;20.313232421875;
11701500;19.951515197753906;
11710500;20.779281616210937;
11719500;26.766532897949219;
11728500;21.205284118652344;
11737500;20.14349365234375;
11746500;19.957931518554687;
11755500;19.990402221679688;
11764500;19.762771606445313;
11773500;19.570388793945313;
11782500;19.894783020019531;
11791500;19.5751953125;
11800500;20.716224670410156;
11809500;25.800987243652344;
11818500;19.956924438476562;
11827500;19.953277587890625;
11836500;19.07879638671875;
11845500;19.501045227050781;
11854500;19.385421752929688;
11863500;19.600112915039063;
11872500;19.4814453125;
11881500;19.030128479003906;
11890500;20.371589660644531;
11899500;22.732452392578125;
11908500;19.742073059082031;
11917500;21.736785888671875;
11926500;19.874504089355469;
11935500;19.51043701171875;
11944500;19.147377014160156;
11953500;19.413139343261719;
11962500;19.229087829589844;
11971500;19.287551879882813;
11980500;20.053260803222656;
11989500;21.324264526367188;
11998500;29.295700073242188;
12007500;22.508560180664063;
12016500;19.000152587890625;
12025500;19.153984069824219;
12034500;18.707817077636719;
12043500;18.659698486328125;
12052500;18.576713562011719;
12061500;18.886543273925781;
12070500;22.184318542480469;
12079500;22.639350891113281;
12088500;18.316215515136719;
12097500;17.873222351074219;
12106500;18.210311889648438;
12115500;18.018585205078125;
12124500;17.835762023925781;
12133500;18.126983642578125;
12142500;17.497245788574219;
12151500;18.0950927734375;
12160500;24.624923706054687;
12169500;23.015609741210938;
12178500;17.581214904785156;
12187500;17.174835205078125;
12196500;17.530120849609375;
12205500;16.6275634765625;
12214500;17.252151489257813;
12223500;16.730224609375;
12232500;17.022796630859375;
12241500;17.086830139160156;
12250500;24.710617065429688;
12259500;21.349983215332031;
12268500;16.411575317382812;
12277500;16.3878173828125;
12286500;16.10089111328125;
12295500;16.140830993652344;
12304500;15.956954956054687;
12313500;15.596771240234375;
12322500;15.731536865234375;
12331500;16.069221496582031;
12340500;22.518531799316406;
12349500;17.704597473144531;
12358500;15.321266174316406;
12367500;15.392364501953125;
12376500;15.169425964355469;
12385500;15.198493957519531;
12394500;15.15179443359375;
12403500;14.811569213867188;
12412500;15.004867553710938;
12421500;14.971588134765625;
12430500;16.457046508789063;
12439500;14.543792724609375;
12448500;14.471221923828125;
12457500;14.698661804199219;
12466500;14.458709716796875;
12475500;14.408798217773438;
12484500;14.548065185546875;
12493500;14.233390808105469;
12502500;14.312797546386719;
12511500;14.48089599609375;
12520500;15.875335693359375;
12529500;14.551193237304687;
12538500;13.863380432128906;
12547500;14.01531982421875;
12556500;14.004501342773438;
12565500;14.02056884765625;
12574500;14.225151062011719;
12583500;13.999946594238281;
12592500;14.441116333007812;
12601500;16.294097900390625;
12610500;19.22052001953125;
12619500;14.093673706054688;
12628500;13.906082153320313;
12637500;13.7991943359375;
12646500;13.396408081054687;
12655500;13.762725830078125;
12664500;14.057670593261719;
12673500;13.637367248535156;
12682500;13.836830139160156;
12691500;17.437049865722656;
12700500;19.220939636230469;
12709500;13.010932922363281;
12718500;13.090751647949219;
12727500;13.189125061035156;
12736500;13.126518249511719;
12745500;13.2471923828125;
12754500;13.039627075195313;
12763500;12.766754150390625;
12772500;12.65325927734375;
12781500;17.043479919433594;
12790500;17.122879028320313;
12799500;12.844047546386719;
12808500;12.723472595214844;
12817500;12.413627624511719;
12826500;12.531532287597656;
12835500;12.689537048339844;
12844500;12.372123718261719;
12853500;12.529930114746094;
12862500;12.608795166015625;
12871500;15.200119018554687;
12880500;13.941085815429688;
12889500;12.102134704589844;
12898500;12.112480163574219;
12907500;12.090980529785156;
12916500;12.052413940429688;
12925500;12.096954345703125;
12934500;12.277976989746094;
12943500;11.865516662597656;
12952500;11.953865051269531;
12961500;12.283729553222656;
12970500;11.749107360839844;
12979500;11.715225219726563;
12988500;11.6146240234375;
12997500;12.099456787109375;
13006500;11.94207763671875;
13015500;11.829994201660156;
13024500;11.85205078125;
13033500;11.640815734863281;
13042500;11.928070068359375;
13051500;12.820930480957031;
13060500;12.18804931640625;
13069500;12.084854125976562;
13078500;12.122749328613281;
13087500;12.267196655273437;
13096500;12.138465881347656;
13105500;12.156440734863281;
13114500;12.269889831542969;
13123500;12.557296752929687;
13132500;13.132560729980469;
13141500;15.690994262695313;
13150500;12.75567626953125;
13159500;12.439048767089844;
13168500;12.418388366699219;
13177500;12.52239990234375;
13186500;12.590194702148437;
13195500;12.82989501953125;
13204500;12.920051574707031;
13213500;12.873001098632813;
13222500;13.896141052246094;
13231500;16.859970092773438;
13240500;13.1854248046875;
13249500;13.009384155273437;
13258500;13.418037414550781;
13267500;13.515121459960937;
13276500;13.453468322753906;
13285500;13.522254943847656;
13294500;13.511016845703125;
13303500;13.437484741210938;
13312500;14.49493408203125;
13321500;16.116828918457031;
13330500;13.985877990722656;
13339500;13.889022827148438;
13348500;13.478713989257812;
13357500;13.787208557128906;
13366500;13.927078247070313;
13375500;13.815132141113281;
13384500;14.103279113769531;
13393500;14.192169189453125;
13402500;15.03070068359375;
13411500;14.909461975097656;
13420500;14.171615600585938;
13429500;14.02728271484375;
13438500;13.962516784667969;
13447500;14.212203979492187;
13456500;14.109550476074219;
13465500;14.782814025878906;
13474500;14.802864074707031;
13483500;15.14080810546875;
13492500;15.083320617675781;
13501500;15.119491577148438;
13510500;15.12908935546875;
13519500;14.85101318359375;
13528500;14.8978271484375;
13537500;14.720123291015625;
13546500;14.689559936523438;
13555500;14.26239013671875;
13564500;14.146072387695313;
13573500;14.074150085449219;
13582500;14.654525756835937;
13591500;14.631118774414063;
13600500;14.200798034667969;
13609500;14.273300170898438;
13618500;14.111869812011719;
13627500;14.200973510742188;
13636500;14.193809509277344;
13645500;13.848800659179688;
13654500;14.1485595703125;
13663500;14.121627807617188;
13672500;15.321685791015625;
13681500;14.170997619628906;
13690500;13.863250732421875;
13699500;13.922439575195313;
13708500;13.677078247070312;
13717500;13.796501159667969;
13726500;13.946365356445313;
13735500;13.867523193359375;
13744500;13.888191223144531;
13753500;13.610191345214844;
13762500;14.9224853515625;
13771500;13.481986999511719;
13780500;13.602470397949219;
13789500;13.526092529296875;
13798500;13.442115783691406;
13807500;13.67108154296875;
13816500;13.1671142578125;
13825500;13.489303588867188;
13834500;13.237709045410156;
13843500;13.177200317382813;
13852500;13.644485473632812;
13861500;12.737480163574219;
13870500;13.117828369140625;
13879500;12.725914001464844;
13888500;12.943023681640625;
13897500;12.855903625488281;
13906500;12.692276000976563;
13915500;12.718734741210937;
13924500;12.271484375;
13933500;12.809455871582031;
13942500;12.688003540039063;
13951500;12.42315673828125;
13960500;12.310104370117188;
13969500;11.926223754882812;
13978500;12.205474853515625;
13987500;12.062629699707031;
13996500;12.389633178710938;
14005500;12.173019409179688;
14014500;12.041290283203125;
14023500;12.185066223144531;
14032500;11.983428955078125;
14041500;11.599754333496094;
14050500;11.552024841308594;
14059500;11.905433654785156;
14068500;11.719161987304688;
14077500;11.565101623535156;
14086500;11.295440673828125;
14095500;11.49578857421875;
14104500;11.330223083496094;
14113500;11.574806213378906;
14122500;11.619094848632812;
14131500;11.184150695800781;
14140500;11.359283447265625;
14149500;10.843498229980469;
14158500;10.866218566894531;
14167500;10.678466796875;
14176500;10.521087646484375;
14185500;10.652610778808594;
14194500;10.34674072265625;
14203500;11.591011047363281;
14212500;11.090797424316406;
14221500;10.423019409179687;
14230500;10.197265625;
14239500;10.046775817871094;
14248500;10.139114379882812;
14257500;9.9482421875;
14266500;10.142433166503906;
14275500;9.9871597290039062;
14284500;9.98858642578125;
14293500;11.289886474609375;
14302500;10.353240966796875;
14311500;9.9654083251953125;
14320500;9.5456008911132812;
14329500;9.9658279418945313;
14338500;9.9343338012695313;
14347500;9.8296356201171875;
14356500;9.625762939453125;
14365500;9.3901138305664062;
14374500;9.3787155151367187;
14383500;11.595619201660156;
14392500;10.078315734863281;
14401500;9.59051513671875;
14410500;9.5611724853515625;
14419500;9.1074295043945312;
14428500;9.3134231567382812;
14437500;8.9993209838867187;
14446500;8.9993362426757813;
14455500;8.933807373046875;
14464500;9.755889892578125;
14473500;11.451759338378906;
14482500;8.9219589233398437;
14491500;8.853851318359375;
14500500;8.7341232299804687;
14509500;8.6195297241210937;
14518500;8.7336578369140625;
14527500;8.8741912841796875;
14536500;8.7335433959960937;
14545500;8.577239990234375;
14554500;8.5577850341796875;
14563500;9.9989242553710937;
14572500;8.2185211181640625;
14581500;8.223785400390625;
14590500;8.187591552734375;
14599500;8.1526107788085937;
14608500;8.4359893798828125;
14617500;8.26312255859375;
14626500;7.9071731567382812;
14635500;7.8320541381835937;
14644500;8.1212615966796875;
14653500;8.9612960815429687;
14662500;7.8074493408203125;
14671500;7.7483673095703125;
14680500;7.8963623046875;
14689500;7.5859909057617188;
14698500;7.4106369018554687;
14707500;7.269744873046875;
14716500;7.3378448486328125;
14725500;7.67376708984375;
14734500;8.5842056274414062;
14743500;9.44873046875;
14752500;7.3681106567382812;
14761500;7.1442489624023437;
14770500;6.750579833984375;
14779500;7.0317535400390625;
14788500;7.0380630493164062;
14797500;7.6856155395507812;
14806500;7.2931900024414062;
14815500;7.0076370239257813;
14824500;9.9441680908203125;
14833500;9.7096633911132812;
14842500;6.7621688842773437;
14851500;6.61627197265625;
14860500;6.9331512451171875;
14869500;6.9644393920898437;
14878500;7.3436813354492188;
14887500;6.8379745483398437;
14896500;6.6033859252929687;
14905500;6.9090423583984375;
14914500;11.210159301757812;
14923500;9.6011199951171875;
14932500;6.9765396118164062;
14941500;6.9982528686523438;
14950500;7.0620803833007813;
14959500;7.2449493408203125;
14968500;7.3781204223632813;
14977500;7.6407318115234375;
14986500;7.942413330078125;
14995500;9.8770904541015625;
15004500;13.103744506835938;
15013500;9.6682205200195313;
15022500;7.914031982421875;
15031500;7.4131546020507812;
15040500;6.9885940551757812;
15049500;6.8316650390625;
15058500;6.4692611694335937;
15067500;6.460205078125;
15076500;7.0980911254882813;
15085500;6.5397567749023437;
15094500;9.50274658203125;
15103500;7.1582183837890625;
15112500;6.8205032348632812;
15121500;6.4022293090820313;
15130500;6.7761077880859375;
15139500;6.701904296875;
15148500;6.7615814208984375;
15157500;6.746368408203125;
15166500;6.6827926635742187;
15175500;6.498992919921875;
15184500;8.0024185180664062;
15193500;7.0474014282226563;
15202500;6.8086395263671875;
15211500;6.892608642578125;
15220500;6.6252822875976562;
15229500;7.0543670654296875;
15238500;7.0561904907226562;
15247500;6.786865234375;
15256500;7.0279312133789063;
15265500;7.6618194580078125;
15274500;9.6697616577148438;
15283500;7.298095703125;
15292500;7.11407470703125;
15301500;7.4437484741210938;
15310500;7.6140289306640625;
15319500;7.5145111083984375;
15328500;7.8892669677734375;
15337500;7.9307174682617188;
15346500;7.982421875;
15355500;9.9996109008789062;
15364500;12.236976623535156;
15373500;8.21051025390625;
15382500;8.0871429443359375;
15391500;8.1002731323242187;
15400500;8.1417388916015625;
15409500;8.6984176635742187;
15418500;8.5366668701171875;
15427500;8.5105514526367188;
15436500;8.7456893920898438;
15445500;12.754783630371094;
15454500;14.299461364746094;
15463500;9.1700973510742187;
15472500;9.1143341064453125;
15481500;9.2889862060546875;
15490500;8.9756622314453125;
15499500;9.1115875244140625;
15508500;9.48345947265625;
15517500;9.6938934326171875;
15526500;9.9020843505859375;
15535500;15.311637878417969;
15544500;14.414474487304688;
15553500;10.093559265136719;
15562500;9.93609619140625;
15571500;9.8316879272460937;
15580500;9.915252685546875;
15589500;9.951812744140625;
15598500;10.281074523925781;
15607500;10.133140563964844;
15616500;10.390907287597656;
15625500;14.890411376953125;
15634500;12.389251708984375;
15643500;9.98760986328125;
15652500;9.827880859375;
15661500;10.202011108398437;
15670500;9.8918991088867188;
15679500;10.067298889160156;
15688500;9.9260711669921875;
15697500;9.9212875366210937;
15706500;9.9542007446289062;
15715500;12.536216735839844;
15724500;10.708053588867188;
15733500;10.141777038574219;
15742500;10.124259948730469;
15751500;10.039413452148437;
15760500;9.8007888793945312;
15769500;9.8989410400390625;
15778500;9.8848190307617187;
15787500;10.027290344238281;
15796500;10.361000061035156;
15805500;14.932060241699219;
15814500;10.779563903808594;
15823500;10.177040100097656;
15832500;10.057441711425781;
15841500;10.093635559082031;
15850500;10.410476684570312;
15859500;10.381362915039062;
15868500;10.033439636230469;
15877500;10.512290954589844;
15886500;12.529129028320313;
15895500;18.66632080078125;
15904500;11.130355834960938;
15913500;10.091217041015625;
15922500;10.185340881347656;
15931500;10.409866333007812;
15940500;10.282875061035156;
15949500;10.385917663574219;
15958500;10.449867248535156;
15967500;10.270233154296875;
15976500;14.44647216796875;
15985500;20.04498291015625;
15994500;11.0023193359375;
16003500;10.174560546875;
16012500;10.100791931152344;
16021500;10.293449401855469;
16030500;10.177734375;
16039500;10.42889404296875;
16048500;10.554824829101562;
16057500;10.547531127929687;
16066500;16.552398681640625;
16075500;19.557296752929688;
16084500;10.931602478027344;
16093500;10.426856994628906;
16102500;10.279464721679687;
16111500;10.204704284667969;
16120500;10.063079833984375;
16129500;10.40460205078125;
16138500;10.192848205566406;
16147500;10.4306640625;
16156500;15.901603698730469;
16165500;16.475181579589844;
16174500;10.511764526367187;
16183500;10.302001953125;
16192500;10.480636596679687;
16201500;10.413368225097656;
16210500;10.367729187011719;
16219500;10.323959350585937;
16228500;10.406929016113281;
16237500;10.367431640625;
16246500;12.991775512695313;
16255500;12.012237548828125;
16264500;10.521430969238281;
16273500;10.42034912109375;
16282500;10.708099365234375;
16291500;10.677520751953125;
16300500;10.464614868164062;
16309500;10.374397277832031;
16318500;10.444999694824219;
16327500;11.059852600097656;
16336500;15.826583862304687;
16345500;12.919921875;
16354500;10.8692626953125;
16363500;10.662635803222656;
16372500;10.558189392089844;
16381500;10.759117126464844;
16390500;10.952262878417969;
16399500;11.017257690429688;
16408500;11.025688171386719;
16417500;12.379898071289063;
16426500;19.992889404296875;
16435500;13.956405639648437;
16444500;10.945877075195313;
16453500;10.814064025878906;
16462500;11.08343505859375;
16471500;10.997833251953125;
16480500;11.361228942871094;
16489500;11.15472412109375;
16498500;11.149520874023438;
16507500;12.995254516601563;
16516500;21.432289123535156;
16525500;13.097526550292969;
16534500;11.231643676757813;
16543500;11.031318664550781;
16552500;11.460128784179687;
16561500;10.928352355957031;
16570500;10.738410949707031;
16579500;10.853057861328125;
16588500;10.915565490722656;
16597500;14.438995361328125;
16606500;20.955253601074219;
16615500;12.242973327636719;
16624500;11.43682861328125;
16633500;10.771659851074219;
16642500;10.983856201171875;
16651500;10.980148315429688;
16660500;11.155685424804688;
16669500;10.941543579101562;
16678500;10.997573852539063;
16687500;14.552200317382813;
16696500;18.016021728515625;
16705500;11.247879028320313;
16714500;11.071319580078125;
16723500;11.166297912597656;
16732500;11.329788208007813;
16741500;11.081535339355469;
16750500;11.017051696777344;
16759500;11.042320251464844;
16768500;11.185653686523438;
16777500;12.962379455566406;
16786500;14.166152954101563;
16795500;11.260749816894531;
16804500;11.129669189453125;
16813500;11.259788513183594;
16822500;11.351974487304688;
16831500;11.239715576171875;
16840500;11.2510986328125;
16849500;11.576484680175781;
16858500;11.341720581054688;
16867500;12.74310302734375;
16876500;12.929542541503906;
16885500;11.482025146484375;
16894500;11.4730224609375;
16903500;11.225105285644531;
16912500;11.124252319335938;
16921500;11.074653625488281;
16930500;11.196174621582031;
16939500;11.298019409179688;
16948500;11.283149719238281;
16957500;15.289260864257812;
16966500;13.49615478515625;
16975500;11.410255432128906;
16984500;11.240486145019531;
16993500;11.294486999511719;
17002500;11.427909851074219;
17011500;11.520072937011719;
17020500;11.298667907714844;
17029500;11.435264587402344;
17038500;11.868354797363281;
17047500;16.637313842773438;
17056500;13.489799499511719;
17065500;11.960487365722656;
17074500;11.438751220703125;
17083500;11.307884216308594;
17092500;11.600479125976563;
17101500;11.556686401367188;
17110500;11.703353881835938;
17119500;11.675178527832031;
17128500;12.332733154296875;
17137500;16.834716796875;
17146500;12.770660400390625;
17155500;11.840805053710938;
17164500;11.617141723632813;
17173500;11.592781066894531;
17182500;11.706298828125;
17191500;11.729347229003906;
17200500;11.717376708984375;
17209500;11.689781188964844;
17218500;12.421951293945313;
17227500;15.929306030273438;
17236500;11.978607177734375;
17245500;11.623870849609375;
17254500;11.516456604003906;
17263500;11.642509460449219;
17272500;11.4947509765625;
17281500;11.503868103027344;
17290500;12.207603454589844;
17299500;11.75689697265625;
17308500;12.119194030761719;
17317500;14.179244995117188;
17326500;11.719062805175781;
17335500;11.508316040039063;
17344500;11.746063232421875;
17353500;11.992637634277344;
17362500;12.132698059082031;
17371500;11.662811279296875;
17380500;11.697288513183594;
17389500;11.754241943359375;
17398500;12.355880737304688;
17407500;12.625785827636719;
17416500;11.858657836914063;
17425500;12.308380126953125;
17434500;11.459495544433594;
17443500;11.337982177734375;
17452500;11.6483154296875;
17461500;11.969223022460937;
17470500;11.6292724609375;
17479500;11.576927185058594;
17488500;12.337387084960937;
17497500;12.095100402832031;
17506500;11.582588195800781;
17515500;11.869216918945312;
17524500;11.888572692871094;
17533500;12.073158264160156;
17542500;11.716743469238281;
17551500;11.708412170410156;
17560500;11.93426513671875;
17569500;11.740264892578125;
17578500;12.1043701171875;
17587500;11.990676879882813;
17596500;11.807716369628906;
17605500;11.737113952636719;
17614500;11.670257568359375;
17623500;11.886444091796875;
17632500;11.773979187011719;
17641500;11.7310791015625;
17650500;11.814323425292969;
17659500;11.913825988769531;
17668500;12.710655212402344;
17677500;12.315353393554688;
17686500;12.083808898925781;
17695500;12.099929809570313;
17704500;12.010986328125;
17713500;11.923629760742188;
17722500;12.044525146484375;
17731500;12.101142883300781;
17740500;11.9642333984375;
17749500;12.203895568847656;
17758500;13.410575866699219;
17767500;12.224105834960937;
17776500;12.190879821777344;
17785500;12.2662353515625;
17794500;12.499687194824219;
17803500;12.233894348144531;
17812500;12.188987731933594;
17821500;12.550987243652344;
17830500;12.840164184570313;
17839500;12.422142028808594;
17848500;14.160552978515625;
17857500;12.806495666503906;
17866500;12.737533569335938;
17875500;15.097793579101563;
17884500;18.041519165039063;
17893500;13.3310546875;
17902500;12.45477294921875;
17911500;12.803840637207031;
17920500;12.790283203125;
17929500;13.247322082519531;
17938500;15.608940124511719;
17947500;13.247146606445313;
17956500;13.406654357910156;
17965500;13.263603210449219;
17974500;12.804168701171875;
17983500;12.990921020507813;
17992500;13.427658081054688;
18001500;14.474929809570313;
18010500;13.209274291992187;
18019500;14.334861755371094;
18028500;16.628593444824219;
18037500;13.512962341308594;
18046500;13.399009704589844;
18055500;13.318305969238281;
18064500;13.465911865234375;
18073500;13.488784790039063;
18082500;13.498382568359375;
18091500;13.852127075195313;
18100500;13.813919067382813;
18109500;15.564834594726563;
18118500;16.647048950195313;
18127500;13.841873168945312;
18136500;13.630844116210937;
18145500;13.609672546386719;
18154500;14.082008361816406;
18163500;14.660247802734375;
18172500;14.093338012695313;
18181500;13.873847961425781;
18190500;13.959114074707031;
18199500;15.885169982910156;
18208500;15.956474304199219;
18217500;13.955123901367188;
18226500;14.553245544433594;
18235500;14.357704162597656;
18244500;14.070892333984375;
18253500;13.995651245117187;
18262500;14.3863525390625;
18271500;14.137397766113281;
18280500;14.19873046875;
18289500;15.307861328125;
18298500;15.191383361816406;
18307500;14.420150756835938;
18316500;14.337562561035156;
18325500;14.430892944335938;
18334500;14.690872192382813;
18343500;14.412490844726563;
18352500;14.594825744628906;
18361500;14.724472045898437;
18370500;14.464622497558594;
18379500;15.551063537597656;
18388500;14.790702819824219;
18397500;14.536697387695313;
18406500;14.639015197753906;
18415500;14.69354248046875;
18424500;14.583244323730469;
18433500;14.701873779296875;
18442500;14.52301025390625;
18451500;14.703804016113281;
18460500;18.731826782226563;
18469500;34.451675415039063;
18478500;26.386032104492187;
18487500;14.980705261230469;
18496500;14.924026489257812;
18505500;14.789375305175781;
18514500;14.748001098632813;
18523500;15.083503723144531;
18532500;14.926902770996094;
18541500;14.736167907714844;
18550500;15.484176635742188;
18559500;20.497329711914063;
18568500;15.823692321777344;
18577500;14.785140991210938;
18586500;14.706382751464844;
18595500;14.875877380371094;
18604500;14.526832580566406;
18613500;14.476547241210938;
18622500;14.529037475585938;
18631500;15.396247863769531;
18640500;15.831977844238281;
18649500;20.380241394042969;
18658500;15.014976501464844;
18667500;14.774063110351562;
18676500;14.611305236816406;
18685500;14.352813720703125;
18694500;15.226005554199219;
18703500;14.786491394042969;
18712500;14.301559448242188;
18721500;14.454078674316406;
18730500;16.257553100585937;
18739500;18.961227416992188;
18748500;14.463081359863281;
18757500;14.726097106933594;
18766500;14.834892272949219;
18775500;14.275680541992188;
18784500;14.217231750488281;
18793500;14.232650756835938;
18802500;14.108497619628906;
18811500;14.148963928222656;
18820500;15.140022277832031;
18829500;16.266304016113281;
18838500;14.420143127441406;
18847500;14.232101440429688;
18856500;13.956184387207031;
18865500;13.985870361328125;
18874500;13.978347778320313;
18883500;14.007408142089844;
18892500;14.195228576660156;
18901500;14.316436767578125;
18910500;14.274040222167969;
18919500;14.118110656738281;
18928500;14.240623474121094;
18937500;13.864990234375;
18946500;13.83477783203125;
18955500;13.532470703125;
18964500;13.62786865234375;
18973500;13.377754211425781;
18982500;13.315628051757813;
18991500;13.613838195800781;
19000500;16.195045471191406;
19009500;15.152587890625;
19018500;13.322883605957031;
19027500;13.226318359375;
19036500;13.215652465820313;
19045500;13.387664794921875;
19054500;13.220909118652344;
19063500;13.038330078125;
19072500;13.001739501953125;
19081500;13.544548034667969;
19090500;18.729461669921875;
19099500;15.175086975097656;
19108500;12.889617919921875;
19117500;13.080696105957031;
19126500;12.842658996582031;
19135500;12.746841430664063;
19144500;12.790977478027344;
19153500;12.898025512695313;
19162500;12.886932373046875;
19171500;13.349769592285156;
19180500;19.077789306640625;
19189500;13.93115234375;
19198500;12.548873901367188;
19207500;12.409561157226563;
19216500;12.419807434082031;
19225500;12.6136474609375;
19234500;12.493942260742188;
19243500;12.28704833984375;
19252500;12.306289672851563;
19261500;13.228057861328125;
19270500;17.86993408203125;
19279500;12.748512268066406;
19288500;11.951675415039063;
19297500;12.154655456542969;
19306500;12.169158935546875;
19315500;12.179679870605469;
19324500;12.042915344238281;
19333500;12.217941284179687;
19342500;12.024139404296875;
19351500;12.603599548339844;
19360500;14.619903564453125;
19369500;12.10906982421875;
19378500;12.068397521972656;
19387500;11.997230529785156;
19396500;12.196563720703125;
19405500;11.762702941894531;
19414500;11.862083435058594;
19423500;11.992210388183594;
19432500;12.280197143554688;
19441500;12.446372985839844;
19450500;12.740951538085937;
19459500;12.262214660644531;
19468500;12.522132873535156;
19477500;12.780624389648437;
19486500;13.000129699707031;
19495500;13.191749572753906;
19504500;13.277297973632812;
19513500;12.955970764160156;
19522500;12.76251220703125;
19531500;14.29541015625;
19540500;14.641311645507812;
19549500;12.283363342285156;
19558500;11.85791015625;
19567500;11.987838745117188;
19576500;11.973884582519531;
19585500;11.731048583984375;
19594500;11.9224853515625;
19603500;11.987640380859375;
19612500;11.942680358886719;
19621500;17.08087158203125;
19630500;16.186065673828125;
19639500;12.11895751953125;
19648500;11.896240234375;
19657500;11.823905944824219;
19666500;11.829536437988281;
19675500;11.774520874023438;
19684500;11.895988464355469;
19693500;11.928817749023438;
19702500;12.431663513183594;
19711500;18.486679077148438;
19720500;15.289398193359375;
19729500;12.169876098632812;
19738500;11.968292236328125;
19747500;11.928199768066406;
19756500;11.542243957519531;
19765500;11.870208740234375;
19774500;12.122085571289063;
19783500;12.1424560546875;
19792500;12.50421142578125;
19801500;18.112091064453125;
19810500;14.309257507324219;
19819500;12.213630676269531;
19828500;12.356399536132813;
19837500;12.265769958496094;
19846500;12.14666748046875;
19855500;12.272346496582031;
19864500;12.084388732910156;
19873500;12.347816467285156;
19882500;12.561416625976563;
19891500;15.766502380371094;
19900500;12.807647705078125;
19909500;12.32122802734375;
19918500;12.237525939941406;
19927500;11.998611450195313;
19936500;12.3953857421875;
19945500;12.146690368652344;
19954500;12.187355041503906;
19963500;12.250114440917969;
19972500;12.5084228515625;
19981500;13.2843017578125;
19990500;12.430160522460938;
19999500;12.512069702148437;
20008500;12.704010009765625;
20017500;12.499534606933594;
20026500;12.36700439453125;
20035500;12.493576049804687;
20044500;12.661239624023438;
20053500;12.717086791992188;
20062500;13.703056335449219;
20071500;15.577911376953125;
20080500;12.732246398925781;
20089500;12.760246276855469;
20098500;12.753753662109375;
20107500;12.836463928222656;
20116500;12.618026733398438;
20125500;12.599029541015625;
20134500;12.721359252929688;
20143500;12.607521057128906;
20152500;15.742378234863281;
20161500;17.506607055664062;
20170500;12.849494934082031;
20179500;12.790939331054688;
20188500;12.642120361328125;
20197500;12.734756469726563;
20206500;12.605674743652344;
20215500;12.534431457519531;
20224500;12.704780578613281;
20233500;12.857063293457031;
20242500;17.02349853515625;
20251500;16.828292846679688;
20260500;12.701492309570312;
20269500;12.528228759765625;
20278500;12.323135375976563;
20287500;12.424179077148438;
20296500;12.50628662109375;
20305500;12.476127624511719;
20314500;12.550155639648438;
20323500;12.511077880859375;
20332500;16.562301635742187;
20341500;15.296348571777344;
20350500;12.374893188476563;
20359500;12.313446044921875;
20368500;12.351058959960938;
20377500;12.491378784179688;
20386500;12.211578369140625;
20395500;12.088302612304688;
20404500;12.1910400390625;
20413500;12.341865539550781;
20422500;14.741523742675781;
20431500;12.91290283203125;
20440500;11.883018493652344;
20449500;11.939468383789063;
20458500;11.779258728027344;
20467500;11.752243041992188;
20476500;11.553375244140625;
20485500;11.724472045898438;
20494500;11.770675659179688;
20503500;11.57183837890625;
20512500;12.430068969726563;
20521500;11.346412658691406;
20530500;11.526817321777344;
20539500;11.505569458007812;
20548500;11.403579711914063;
20557500;11.433815002441406;
20566500;11.274490356445313;
20575500;11.416168212890625;
20584500;11.136077880859375;
20593500;11.275993347167969;
20602500;13.0108642578125;
20611500;11.251976013183594;
20620500;11.436630249023437;
20629500;11.130783081054688;
20638500;10.933517456054688;
20647500;10.966293334960937;
20656500;10.915458679199219;
20665500;11.040122985839844;
20674500;10.881088256835938;
20683500;11.686965942382813;
20692500;14.188095092773438;
20701500;10.919212341308594;
20710500;10.872222900390625;
20719500;10.557037353515625;
20728500;10.658370971679688;
20737500;10.523124694824219;
20746500;10.333786010742187;
20755500;10.434326171875;
20764500;10.454292297363281;
20773500;11.954307556152344;
20782500;13.89105224609375;
20791500;10.234458923339844;
20800500;10.294296264648437;
20809500;10.273574829101562;
20818500;10.429962158203125;
20827500;10.084709167480469;
20836500;9.8237152099609375;
20845500;10.000503540039062;
20854500;10.016624450683594;
20863500;11.912971496582031;
20872500;12.583969116210938;
20881500;10.2301025390625;
20890500;10.24066162109375;
20899500;10.180389404296875;
20908500;10.160621643066406;
20917500;10.128089904785156;
20926500;10.005752563476562;
20935500;10.031013488769531;
20944500;10.147666931152344;
20953500;11.545242309570312;
20962500;11.930763244628906;
20971500;11.622177124023438;
20980500;12.02532958984375;
20989500;12.197456359863281;
20998500;15.024703979492188;
21007500;14.7679443359375;
21016500;12.139320373535156;
21025500;11.750526428222656;
21034500;11.192375183105469;
21043500;11.053306579589844;
21052500;10.068489074707031;
21061500;9.8723602294921875;
21070500;9.5410690307617187;
21079500;9.35302734375;
21088500;9.4642181396484375;
21097500;9.3539276123046875;
21106500;9.6767044067382812;
21115500;9.446929931640625;
21124500;9.5824966430664062;
21133500;9.9982070922851562;
21142500;9.118927001953125;
21151500;8.8593597412109375;
21160500;8.5376510620117187;
21169500;8.8444976806640625;
21178500;8.6952667236328125;
21187500;8.6067962646484375;
21196500;8.5792007446289062;
21205500;8.2773284912109375;
21214500;8.5868072509765625;
21223500;10.161972045898437;
21232500;8.8173904418945313;
21241500;8.8201675415039062;
21250500;8.5517730712890625;
21259500;8.6040191650390625;
21268500;8.3614349365234375;
21277500;8.5313339233398437;
21286500;8.5330429077148437;
21295500;8.5989532470703125;
21304500;9.0489501953125;
21313500;10.724967956542969;
21322500;8.83416748046875;
21331500;8.7361831665039062;
21340500;8.6825103759765625;
21349500;8.4028167724609375;
21358500;8.071685791015625;
21367500;8.1019668579101562;
21376500;8.1389541625976562;
21385500;7.9966506958007812;
21394500;8.564788818359375;
21403500;9.9191360473632812;
21412500;8.0168304443359375;
21421500;7.9897918701171875;
21430500;7.9173507690429687;
21439500;7.8176422119140625;
21448500;7.825653076171875;
21457500;7.7696609497070313;
21466500;7.6281204223632812;
21475500;7.6926498413085938;
21484500;8.1417236328125;
21493500;8.5773468017578125;
21502500;7.9103469848632813;
21511500;7.7268524169921875;
21520500;7.500213623046875;
21529500;7.5272140502929687;
21538500;7.462982177734375;
21547500;7.5390777587890625;
21556500;7.3567428588867187;
21565500;7.5695114135742188;
21574500;8.0385894775390625;
21583500;8.0433197021484375;
21592500;7.9373855590820312;
21601500;7.8140640258789063;
21610500;7.7174301147460937;
21619500;7.5954818725585938;
21628500;7.253387451171875;
21637500;7.1883697509765625;
21646500;7.33538818359375;
21655500;7.1967010498046875;
21664500;7.2512664794921875;
21673500;6.9702911376953125;
21682500;6.7449874877929687;
21691500;6.7116928100585938;
21700500;6.7817153930664062;
21709500;6.9583206176757813;
21718500;6.8031539916992187;
21727500;6.8314056396484375;
21736500;6.946380615234375;
21745500;6.8094940185546875;
21754500;7.32342529296875;
21763500;6.8826522827148437;
21772500;6.7343521118164063;
21781500;6.6515045166015625;
21790500;6.7748184204101562;
21799500;6.5985031127929687;
21808500;6.5970687866210938;
21817500;6.8669204711914062;
21826500;6.824859619140625;
21835500;6.9223175048828125;
21844500;7.77838134765625;
21853500;7.02447509765625;
21862500;6.8291168212890625;
21871500;6.9623641967773437;
21880500;6.9829864501953125;
21889500;7.1054611206054687;
21898500;7.049530029296875;
21907500;6.9446868896484375;
21916500;7.1349105834960938;
21925500;6.846923828125;
21934500;7.69305419921875;
21943500;6.9451904296875;
21952500;6.6888427734375;
21961500;6.4278030395507813;
21970500;6.7386322021484375;
21979500;6.9163284301757812;
21988500;6.744415283203125;
21997500;6.9224929809570313;
22006500;6.6482467651367187;
22015500;6.7060165405273437;
22024500;7.3066864013671875;
22033500;6.8721771240234375;
22042500;6.7235565185546875;
22051500;6.6550064086914063;
22060500;6.7471542358398437;
22069500;6.654327392578125;
22078500;6.8785018920898437;
22087500;6.9160308837890625;
22096500;6.8821640014648437;
22105500;7.0784149169921875;
22114500;6.9252777099609375;
22123500;7.0978240966796875;
22132500;6.9819183349609375;
22141500;7.01934814453125;
22150500;7.19140625;
22159500;7.0332260131835937;
22168500;7.0511474609375;
22177500;7.2231369018554687;
22186500;7.1763153076171875;
22195500;7.177093505859375;
22204500;7.1049118041992188;
22213500;7.218841552734375;
22222500;6.9247512817382813;
22231500;6.8033523559570312;
22240500;6.8064193725585938;
22249500;7.2873153686523437;
22258500;7.212066650390625;
22267500;6.9296951293945312;
22276500;7.34027099609375;
22285500;7.3915786743164062;
22294500;7.3768463134765625;
22303500;7.2119064331054687;
22312500;7.2002639770507812;
22321500;7.654541015625;
22330500;7.0020065307617187;
22339500;7.1565628051757813;
22348500;7.0118484497070313;
22357500;7.0378189086914062;
22366500;7.182952880859375;
22375500;7.7556915283203125;
22384500;7.8273468017578125;
22393500;7.4117965698242187;
22402500;7.4010848999023438;
22411500;7.2057266235351562;
22420500;7.2408599853515625;
22429500;7.18670654296875;
22438500;7.3333892822265625;
22447500;7.7791748046875;
22456500;7.9521713256835938;
22465500;8.6861114501953125;
22474500;8.6139068603515625;
22483500;8.64007568359375;
22492500;8.9777069091796875;
22501500;9.136260986328125;
22510500;8.6885604858398437;
22519500;8.693389892578125;
22528500;8.4265899658203125;
22537500;8.245880126953125;
22546500;8.006683349609375;
22555500;8.1663360595703125;
22564500;7.813507080078125;
22573500;7.6059036254882813;
22582500;7.5916366577148437;
22591500;7.3391799926757813;
22600500;7.2236175537109375;
22609500;7.5231781005859375;
22618500;7.5020294189453125;
22627500;7.52581787109375;
22636500;7.4130325317382813;
22645500;7.3580856323242187;
22654500;7.41583251953125;
22663500;7.5958023071289062;
22672500;7.5031661987304687;
22681500;7.222686767578125;
22690500;7.4391555786132813;
22699500;7.384368896484375;
22708500;7.3328170776367187;
22717500;7.4246063232421875;
22726500;7.59600830078125;
22735500;7.5801315307617187;
22744500;7.6283798217773437;
22753500;7.32501220703125;
22762500;7.3833465576171875;
22771500;7.334381103515625;
22780500;7.353179931640625;
22789500;7.4148483276367187;
22798500;7.4716720581054687;
22807500;7.7869338989257812;
22816500;7.9282913208007812;
22825500;8.418365478515625;
22834500;7.7785797119140625;
22843500;7.8523712158203125;
22852500;7.89306640625;
22861500;7.8038558959960938;
22870500;7.5923080444335937;
22879500;7.6758346557617187;
22888500;7.7638778686523437;
22897500;7.8636856079101562;
22906500;8.363433837890625;
22915500;8.2957763671875;
22924500;7.724639892578125;
22933500;7.8820266723632812;
22942500;8.0709991455078125;
22951500;7.8999862670898437;
22960500;7.855804443359375;
22969500;7.8928375244140625;
22978500;8.218719482421875;
22987500;8.2854690551757812;
22996500;8.5746307373046875;
23005500;8.4071426391601562;
23014500;8.171478271484375;
23023500;8.5626373291015625;
23032500;8.230010986328125;
23041500;8.0831146240234375;
23050500;8.439239501953125;
23059500;8.6201324462890625;
23068500;8.9596481323242187;
23077500;9.0719528198242187;
23086500;8.9837493896484375;
23095500;9.0470504760742187;
23104500;9.3254776000976562;
23113500;9.23553466796875;
23122500;9.1661605834960937;
23131500;9.2546844482421875;
23140500;9.1029434204101562;
23149500;9.0663986206054687;
23158500;9.208953857421875;
23167500;9.1237640380859375;
23176500;9.2552871704101562;
23185500;9.132720947265625;
23194500;9.307037353515625;
23203500;9.3395538330078125;
23212500;9.4375534057617187;
23221500;9.3903045654296875;
23230500;9.168060302734375;
23239500;9.530029296875;
23248500;9.4725875854492187;
23257500;9.6782302856445313;
23266500;9.9610061645507812;
23275500;9.5431671142578125;
23284500;9.7158203125;
23293500;9.4654083251953125;
23302500;9.7366790771484375;
23311500;9.7906646728515625;
23320500;9.8244400024414062;
23329500;9.97845458984375;
23338500;9.9212265014648438;
23347500;10.108322143554687;
23356500;10.261444091796875;
23365500;10.372161865234375;
23374500;10.528251647949219;
23383500;10.120407104492187;
23392500;10.541030883789062;
23401500;10.679107666015625;
23410500;10.833297729492188;
23419500;10.77532958984375;
23428500;10.290206909179687;
23437500;10.756355285644531;
23446500;11.101295471191406;
23455500;10.257606506347656;
23464500;10.516883850097656;
23473500;10.568984985351563;
23482500;10.769935607910156;
23491500;10.767189025878906;
23500500;10.524269104003906;
23509500;10.371292114257812;
23518500;10.479248046875;
23527500;10.65234375;
23536500;12.067405700683594;
23545500;11.155731201171875;
23554500;10.598876953125;
23563500;10.83172607421875;
23572500;10.768013000488281;
23581500;10.742485046386719;
23590500;10.925155639648438;
23599500;11.362747192382812;
23608500;11.421043395996094;
23617500;11.3984375;
23626500;11.252540588378906;
23635500;11.134254455566406;
23644500;11.05377197265625;
23653500;11.292015075683594;
23662500;11.367568969726563;
23671500;11.506118774414063;
23680500;11.106643676757813;
23689500;11.139015197753906;
23698500;11.209625244140625;
23707500;11.47662353515625;
23716500;11.548614501953125;
23725500;11.470535278320313;
23734500;11.507179260253906;
23743500;11.614181518554687;
23752500;11.813064575195313;
23761500;11.781593322753906;
23770500;12.024604797363281;
23779500;11.681892395019531;
23788500;11.475593566894531;
23797500;11.7891845703125;
23806500;11.807487487792969;
23815500;11.898941040039063;
23824500;12.063980102539063;
23833500;11.855400085449219;
23842500;18.065208435058594;
23851500;13.99835205078125;
23860500;12.773635864257812;
23869500;12.3323974609375;
23878500;12.608055114746094;
23887500;12.324836730957031;
23896500;12.324844360351563;
23905500;12.573371887207031;
23914500;12.82684326171875;
23923500;13.035064697265625;
23932500;13.167594909667969;
23941500;14.576583862304687;
23950500;15.079208374023438;
23959500;16.070335388183594;
23968500;16.990699768066406;
23977500;17.871971130371094;
23986500;18.512619018554688;
23995500;26.754768371582031;
24004500;37.139518737792969;
24013500;23.87530517578125;
24022500;18.479286193847656;
24031500;17.650527954101563;
24040500;15.787750244140625;
24049500;14.038551330566406;
24058500;13.201576232910156;
24067500;13.568412780761719;
24076500;14.038742065429688;
24085500;13.960891723632812;
24094500;13.797401428222656;
24103500;13.473297119140625;
24112500;13.8106689453125;
24121500;14.196006774902344;
24130500;14.443687438964844;
24139500;14.088401794433594;
24148500;13.480140686035156;
24157500;13.351287841796875;
24166500;12.943870544433594;
24175500;13.437423706054688;
24184500;13.465988159179688;
24193500;13.073516845703125;
24202500;12.88848876953125;
24211500;12.862846374511719;
24220500;12.970039367675781;
24229500;13.483200073242188;
24238500;13.646186828613281;
24247500;13.544723510742188;
24256500;12.849502563476562;
24265500;12.61505126953125;
24274500;13.305946350097656;
24283500;13.600692749023438;
24292500;13.586517333984375;
24301500;13.30853271484375;
24310500;13.394569396972656;
24319500;13.236869812011719;
24328500;13.413970947265625;
24337500;13.831581115722656;
24346500;14.404426574707031;
24355500;13.129287719726562;
24364500;12.467933654785156;
24373500;12.573455810546875;
24382500;13.110549926757812;
24391500;13.3997802734375;
24400500;13.604705810546875;
24409500;13.423545837402344;
24418500;12.812759399414062;
24427500;12.746284484863281;
24436500;12.963607788085937;
24445500;13.131507873535156;
24454500;13.111419677734375;
24463500;13.083206176757813;
24472500;13.041374206542969;
24481500;12.911750793457031;
24490500;13.156158447265625;
24499500;13.277153015136719;
24508500;13.198471069335938;
24517500;13.097389221191406;
24526500;12.894790649414063;
24535500;12.947288513183594;
24544500;13.896217346191406;
24553500;14.644783020019531;
24562500;14.290542602539063;
24571500;13.671722412109375;
24580500;13.956169128417969;
24589500;14.269447326660156;
24598500;13.833160400390625;
24607500;13.833183288574219;
24616500;13.962112426757813;
24625500;14.112205505371094;
24634500;13.542839050292969;
24643500;12.831527709960937;
24652500;12.855865478515625;
24661500;12.675193786621094;
24670500;13.103462219238281;
24679500;13.279251098632812;
24688500;13.021133422851563;
24697500;12.67510986328125;
24706500;12.560546875;
24715500;12.981376647949219;
24724500;13.205039978027344;
24733500;13.175559997558594;
24742500;13.006507873535156;
24751500;13.103317260742188;
24760500;13.022209167480469;
24769500;13.334953308105469;
24778500;13.866973876953125;
24787500;14.132270812988281;
24796500;13.588447570800781;
24805500;12.812362670898438;
24814500;12.637580871582031;
24823500;13.053817749023438;
24832500;13.573715209960938;
24841500;13.5595703125;
24850500;12.702194213867188;
24859500;11.955718994140625;
24868500;12.213104248046875;
24877500;13.215095520019531;
24886500;13.489677429199219;
24895500;13.48675537109375;
24904500;12.744316101074219;
24913500;12.572647094726562;
24922500;13.234649658203125;
24931500;13.364578247070312;
24940500;13.695976257324219;
24949500;13.222389221191406;
24958500;12.236312866210937;
24967500;11.760299682617188;
24976500;12.637603759765625;
24985500;13.366653442382812;
24994500;13.48504638671875;
25003500;12.783088684082031;
25012500;11.784721374511719;
25021500;11.759559631347656;
25030500;12.594367980957031;
25039500;13.340316772460938;
25048500;13.605522155761719;
25057500;13.070938110351563;
25066500;11.953880310058594;
25075500;12.177680969238281;
25084500;13.076461791992188;
25093500;13.649826049804687;
25102500;13.88604736328125;
25111500;13.569526672363281;
25120500;12.63525390625;
25129500;12.891677856445312;
25138500;13.6934814453125;
25147500;14.259681701660156;
25156500;14.216476440429687;
25165500;12.897468566894531;
25174500;12.532684326171875;
25183500;12.78363037109375;
25192500;13.578407287597656;
25201500;13.924583435058594;
25210500;13.457962036132813;
25219500;12.839408874511719;
25228500;12.528800964355469;
25237500;13.148048400878906;
25246500;13.94610595703125;
25255500;14.042343139648438;
25264500;13.903793334960937;
25273500;13.382049560546875;
25282500;12.923393249511719;
25291500;13.615257263183594;
25300500;14.052162170410156;
25309500;14.090789794921875;
25318500;13.902015686035156;
25327500;12.855545043945313;
25336500;13.01800537109375;
25345500;13.535133361816406;
25354500;14.099494934082031;
25363500;14.129547119140625;
25372500;14.202865600585937;
25381500;14.091262817382813;
25390500;14.378517150878906;
25399500;14.539215087890625;
25408500;14.908378601074219;
25417500;14.854949951171875;
25426500;14.827178955078125;
25435500;14.671554565429688;
25444500;14.928497314453125;
25453500;15.915130615234375;
25462500;16.532882690429688;
25471500;17.373023986816406;
25480500;17.966049194335938;
25489500;18.243476867675781;
25498500;18.71807861328125;
25507500;18.584999084472656;
25516500;18.342613220214844;
25525500;17.779335021972656;
25534500;17.311561584472656;
25543500;16.565498352050781;
25552500;15.416610717773438;
25561500;16.009201049804688;
25570500;15.764511108398438;
25579500;14.920440673828125;
25588500;15.15313720703125;
25597500;14.815757751464844;
25606500;14.672828674316406;
25615500;14.516746520996094;
25624500;14.669883728027344;
25633500;14.838134765625;
25642500;14.798805236816406;
25651500;14.455078125;
25660500;13.9735107421875;
25669500;13.53253173828125;
25678500;13.509750366210938;
25687500;14.132217407226562;
25696500;14.638046264648437;
25705500;14.253547668457031;
25714500;13.707435607910156;
25723500;13.328742980957031;
25732500;13.868209838867188;
25741500;14.474067687988281;
25750500;14.712890625;
25759500;14.185264587402344;
25768500;13.547050476074219;
25777500;13.334915161132813;
25786500;13.948989868164062;
25795500;14.698486328125;
25804500;14.979644775390625;
25813500;14.381256103515625;
25822500;13.402320861816406;
25831500;13.434974670410156;
25840500;14.189773559570312;
25849500;14.768119812011719;
25858500;14.998222351074219;
25867500;14.345382690429688;
25876500;13.459434509277344;
25885500;13.325225830078125;
25894500;14.301841735839844;
25903500;14.952117919921875;
25912500;14.700149536132813;
25921500;13.82781982421875;
25930500;13.030075073242188;
25939500;13.88031005859375;
25948500;14.700874328613281;
25957500;15.11883544921875;
25966500;17.255195617675781;
25975500;17.758903503417969;
25984500;13.608863830566406;
25993500;14.230789184570313;
26002500;15.044143676757812;
26011500;15.175888061523438;
26020500;14.412460327148438;
26029500;13.326629638671875;
26038500;13.237350463867188;
26047500;14.382850646972656;
26056500;15.299911499023438;
26065500;15.47454833984375;
26074500;14.747184753417969;
26083500;14.311981201171875;
26092500;14.527244567871094;
26101500;15.437690734863281;
26110500;15.888252258300781;
26119500;15.635581970214844;
26128500;14.706680297851563;
26137500;13.862464904785156;
26146500;14.303375244140625;
26155500;14.951263427734375;
26164500;15.375534057617188;
26173500;15.291389465332031;
26182500;14.302680969238281;
26191500;13.904228210449219;
26200500;14.508071899414063;
26209500;15.326675415039063;
26218500;15.663887023925781;
26227500;15.253219604492188;
26236500;14.528427124023438;
26245500;14.635078430175781;
26254500;14.968605041503906;
26263500;15.468154907226563;
26272500;15.999359130859375;
26281500;15.518470764160156;
26290500;15.040481567382813;
26299500;14.916297912597656;
26308500;15.527870178222656;
26317500;16.206954956054688;
26326500;16.072677612304688;
26335500;15.69708251953125;
26344500;15.305343627929688;
26353500;15.665756225585938;
26362500;15.999862670898438;
26371500;17.813423156738281;
26380500;19.02374267578125;
26389500;15.711837768554687;
26398500;15.636848449707031;
26407500;15.923789978027344;
26416500;16.500823974609375;
26425500;16.074531555175781;
26434500;16.222610473632813;
26443500;16.03582763671875;
26452500;15.808036804199219;
26461500;16.109573364257813;
26470500;16.333358764648438;
26479500;16.193473815917969;
26488500;15.950340270996094;
26497500;15.870986938476563;
26506500;16.193382263183594;
26515500;16.498626708984375;
26524500;16.3077392578125;
26533500;16.064216613769531;
26542500;16.320327758789063;
26551500;16.883125305175781;
26560500;16.834793090820312;
26569500;16.576095581054688;
26578500;16.489608764648437;
26587500;16.501518249511719;
26596500;16.711738586425781;
26605500;16.918724060058594;
26614500;17.522926330566406;
26623500;17.378486633300781;
26632500;16.631393432617188;
26641500;16.75335693359375;
26650500;16.802162170410156;
26659500;17.493942260742187;
26668500;17.431747436523438;
26677500;16.944633483886719;
26686500;16.303108215332031;
26695500;16.289764404296875;
26704500;16.845741271972656;
26713500;16.787406921386719;
26722500;17.037651062011719;
26731500;16.932952880859375;
26740500;16.146957397460937;
26749500;16.335205078125;
26758500;16.564529418945313;
26767500;17.122917175292969;
26776500;17.751121520996094;
26785500;19.60015869140625;
26794500;16.08599853515625;
26803500;16.122840881347656;
26812500;16.799781799316406;
26821500;17.38250732421875;
26830500;16.094001770019531;
26839500;15.63311767578125;
26848500;15.439559936523437;
26857500;15.767936706542969;
26866500;16.224754333496094;
26875500;16.48712158203125;
26884500;16.123214721679688;
26893500;15.485694885253906;
26902500;15.839729309082031;
26911500;16.781074523925781;
26920500;16.415313720703125;
26929500;16.149101257324219;
26938500;15.678627014160156;
26947500;15.465126037597656;
26956500;15.884292602539063;
26965500;16.90423583984375;
26974500;17.767730712890625;
26983500;18.0599365234375;
26992500;18.24658203125;
27001500;20.821708679199219;
27010500;19.460243225097656;
27019500;17.534255981445313;
27028500;17.13873291015625;
27037500;16.287635803222656;
27046500;15.223052978515625;
27055500;14.371856689453125;
27064500;14.041557312011719;
27073500;14.456649780273438;
27082500;14.567100524902344;
27091500;14.024986267089844;
27100500;13.387107849121094;
27109500;13.486610412597656;
27118500;13.712249755859375;
27127500;14.003173828125;
27136500;13.88885498046875;
27145500;13.076583862304688;
27154500;12.611732482910156;
27163500;12.577751159667969;
27172500;13.3531494140625;
27181500;13.738990783691406;
27190500;16.449981689453125;
27199500;13.1064453125;
27208500;11.590682983398438;
27217500;11.978271484375;
27226500;12.450004577636719;
27235500;12.518760681152344;
27244500;12.194801330566406;
27253500;11.753616333007813;
27262500;12.226852416992188;
27271500;11.999809265136719;
27280500;11.882614135742188;
27289500;11.827072143554688;
27298500;11.574798583984375;
27307500;11.547012329101563;
27316500;11.394126892089844;
27325500;11.662635803222656;
27334500;11.470085144042969;
27343500;11.376922607421875;
27352500;11.301460266113281;
27361500;10.701705932617188;
27370500;10.923362731933594;
27379500;11.029441833496094;
27388500;10.945213317871094;
27397500;10.857147216796875;
27406500;10.628410339355469;
27415500;10.371734619140625;
27424500;10.40264892578125;
27433500;10.824150085449219;
27442500;11.082283020019531;
27451500;10.311492919921875;
27460500;10.067176818847656;
27469500;9.9993133544921875;
27478500;10.004486083984375;
27487500;10.003158569335937;
27496500;9.7798385620117187;
27505500;9.8433380126953125;
27514500;9.8349151611328125;
27523500;9.6876907348632812;
27532500;9.79522705078125;
27541500;9.5098724365234375;
27550500;9.665679931640625;
27559500;9.1748123168945313;
27568500;9.3942489624023437;
27577500;9.83837890625;
27586500;9.886566162109375;
27595500;11.830123901367188;
27604500;9.4060897827148438;
27613500;9.500823974609375;
27622500;9.648284912109375;
27631500;9.468719482421875;
27640500;9.22760009765625;
27649500;9.0011444091796875;
27658500;8.8262557983398438;
27667500;8.8688201904296875;
27676500;9.0098114013671875;
27685500;9.3417129516601562;
27694500;8.9989166259765625;
27703500;8.9314651489257813;
27712500;9.1024932861328125;
27721500;9.0226211547851562;
27730500;8.881805419921875;
27739500;8.948272705078125;
27748500;8.9938430786132812;
27757500;8.85223388671875;
27766500;8.7999343872070312;
27775500;8.9391632080078125;
27784500;9.19842529296875;
27793500;9.5477828979492187;
27802500;9.223358154296875;
27811500;8.8443984985351562;
27820500;9.092376708984375;
27829500;9.207611083984375;
27838500;9.2276840209960937;
27847500;9.189971923828125;
27856500;8.9598922729492187;
27865500;8.7888107299804687;
27874500;9.1058197021484375;
27883500;10.251419067382812;
27892500;9.6537551879882812;
27901500;9.36395263671875;
27910500;8.9974136352539062;
27919500;9.2463455200195313;
27928500;9.4387283325195313;
27937500;9.700347900390625;
27946500;9.791717529296875;
27955500;9.4028701782226562;
27964500;9.263641357421875;
27973500;10.414649963378906;
27982500;9.7823410034179687;
27991500;9.905181884765625;
28000500;10.567718505859375;
28009500;9.5685806274414062;
28018500;9.443206787109375;
28027500;9.4530181884765625;
28036500;9.8223953247070312;
28045500;9.9250411987304687;
28054500;9.8428955078125;
28063500;10.796737670898438;
28072500;9.7054901123046875;
28081500;9.92572021484375;
28090500;10.168495178222656;
28099500;10.227180480957031;
28108500;10.327957153320312;
28117500;10.389007568359375;
28126500;10.115768432617187;
28135500;10.125907897949219;
28144500;10.533134460449219;
28153500;11.166297912597656;
28162500;10.237152099609375;
28171500;9.8655853271484375;
28180500;10.106178283691406;
28189500;10.610328674316406;
28198500;10.599205017089844;
28207500;10.459716796875;
28216500;10.254997253417969;
28225500;10.195213317871094;
28234500;10.488998413085937;
28243500;10.97113037109375;
28252500;10.706504821777344;
28261500;10.84307861328125;
28270500;10.854698181152344;
28279500;10.227790832519531;
28288500;10.503196716308594;
28297500;10.495246887207031;
28306500;10.621406555175781;
28315500;10.646865844726563;
28324500;11.037811279296875;
28333500;11.319755554199219;
28342500;10.587577819824219;
28351500;10.846244812011719;
28360500;10.928436279296875;
28369500;10.638397216796875;
28378500;10.5867919921875;
28387500;10.585563659667969;
28396500;10.808784484863281;
28405500;11.016883850097656;
28414500;12.041114807128906;
28423500;11.706993103027344;
28432500;10.636947631835938;
28441500;10.917510986328125;
28450500;11.036460876464844;
28459500;11.0760498046875;
28468500;11.03399658203125;
28477500;11.592529296875;
28486500;12.197471618652344;
28495500;12.088768005371094;
28504500;13.317848205566406;
28513500;12.395477294921875;
28522500;11.485015869140625;
28531500;11.643234252929687;
28540500;11.254692077636719;
28549500;11.226852416992188;
28558500;11.134368896484375;
28567500;11.479896545410156;
28576500;11.306449890136719;
28585500;11.554931640625;
28594500;13.181793212890625;
28603500;11.960700988769531;
28612500;11.228507995605469;
28621500;11.531173706054688;
28630500;11.740890502929687;
28639500;11.597702026367188;
28648500;11.603927612304688;
28657500;11.766975402832031;
28666500;11.889442443847656;
28675500;11.744895935058594;
28684500;12.758644104003906;
28693500;12.16217041015625;
28702500;12.064300537109375;
28711500;12.198860168457031;
28720500;12.159866333007813;
28729500;12.249137878417969;
28738500;12.316505432128906;
28747500;12.489990234375;
28756500;12.6253662109375;
28765500;12.5845947265625;
28774500;12.973403930664063;
28783500;12.565437316894531;
28792500;12.653083801269531;
28801500;12.857505798339844;
28810500;12.802444458007813;
28819500;13.0623779296875;
28828500;12.99786376953125;
28837500;13.131828308105469;
28846500;13.319915771484375;
28855500;13.333099365234375;
28864500;14.0386962890625;
28873500;13.411109924316406;
28882500;13.246726989746094;
28891500;13.436927795410156;
28900500;13.355003356933594;
28909500;13.470527648925781;
28918500;13.280448913574219;
28927500;13.44952392578125;
28936500;13.50244140625;
28945500;13.806083679199219;
28954500;14.658370971679688;
28963500;13.629348754882812;
28972500;13.493324279785156;
28981500;13.692588806152344;
28990500;13.551925659179688;
28999500;13.927665710449219;
29008500;13.926727294921875;
29017500;13.948204040527344;
29026500;13.921875;
29035500;14.902915954589844;
29044500;15.321456909179688;
29053500;13.994071960449219;
29062500;14.112190246582031;
29071500;13.848930358886719;
29080500;14.039321899414063;
29089500;14.06610107421875;
29098500;14.079818725585937;
29107500;14.065696716308594;
29116500;14.066871643066406;
29125500;15.16070556640625;
29134500;14.994918823242188;
29143500;14.215103149414063;
29152500;14.197540283203125;
29161500;14.480438232421875;
29170500;14.349563598632812;
29179500;14.642181396484375;
29188500;14.481086730957031;
29197500;14.525382995605469;
29206500;14.809661865234375;
29215500;15.243659973144531;
29224500;15.322181701660156;
29233500;14.644599914550781;
29242500;14.879875183105469;
29251500;15.015411376953125;
29260500;15.183891296386719;
29269500;15.359954833984375;
29278500;15.148704528808594;
29287500;15.357826232910156;
29296500;15.361862182617188;
29305500;15.637321472167969;
29314500;15.467254638671875;
29323500;15.652870178222656;
29332500;16.080886840820312;
29341500;15.873077392578125;
29350500;16.057754516601562;
29359500;16.251396179199219;
29368500;16.409515380859375;
29377500;16.322166442871094;
29386500;16.467216491699219;
29395500;16.905815124511719;
29404500;16.776039123535156;
29413500;16.822677612304687;
29422500;16.84197998046875;
29431500;17.001899719238281;
29440500;17.131828308105469;
29449500;17.456695556640625;
29458500;17.496749877929688;
29467500;17.552726745605469;
29476500;17.72637939453125;
29485500;18.79193115234375;
29494500;17.608245849609375;
29503500;17.586082458496094;
29512500;18.052650451660156;
29521500;18.197105407714844;
29530500;18.255020141601562;
29539500;18.423835754394531;
29548500;18.22149658203125;
29557500;18.256927490234375;
29566500;19.090850830078125;
29575500;20.235084533691406;
29584500;18.491493225097656;
29593500;18.515724182128906;
29602500;18.99102783203125;
29611500;19.240440368652344;
29620500;19.412651062011719;
29629500;18.976181030273438;
29638500;19.152198791503906;
29647500;19.336647033691406;
29656500;19.9349365234375;
29665500;20.827728271484375;
29674500;19.459518432617188;
29683500;19.635055541992188;
29692500;19.130462646484375;
29701500;19.0423583984375;
29710500;19.378623962402344;
29719500;19.705604553222656;
29728500;19.890800476074219;
29737500;19.622848510742188;
29746500;20.014640808105469;
29755500;20.263999938964844;
29764500;19.961669921875;
29773500;19.866851806640625;
29782500;19.814682006835938;
29791500;19.705184936523438;
29800500;23.959144592285156;
29809500;25.717964172363281;
29818500;20.01708984375;
29827500;20.627937316894531;
29836500;20.235565185546875;
29845500;19.611595153808594;
29854500;19.640220642089844;
29863500;20.137992858886719;
29872500;20.20123291015625;
29881500;20.2923583984375;
29890500;19.714447021484375;
29899500;19.739295959472656;
29908500;19.883575439453125;
29917500;20.183135986328125;
29926500;21.220161437988281;
29935500;20.625190734863281;
29944500;20.102127075195313;
29953500;20.064895629882813;
29962500;20.688812255859375;
29971500;21.270339965820313;
29980500;21.602729797363281;
29989500;21.516075134277344;
29998500;25.533027648925781;
