Type;FSV-13;
Version;3.70;
Date;14.Mar 24;
Mode;ANALYZER;
Center Freq;15076500.000000;Hz
Freq Offset;0.000000;Hz
Span;29844000.000000;Hz
x-Axis;LIN;
Start;154500.000000;Hz
Stop;29998500.000000;Hz
Ref Level;69.000000;dBµV
Level Offset;0.000000;dB
Ref Position;100.000000;%
y-Axis;LOG;
Level Range;100.000000;dB
Rf Att;0.000000;dB
El Att;0.000000;dB
RBW;9000.000000;Hz
VBW;100000.000000;Hz
SWT;0.100000;s
Trace Mode;AVERAGE;
Detector;RMS;
Sweep Count;0;
Trace 1:;;
x-Unit;Hz;
y-Unit;dBµV;
Preamplifier;OFF;
Transducer;OFF;
Values;3317;
154500;11.286476135253906;
163500;12.358688354492188;
172500;2.4478988647460937;
181500;1.0207061767578125;
190500;0.7693328857421875;
199500;0.84383392333984375;
208500;0.972869873046875;
217500;1.2284164428710937;
226500;3.2325363159179687;
235500;1.95111083984375;
244500;1.9907684326171875;
253500;0.63971710205078125;
262500;0.3719635009765625;
271500;0.8990325927734375;
280500;0.51743316650390625;
289500;0.02413177490234375;
298500;-0.26172637939453125;
307500;0.70064544677734375;
316500;5.998199462890625;
325500;9.9864654541015625;
334500;5.7081375122070313;
343500;0.6161956787109375;
352500;-0.53128814697265625;
361500;-0.82018280029296875;
370500;-0.969818115234375;
379500;-0.54634857177734375;
388500;-0.6483154296875;
397500;-0.60471343994140625;
406500;0.39202117919921875;
415500;-0.65436553955078125;
424500;-1.3445281982421875;
433500;-1.4667282104492187;
442500;-1.562713623046875;
451500;-1.416534423828125;
460500;1.03692626953125;
469500;0.99028778076171875;
478500;4.0364608764648437;
487500;8.2732467651367188;
496500;6.827880859375;
505500;2.3678512573242187;
514500;-0.83344268798828125;
523500;-2.1063003540039062;
532500;-2.1206436157226562;
541500;-2.2147445678710937;
550500;-2.3213958740234375;
559500;-2.23675537109375;
568500;-1.7656402587890625;
577500;-1.713836669921875;
586500;-2.2292938232421875;
595500;-2.2083358764648437;
604500;-1.0254745483398437;
613500;0.9504241943359375;
622500;-1.9374771118164063;
631500;0.19947052001953125;
640500;2.3024444580078125;
649500;6.6995697021484375;
658500;6.7741546630859375;
667500;3.4489364624023437;
676500;1.5732879638671875;
685500;2.9815902709960938;
694500;9.1041030883789062;
703500;4.621490478515625;
712500;-2.05859375;
721500;-1.9364852905273437;
730500;-2.3494949340820313;
739500;-2.098236083984375;
748500;-2.4688873291015625;
757500;-1.9432296752929687;
766500;-3.1229171752929687;
775500;-3.0242233276367187;
784500;-1.7630615234375;
793500;0.0373992919921875;
802500;1.1502304077148437;
811500;5.54156494140625;
820500;5.911895751953125;
829500;4.8690338134765625;
838500;2.348388671875;
847500;-0.18097686767578125;
856500;-1.3255386352539062;
865500;-2.5747222900390625;
874500;1.3027877807617187;
883500;1.18048095703125;
892500;1.915924072265625;
901500;-0.4064788818359375;
910500;0.40903472900390625;
919500;3.3297271728515625;
928500;5.915496826171875;
937500;2.2104873657226562;
946500;1.0231781005859375;
955500;2.013641357421875;
964500;2.5515518188476562;
973500;6.2878036499023438;
982500;5.7613296508789062;
991500;5.7861251831054687;
1000500;4.2904281616210938;
1009500;1.2837600708007813;
1018500;-0.591278076171875;
1027500;-1.1867599487304687;
1036500;2.0118789672851562;
1045500;-2.0559005737304687;
1054500;-1.9984588623046875;
1063500;-2.0038986206054687;
1072500;-0.19249725341796875;
1081500;0.37253570556640625;
1090500;-2.35028076171875;
1099500;-2.0095062255859375;
1108500;-0.907928466796875;
1117500;1.3370895385742188;
1126500;0.13919830322265625;
1135500;3.8308563232421875;
1144500;4.6326141357421875;
1153500;4.74725341796875;
1162500;4.4973983764648437;
1171500;1.3974761962890625;
1180500;4.1208114624023437;
1189500;12.129043579101563;
1198500;3.0494232177734375;
1207500;-2.1285858154296875;
1216500;-2.0928802490234375;
1225500;7.6693801879882813;
1234500;11.592636108398438;
1243500;-1.178131103515625;
1252500;-1.9190750122070312;
1261500;-1.2310714721679687;
1270500;-0.432708740234375;
1279500;0.2779998779296875;
1288500;0.05474853515625;
1297500;2.8550796508789062;
1306500;3.7252960205078125;
1315500;3.8030776977539062;
1324500;3.8843231201171875;
1333500;2.495513916015625;
1342500;0.369110107421875;
1351500;0.03859710693359375;
1360500;-1.0561294555664062;
1369500;0.91260528564453125;
1378500;-0.6377716064453125;
1387500;-1.43719482421875;
1396500;4.467926025390625;
1405500;0.7318115234375;
1414500;-1.0891571044921875;
1423500;-0.63277435302734375;
1432500;-0.393463134765625;
1441500;-0.34079742431640625;
1450500;0.1208648681640625;
1459500;2.1140060424804687;
1468500;3.135955810546875;
1477500;3.1575851440429687;
1486500;3.32330322265625;
1495500;3.2039337158203125;
1504500;1.4775619506835937;
1513500;0.5369110107421875;
1522500;0.18849945068359375;
1531500;-0.57757568359375;
1540500;-0.25463104248046875;
1549500;-0.3607177734375;
1558500;-0.611083984375;
1567500;-0.72911834716796875;
1576500;-0.6356201171875;
1585500;-0.28395843505859375;
1594500;0.188751220703125;
1603500;0.2692413330078125;
1612500;0.31894683837890625;
1621500;2.0157852172851562;
1630500;3.14288330078125;
1639500;3.3304824829101562;
1648500;2.9068145751953125;
1657500;2.9539947509765625;
1666500;1.8665008544921875;
1675500;1.1052093505859375;
1684500;0.7775421142578125;
1693500;0.49517822265625;
1702500;-0.133453369140625;
1711500;0.31964874267578125;
1720500;0.25321197509765625;
1729500;-0.1443939208984375;
1738500;-0.13008880615234375;
1747500;-0.2989044189453125;
1756500;-0.1044464111328125;
1765500;0.0016632080078125;
1774500;0.28977203369140625;
1783500;0.828399658203125;
1792500;1.6762847900390625;
1801500;2.0097579956054687;
1810500;2.1056671142578125;
1819500;2.3489227294921875;
1828500;1.7606201171875;
1837500;1.8690109252929688;
1846500;0.591949462890625;
1855500;0.6739501953125;
1864500;0.526702880859375;
1873500;0.260833740234375;
1882500;0.35256195068359375;
1891500;-0.218597412109375;
1900500;-0.2830657958984375;
1909500;-0.40439605712890625;
1918500;0.201141357421875;
1927500;-0.3184814453125;
1936500;-0.25363922119140625;
1945500;1.0250244140625;
1954500;1.8886947631835938;
1963500;1.5853195190429687;
1972500;1.4016799926757812;
1981500;1.3769149780273438;
1990500;1.6608428955078125;
1999500;1.1350631713867187;
2008500;0.228057861328125;
2017500;-0.14192962646484375;
2026500;0.3152313232421875;
2035500;0.23421478271484375;
2044500;-0.4219207763671875;
2053500;-0.10636138916015625;
2062500;-0.04412078857421875;
2071500;-0.4634857177734375;
2080500;-0.52481842041015625;
2089500;-0.7378082275390625;
2098500;0.071533203125;
2107500;0.3035736083984375;
2116500;1.2159271240234375;
2125500;1.298309326171875;
2134500;1.1405563354492187;
2143500;1.0281829833984375;
2152500;1.27294921875;
2161500;1.0237808227539062;
2170500;0.04537200927734375;
2179500;-0.4642486572265625;
2188500;-0.19113922119140625;
2197500;0.2591705322265625;
2206500;-0.56302642822265625;
2215500;-0.6268157958984375;
2224500;-0.6624755859375;
2233500;-0.3505401611328125;
2242500;-0.25667572021484375;
2251500;-0.7583160400390625;
2260500;-0.730621337890625;
2269500;-0.2059478759765625;
2278500;1.1662216186523437;
2287500;0.93555450439453125;
2296500;1.155029296875;
2305500;3.4372329711914063;
2314500;0.94295501708984375;
2323500;1.133270263671875;
2332500;0.34400177001953125;
2341500;-0.4228973388671875;
2350500;-0.8035736083984375;
2359500;-0.3243408203125;
2368500;-0.48665618896484375;
2377500;4.6142654418945313;
2386500;5.8102798461914062;
2395500;6.1578369140625;
2404500;0.34455108642578125;
2413500;-0.8374786376953125;
2422500;-0.82291412353515625;
2431500;-0.3561859130859375;
2440500;0.7795867919921875;
2449500;0.55443572998046875;
2458500;1.2303085327148437;
2467500;4.9978485107421875;
2476500;3.0323638916015625;
2485500;4.2052154541015625;
2494500;0.21697998046875;
2503500;-0.07324981689453125;
2512500;-0.63226318359375;
2521500;-0.49839019775390625;
2530500;-0.448822021484375;
2539500;-0.734405517578125;
2548500;-1.0561981201171875;
2557500;-0.7517547607421875;
2566500;0.325653076171875;
2575500;0.768890380859375;
2584500;-0.79871368408203125;
2593500;-0.1835479736328125;
2602500;0.9819183349609375;
2611500;0.867218017578125;
2620500;0.9278564453125;
2629500;0.8087615966796875;
2638500;1.2005767822265625;
2647500;0.90045928955078125;
2656500;1.0198440551757812;
2665500;0.604034423828125;
2674500;0.18305206298828125;
2683500;-0.2845611572265625;
2692500;-0.53575897216796875;
2701500;-0.54720306396484375;
2710500;-0.689666748046875;
2719500;-0.44944000244140625;
2728500;-0.71788787841796875;
2737500;-1.0680923461914063;
2746500;-0.8703460693359375;
2755500;-0.42836761474609375;
2764500;0.12252044677734375;
2773500;0.38768768310546875;
2782500;0.24237060546875;
2791500;0.09931182861328125;
2800500;0.3244781494140625;
2809500;0.13736724853515625;
2818500;0.194122314453125;
2827500;-0.097747802734375;
2836500;0.3286590576171875;
2845500;-1.130126953125;
2854500;-1.338531494140625;
2863500;-1.4851837158203125;
2872500;-1.2310867309570312;
2881500;-1.3533401489257813;
2890500;-1.4221725463867187;
2899500;-1.5264892578125;
2908500;-1.850830078125;
2917500;-0.942413330078125;
2926500;0.54998779296875;
2935500;0.01833343505859375;
2944500;-0.209259033203125;
2953500;-0.0362548828125;
2962500;-0.13707733154296875;
2971500;-0.37700653076171875;
2980500;-0.33530426025390625;
2989500;-0.0310211181640625;
2998500;-0.4581146240234375;
3007500;-0.83238983154296875;
3016500;-0.1594085693359375;
3025500;-1.2033233642578125;
3034500;-1.481842041015625;
3043500;-1.5096817016601562;
3052500;-1.3644561767578125;
3061500;-1.4768753051757812;
3070500;-1.6583099365234375;
3079500;-1.0369720458984375;
3088500;-0.49517822265625;
3097500;-0.093231201171875;
3106500;0.1052398681640625;
3115500;-0.606292724609375;
3124500;-0.11405181884765625;
3133500;-0.4810791015625;
3142500;-0.349090576171875;
3151500;-0.002227783203125;
3160500;-0.32295989990234375;
3169500;-0.6529998779296875;
3178500;-1.1124420166015625;
3187500;-1.3608856201171875;
3196500;-1.2344894409179687;
3205500;-1.3072967529296875;
3214500;-1.2412490844726562;
3223500;-1.4013900756835937;
3232500;-1.5608978271484375;
3241500;-1.2072525024414063;
3250500;-0.7671966552734375;
3259500;-0.401031494140625;
3268500;-0.32212066650390625;
3277500;-0.4119415283203125;
3286500;-0.33959197998046875;
3295500;-0.54315185546875;
3304500;-0.4276885986328125;
3313500;0.0565338134765625;
3322500;-0.038055419921875;
3331500;-0.272674560546875;
3340500;-0.369659423828125;
3349500;-0.76857757568359375;
3358500;-0.996612548828125;
3367500;-0.39397430419921875;
3376500;-0.538543701171875;
3385500;-0.77954864501953125;
3394500;-0.6734771728515625;
3403500;-0.67996978759765625;
3412500;-0.511932373046875;
3421500;-0.1781463623046875;
3430500;-0.42919158935546875;
3439500;-0.318603515625;
3448500;-0.4382781982421875;
3457500;1.2306137084960937;
3466500;0.087066650390625;
3475500;-0.15232086181640625;
3484500;-0.1454010009765625;
3493500;-0.20867919921875;
3502500;0.11336517333984375;
3511500;-0.421478271484375;
3520500;-0.85443115234375;
3529500;-0.8039398193359375;
3538500;-0.69028472900390625;
3547500;0.97216033935546875;
3556500;-0.8753509521484375;
3565500;-0.97525787353515625;
3574500;1.7609786987304688;
3583500;-0.236541748046875;
3592500;-0.40950775146484375;
3601500;-0.1295318603515625;
3610500;-0.32726287841796875;
3619500;-0.60039520263671875;
3628500;-0.30657196044921875;
3637500;0.41522216796875;
3646500;0.00719451904296875;
3655500;-0.23841094970703125;
3664500;-0.4510498046875;
3673500;-0.2425689697265625;
3682500;-0.66159820556640625;
3691500;-0.608795166015625;
3700500;-0.70967864990234375;
3709500;-0.90248870849609375;
3718500;-0.64415740966796875;
3727500;-0.21930694580078125;
3736500;-0.37430572509765625;
3745500;-0.1439971923828125;
3754500;-0.05048370361328125;
3763500;-0.02165985107421875;
3772500;0.25390625;
3781500;0.1649932861328125;
3790500;0.43334197998046875;
3799500;0.292999267578125;
3808500;0.67659759521484375;
3817500;0.7744140625;
3826500;0.80054473876953125;
3835500;0.81261444091796875;
3844500;0.81352996826171875;
3853500;0.602325439453125;
3862500;0.77852630615234375;
3871500;0.2618865966796875;
3880500;0.15273284912109375;
3889500;0.62105560302734375;
3898500;1.6085357666015625;
3907500;2.036224365234375;
3916500;0.42530059814453125;
3925500;0.3748626708984375;
3934500;0.024688720703125;
3943500;-0.05561065673828125;
3952500;0.120513916015625;
3961500;-0.06520843505859375;
3970500;-0.39788055419921875;
3979500;-0.0886688232421875;
3988500;2.7898941040039062;
3997500;2.0684356689453125;
4006500;-0.4869537353515625;
4015500;-0.95148468017578125;
4024500;-0.75444793701171875;
4033500;-1.2438583374023437;
4042500;-1.0825729370117187;
4051500;-1.0449295043945312;
4060500;-0.5815582275390625;
4069500;-0.23070526123046875;
4078500;3.2202606201171875;
4087500;1.14727783203125;
4096500;-0.65826416015625;
4105500;-0.26535797119140625;
4114500;-0.62877655029296875;
4123500;-0.44893646240234375;
4132500;-0.54032135009765625;
4141500;-0.61023712158203125;
4150500;-0.3195648193359375;
4159500;-0.74819183349609375;
4168500;2.1156845092773437;
4177500;-0.04409027099609375;
4186500;-1.032745361328125;
4195500;-1.0416412353515625;
4204500;-0.837554931640625;
4213500;-0.81774139404296875;
4222500;-0.52249908447265625;
4231500;-0.09981536865234375;
4240500;-0.2997283935546875;
4249500;-0.4842071533203125;
4258500;0.611846923828125;
4267500;-0.31873321533203125;
4276500;-0.4610137939453125;
4285500;-0.3451385498046875;
4294500;-0.0853271484375;
4303500;-0.0960845947265625;
4312500;0.05501556396484375;
4321500;-0.2468414306640625;
4330500;-0.307037353515625;
4339500;-0.45410919189453125;
4348500;-0.6354827880859375;
4357500;-0.88817596435546875;
4366500;-0.76213836669921875;
4375500;-0.7365875244140625;
4384500;-0.64119720458984375;
4393500;-0.07452392578125;
4402500;-0.10147857666015625;
4411500;-0.17620086669921875;
4420500;-0.180694580078125;
4429500;0.02336883544921875;
4438500;1.163787841796875;
4447500;-0.05474090576171875;
4456500;0.139404296875;
4465500;0.1693115234375;
4474500;0.21857452392578125;
4483500;0.44171905517578125;
4492500;0.021484375;
4501500;-0.14691925048828125;
4510500;-0.45818328857421875;
4519500;0.88869476318359375;
4528500;2.35357666015625;
4537500;-0.407440185546875;
4546500;-0.43058013916015625;
4555500;-0.10345458984375;
4564500;-0.0447235107421875;
4573500;-0.14797210693359375;
4582500;-0.1910400390625;
4591500;-0.03678131103515625;
4600500;-0.02081298828125;
4609500;2.4783477783203125;
4618500;2.8647003173828125;
4627500;0.20380401611328125;
4636500;0.58275604248046875;
4645500;0.76436614990234375;
4654500;0.752593994140625;
4663500;0.43367767333984375;
4672500;0.2530975341796875;
4681500;0.37755584716796875;
4690500;0.1319580078125;
4699500;2.60906982421875;
4708500;1.7325363159179687;
4717500;0.2570343017578125;
4726500;0.23743438720703125;
4735500;0.10587310791015625;
4744500;0.003265380859375;
4753500;-0.00408172607421875;
4762500;0.3762359619140625;
4771500;0.28578948974609375;
4780500;0.632720947265625;
4789500;1.9494400024414062;
4798500;0.9701995849609375;
4807500;0.8519287109375;
4816500;1.1175079345703125;
4825500;0.9821014404296875;
4834500;0.68695068359375;
4843500;0.798980712890625;
4852500;0.63854217529296875;
4861500;0.3108978271484375;
4870500;0.216766357421875;
4879500;0.460479736328125;
4888500;0.4204254150390625;
4897500;0.23558807373046875;
4906500;0.442626953125;
4915500;0.31842803955078125;
4924500;0.5130157470703125;
4933500;0.7149505615234375;
4942500;1.1339187622070313;
4951500;0.899658203125;
4960500;0.74346923828125;
4969500;3.2401885986328125;
4978500;1.2467498779296875;
4987500;1.1238021850585937;
4996500;1.1161270141601562;
5005500;1.0117111206054687;
5014500;1.289520263671875;
5023500;0.77154541015625;
5032500;0.7891845703125;
5041500;0.68190765380859375;
5050500;1.9814453125;
5059500;6.4021453857421875;
5068500;0.92139434814453125;
5077500;0.85622406005859375;
5086500;0.692901611328125;
5095500;0.67636871337890625;
5104500;0.84288787841796875;
5113500;0.53847503662109375;
5122500;0.62374114990234375;
5131500;0.83695220947265625;
5140500;3.8295745849609375;
5149500;7.4061431884765625;
5158500;0.99716949462890625;
5167500;0.70745849609375;
5176500;0.90363311767578125;
5185500;0.52487945556640625;
5194500;0.595367431640625;
5203500;0.67552947998046875;
5212500;0.6895904541015625;
5221500;0.65296173095703125;
5230500;3.7721023559570312;
5239500;5.5600814819335938;
5248500;0.24716949462890625;
5257500;0.23876953125;
5266500;0.11943817138671875;
5275500;0.256927490234375;
5284500;0.144195556640625;
5293500;-0.0004730224609375;
5302500;0.15497589111328125;
5311500;0.2701873779296875;
5320500;1.97869873046875;
5329500;1.8020782470703125;
5338500;0.2647552490234375;
5347500;0.23445892333984375;
5356500;0.189727783203125;
5365500;0.10260772705078125;
5374500;0.0438995361328125;
5383500;0.0018463134765625;
5392500;0.12085723876953125;
5401500;0.1044921875;
5410500;0.01131439208984375;
5419500;0.10382080078125;
5428500;-0.00994110107421875;
5437500;0.09999847412109375;
5446500;0.00743865966796875;
5455500;-0.04967498779296875;
5464500;-0.02964019775390625;
5473500;0.0410919189453125;
5482500;0.12882232666015625;
5491500;-0.0518798828125;
5500500;0.9512939453125;
5509500;0.23957061767578125;
5518500;-0.03810882568359375;
5527500;0.0855865478515625;
5536500;-0.06014251708984375;
5545500;0.1255035400390625;
5554500;0.29663848876953125;
5563500;0.36168670654296875;
5572500;0.11006927490234375;
5581500;0.04161834716796875;
5590500;3.454315185546875;
5599500;0.7087860107421875;
5608500;0.1806640625;
5617500;0.34049224853515625;
5626500;0.4569091796875;
5635500;0.43659210205078125;
5644500;0.6114959716796875;
5653500;0.52630615234375;
5662500;0.57682037353515625;
5671500;1.4349746704101563;
5680500;6.3408584594726562;
5689500;1.3282546997070312;
5698500;0.816131591796875;
5707500;1.2602081298828125;
5716500;1.3328399658203125;
5725500;1.6439895629882812;
5734500;1.1620330810546875;
5743500;1.4870071411132813;
5752500;1.9023895263671875;
5761500;3.7309341430664062;
5770500;8.3492889404296875;
5779500;2.1655120849609375;
5788500;2.5432891845703125;
5797500;2.42730712890625;
5806500;2.71771240234375;
5815500;3.1636734008789062;
5824500;3.158660888671875;
5833500;3.1299514770507812;
5842500;3.2114791870117187;
5851500;5.7275619506835937;
5860500;8.4877090454101562;
5869500;3.2813644409179687;
5878500;3.4471664428710937;
5887500;3.5063247680664062;
5896500;3.3714828491210937;
5905500;3.4164276123046875;
5914500;3.0032958984375;
5923500;3.7760772705078125;
5932500;3.0316390991210938;
5941500;3.3256683349609375;
5950500;3.7345809936523437;
5959500;2.6462173461914063;
5968500;2.831329345703125;
5977500;1.7348709106445313;
5986500;2.0241012573242187;
5995500;1.8853530883789062;
6004500;1.2398834228515625;
6013500;1.601104736328125;
6022500;0.6958465576171875;
6031500;2.656982421875;
6040500;1.8108596801757813;
6049500;0.47723388671875;
6058500;0.67504119873046875;
6067500;-0.19388580322265625;
6076500;0.22187042236328125;
6085500;-0.38214874267578125;
6094500;-0.2646331787109375;
6103500;-0.3356475830078125;
6112500;-0.609649658203125;
6121500;5.771514892578125;
6130500;2.7348709106445313;
6139500;-0.87958526611328125;
6148500;-0.998046875;
6157500;-0.77300262451171875;
6166500;-1.0936431884765625;
6175500;-1.1088409423828125;
6184500;-1.1046981811523437;
6193500;-0.9771575927734375;
6202500;-1.112152099609375;
6211500;6.6700973510742187;
6220500;1.4798126220703125;
6229500;-1.4620285034179687;
6238500;-1.2441635131835937;
6247500;-1.7920684814453125;
6256500;-1.3856277465820312;
6265500;-1.3179397583007813;
6274500;-1.5196914672851563;
6283500;-1.0964813232421875;
6292500;-0.9907989501953125;
6301500;6.1647491455078125;
6310500;-0.36875152587890625;
6319500;-1.1926956176757812;
6328500;-1.13861083984375;
6337500;-1.5806198120117188;
6346500;-1.1002273559570312;
6355500;-1.5909042358398437;
6364500;-0.917694091796875;
6373500;-1.2561264038085937;
6382500;-0.5967864990234375;
6391500;3.6459426879882813;
6400500;-1.0464935302734375;
6409500;-0.830963134765625;
6418500;-1.465362548828125;
6427500;-0.96088409423828125;
6436500;-1.1409912109375;
6445500;-1.2313995361328125;
6454500;-0.6263580322265625;
6463500;-1.1831283569335937;
6472500;-0.494415283203125;
6481500;0.00347137451171875;
6490500;-0.6974945068359375;
6499500;-0.80377197265625;
6508500;-0.7959442138671875;
6517500;-0.76375579833984375;
6526500;-0.884124755859375;
6535500;-0.78766632080078125;
6544500;-0.83721160888671875;
6553500;-0.7606353759765625;
6562500;-0.52725982666015625;
6571500;-0.2062835693359375;
6580500;-0.50205230712890625;
6589500;-0.58864593505859375;
6598500;-0.5982513427734375;
6607500;-0.82859039306640625;
6616500;-0.6365509033203125;
6625500;-0.6306304931640625;
6634500;-0.52834320068359375;
6643500;-0.67041778564453125;
6652500;1.6615676879882813;
6661500;2.0389175415039062;
6670500;-0.6229248046875;
6679500;-0.46007537841796875;
6688500;-0.75140380859375;
6697500;-0.633209228515625;
6706500;-0.5485382080078125;
6715500;-0.9107513427734375;
6724500;-0.6145477294921875;
6733500;-0.850921630859375;
6742500;3.1663818359375;
6751500;1.7242050170898438;
6760500;-1.1701507568359375;
6769500;-0.8137969970703125;
6778500;-1.275146484375;
6787500;-1.2794189453125;
6796500;-1.4168472290039063;
6805500;-1.3753433227539063;
6814500;-1.279815673828125;
6823500;-1.440399169921875;
6832500;2.1967697143554687;
6841500;-0.50118255615234375;
6850500;-1.472259521484375;
6859500;-1.44512939453125;
6868500;-1.79425048828125;
6877500;-1.7649993896484375;
6886500;-1.7522735595703125;
6895500;-1.8651504516601563;
6904500;-1.8315505981445313;
6913500;-2.111724853515625;
6922500;-0.264892578125;
6931500;-2.0536880493164062;
6940500;-1.851654052734375;
6949500;-1.830474853515625;
6958500;-2.0255813598632812;
6967500;-1.926361083984375;
6976500;-2.2326126098632813;
6985500;-2.0951004028320313;
6994500;-2.00628662109375;
7003500;-2.198028564453125;
7012500;-1.8764724731445313;
7021500;-2.3308868408203125;
7030500;-1.88055419921875;
7039500;-2.09356689453125;
7048500;-2.35369873046875;
7057500;-2.16412353515625;
7066500;-2.419769287109375;
7075500;-2.1774139404296875;
7084500;-2.240020751953125;
7093500;-2.2446823120117187;
7102500;-1.5837860107421875;
7111500;-2.3419113159179687;
7120500;-1.883544921875;
7129500;-2.0498733520507812;
7138500;-2.241973876953125;
7147500;-2.0370712280273437;
7156500;-1.797119140625;
7165500;-2.012481689453125;
7174500;-2.1694488525390625;
7183500;-1.88555908203125;
7192500;-0.91656494140625;
7201500;-2.388275146484375;
7210500;-1.9905014038085937;
7219500;-2.4904556274414062;
7228500;-2.152374267578125;
7237500;-1.9950180053710937;
7246500;-2.2076187133789062;
7255500;-2.0413818359375;
7264500;-2.1590499877929687;
7273500;-1.14471435546875;
7282500;-0.6954193115234375;
7291500;-2.5255355834960937;
7300500;-2.1001358032226562;
7309500;-2.288177490234375;
7318500;-2.4087600708007812;
7327500;-2.441986083984375;
7336500;-2.3254470825195312;
7345500;-2.2532424926757812;
7354500;-2.188140869140625;
7363500;-1.3956756591796875;
7372500;-1.4088363647460937;
7381500;-2.164794921875;
7390500;-2.2786941528320313;
7399500;-2.3661651611328125;
7408500;-2.0711212158203125;
7417500;-2.0204620361328125;
7426500;-2.119415283203125;
7435500;-2.1286087036132812;
7444500;-2.1408767700195313;
7453500;-1.2506027221679687;
7462500;-1.7761917114257813;
7471500;-2.1628646850585937;
7480500;-2.152679443359375;
7489500;-2.1577987670898437;
7498500;-2.3236312866210937;
7507500;-2.2808151245117187;
7516500;-2.6241073608398437;
7525500;-2.3726425170898437;
7534500;-2.3086395263671875;
7543500;-2.139007568359375;
7552500;-2.2320785522460937;
7561500;-2.058349609375;
7570500;-2.185089111328125;
7579500;-2.1502685546875;
7588500;-2.0564193725585937;
7597500;-2.3097000122070312;
7606500;-2.0968856811523437;
7615500;-2.311187744140625;
7624500;-2.1253890991210937;
7633500;-2.0614395141601562;
7642500;-2.32989501953125;
7651500;-2.20343017578125;
7660500;-2.34429931640625;
7669500;-2.2522735595703125;
7678500;-2.0036468505859375;
7687500;-2.1226654052734375;
7696500;-2.2988433837890625;
7705500;-2.3514862060546875;
7714500;-2.2138214111328125;
7723500;-1.55657958984375;
7732500;-2.0900115966796875;
7741500;-2.18951416015625;
7750500;-2.426788330078125;
7759500;-2.3883819580078125;
7768500;-2.2809906005859375;
7777500;-2.3429183959960937;
7786500;-2.2331695556640625;
7795500;-2.5308074951171875;
7804500;-2.1909255981445313;
7813500;-1.5411376953125;
7822500;-2.3860931396484375;
7831500;-2.4590682983398438;
7840500;-2.4579086303710937;
7849500;-2.3022003173828125;
7858500;-2.3690719604492187;
7867500;-2.4414596557617187;
7876500;-2.4719390869140625;
7885500;-2.3743438720703125;
7894500;-2.155303955078125;
7903500;-1.8920135498046875;
7912500;-2.515594482421875;
7921500;-2.3253173828125;
7930500;-2.2424163818359375;
7939500;-2.3526763916015625;
7948500;-2.4412307739257812;
7957500;-2.5391998291015625;
7966500;-2.3590011596679687;
7975500;-2.3290939331054687;
7984500;-2.0306243896484375;
7993500;-2.1029281616210938;
8002500;-2.4386062622070313;
8011500;-2.258819580078125;
8020500;-2.3466720581054687;
8029500;-2.28594970703125;
8038500;-2.6462936401367187;
8047500;-2.5035171508789062;
8056500;-2.4105987548828125;
8065500;-2.5107650756835937;
8074500;-2.3726272583007813;
8083500;-2.3385009765625;
8092500;-2.1140975952148437;
8101500;-2.3101806640625;
8110500;-2.534759521484375;
8119500;-2.6114349365234375;
8128500;-2.447174072265625;
8137500;-2.4854202270507813;
8146500;-2.441131591796875;
8155500;-2.4424285888671875;
8164500;-2.220916748046875;
8173500;-2.1029129028320313;
8182500;-2.331817626953125;
8191500;-2.4150772094726562;
8200500;-2.2437896728515625;
8209500;-2.2213592529296875;
8218500;-2.4451675415039062;
8227500;-2.5774612426757813;
8236500;-2.3574600219726562;
8245500;-2.2412261962890625;
8254500;-1.3965301513671875;
8263500;-2.1777496337890625;
8272500;-2.3133163452148437;
8281500;-2.3406524658203125;
8290500;-2.37847900390625;
8299500;-2.3742828369140625;
8308500;-2.5338973999023438;
8317500;-2.3896026611328125;
8326500;-2.2745132446289062;
8335500;-2.2812042236328125;
8344500;0.0381622314453125;
8353500;-2.2480010986328125;
8362500;-2.2736358642578125;
8371500;-2.3219375610351562;
8380500;-2.3447647094726562;
8389500;-2.4885025024414062;
8398500;-2.2798690795898437;
8407500;-2.1628799438476562;
8416500;-2.3160018920898437;
8425500;-1.9126739501953125;
8434500;0.36985015869140625;
8443500;-2.2270278930664062;
8452500;-2.0608901977539062;
8461500;-2.3900680541992187;
8470500;-2.2601470947265625;
8479500;-2.4130020141601562;
8488500;-2.035064697265625;
8497500;-2.2966766357421875;
8506500;-2.2119140625;
8515500;-1.56231689453125;
8524500;-0.16064453125;
8533500;-2.1862030029296875;
8542500;-2.3737335205078125;
8551500;-2.28887939453125;
8560500;-2.45001220703125;
8569500;-2.0878829956054687;
8578500;-2.1759796142578125;
8587500;-2.175018310546875;
8596500;-2.2807464599609375;
8605500;-2.0966033935546875;
8614500;-1.5547943115234375;
8623500;-2.3629684448242187;
8632500;-2.2039337158203125;
8641500;-2.3563385009765625;
8650500;-2.0113754272460938;
8659500;-2.1004791259765625;
8668500;-2.3507232666015625;
8677500;-2.151336669921875;
8686500;-2.1815338134765625;
8695500;-2.033355712890625;
8704500;-2.1375656127929687;
8713500;-2.046142578125;
8722500;-2.1040267944335937;
8731500;-2.0987701416015625;
8740500;-2.127716064453125;
8749500;-2.1900711059570312;
8758500;-2.2206497192382813;
8767500;-2.2840499877929687;
8776500;-2.156524658203125;
8785500;-1.338623046875;
8794500;-1.8181915283203125;
8803500;-2.1300201416015625;
8812500;-2.1665420532226562;
8821500;-2.2920989990234375;
8830500;-2.2937469482421875;
8839500;-2.125946044921875;
8848500;-1.921783447265625;
8857500;-2.0042724609375;
8866500;-1.989898681640625;
8875500;0.0868377685546875;
8884500;-1.2695159912109375;
8893500;-1.838897705078125;
8902500;-2.0250167846679687;
8911500;-1.9133453369140625;
8920500;-1.7737655639648437;
8929500;-1.6834945678710937;
8938500;-1.6990280151367188;
8947500;-1.7404632568359375;
8956500;-1.5882034301757813;
8965500;1.4918136596679688;
8974500;-0.90908050537109375;
8983500;-1.502716064453125;
8992500;-1.5146865844726563;
9001500;-1.5393142700195312;
9010500;-1.4578704833984375;
9019500;-1.1450347900390625;
9028500;-1.2433929443359375;
9037500;-1.3039093017578125;
9046500;-0.83807373046875;
9055500;1.801727294921875;
9064500;-0.8065948486328125;
9073500;-1.4206008911132812;
9082500;-1.2256851196289062;
9091500;-1.0151748657226562;
9100500;-1.2149658203125;
9109500;-1.2307205200195312;
9118500;-1.200103759765625;
9127500;-0.917205810546875;
9136500;-1.0271987915039063;
9145500;-0.03205108642578125;
9154500;-0.99512481689453125;
9163500;-1.1288604736328125;
9172500;-0.84477996826171875;
9181500;-0.8703155517578125;
9190500;-1.0030517578125;
9199500;-1.0185394287109375;
9208500;-0.8171539306640625;
9217500;-0.92840576171875;
9226500;-0.96329498291015625;
9235500;-0.71263885498046875;
9244500;-1.1082916259765625;
9253500;-0.66790008544921875;
9262500;-1.0081863403320313;
9271500;-1.1350784301757813;
9280500;-1.3162612915039063;
9289500;-0.8659210205078125;
9298500;-1.2133102416992187;
9307500;-1.381439208984375;
9316500;0.36612701416015625;
9325500;1.1994552612304687;
9334500;-0.98925018310546875;
9343500;-0.9314727783203125;
9352500;-1.0128402709960937;
9361500;-1.3057708740234375;
9370500;-1.024627685546875;
9379500;-0.82373809814453125;
9388500;0.1792755126953125;
9397500;-0.89408111572265625;
9406500;1.898956298828125;
9415500;1.5134201049804687;
9424500;-0.85066986083984375;
9433500;-0.9792633056640625;
9442500;-1.0243682861328125;
9451500;-0.0491180419921875;
9460500;-0.506317138671875;
9469500;-0.5660552978515625;
9478500;-0.61220550537109375;
9487500;-0.62940216064453125;
9496500;2.6414794921875;
9505500;0.83016204833984375;
9514500;-0.3741455078125;
9523500;-0.2870635986328125;
9532500;-0.2797393798828125;
9541500;-0.2570037841796875;
9550500;-0.4468231201171875;
9559500;-0.4776763916015625;
9568500;-0.2825927734375;
9577500;-0.4001007080078125;
9586500;2.6894073486328125;
9595500;0.13498687744140625;
9604500;-0.64521026611328125;
9613500;-0.32976531982421875;
9622500;-0.48101806640625;
9631500;-0.6698455810546875;
9640500;-0.7893524169921875;
9649500;0.20400238037109375;
9658500;-0.43631744384765625;
9667500;-0.76598358154296875;
9676500;-0.0572357177734375;
9685500;-0.7620086669921875;
9694500;-0.7686767578125;
9703500;-1.2892913818359375;
9712500;-1.3391799926757813;
9721500;-0.7932586669921875;
9730500;-1.1402587890625;
9739500;-1.5516738891601562;
9748500;-1.5136032104492187;
9757500;-1.7262344360351562;
9766500;-1.4161529541015625;
9775500;-1.041046142578125;
9784500;-1.4735794067382813;
9793500;-1.8193740844726563;
9802500;-2.2129287719726562;
9811500;-1.2607803344726563;
9820500;-1.895172119140625;
9829500;-1.8315582275390625;
9838500;-2.33538818359375;
9847500;-1.7823867797851562;
9856500;-1.3583221435546875;
9865500;-1.4992599487304687;
9874500;-2.1436996459960937;
9883500;-2.0802230834960937;
9892500;-1.1823577880859375;
9901500;-1.7209701538085937;
9910500;-1.938323974609375;
9919500;-2.1565093994140625;
9928500;-1.40582275390625;
9937500;-1.2282180786132813;
9946500;-1.3866119384765625;
9955500;-1.8025054931640625;
9964500;-1.8706207275390625;
9973500;-0.75223541259765625;
9982500;-1.1926116943359375;
9991500;-1.2541122436523437;
10000500;-1.5519332885742188;
10009500;-0.8399505615234375;
10018500;-0.860382080078125;
10027500;-0.76235198974609375;
10036500;-1.3941802978515625;
10045500;-1.2258071899414062;
10054500;-0.27501678466796875;
10063500;-1.0407180786132812;
10072500;-1.4965057373046875;
10081500;-1.5608291625976562;
10090500;-0.88051605224609375;
10099500;-1.6069107055664062;
10108500;-1.2763824462890625;
10117500;-1.796600341796875;
10126500;-1.85986328125;
10135500;-1.6556015014648437;
10144500;-2.1609649658203125;
10153500;-2.2571563720703125;
10162500;-2.6706390380859375;
10171500;-2.3285369873046875;
10180500;-2.4550704956054687;
10189500;-2.64556884765625;
10198500;-2.991424560546875;
10207500;-2.846588134765625;
10216500;-2.889678955078125;
10225500;-2.770111083984375;
10234500;-2.9383392333984375;
10243500;-3.236846923828125;
10252500;-2.9921188354492187;
10261500;-3.2659225463867187;
10270500;-3.3231735229492187;
10279500;-3.0057830810546875;
10288500;-3.154052734375;
10297500;-2.9744338989257813;
10306500;-3.0529327392578125;
10315500;-3.0750579833984375;
10324500;-3.1569671630859375;
10333500;-3.1650772094726562;
10342500;-3.3801422119140625;
10351500;-3.1479949951171875;
10360500;-3.2636642456054687;
10369500;-3.0472335815429687;
10378500;-3.1375808715820312;
10387500;-2.7524795532226562;
10396500;-2.9181060791015625;
10405500;-3.0136871337890625;
10414500;-2.7648849487304687;
10423500;-2.875946044921875;
10432500;-3.020416259765625;
10441500;-2.89520263671875;
10450500;-2.5977020263671875;
10459500;-2.7324066162109375;
10468500;-2.4063720703125;
10477500;-2.3158645629882813;
10486500;-2.3729934692382813;
10495500;-2.4657974243164062;
10504500;-2.62408447265625;
10513500;-2.5273361206054687;
10522500;-2.7301483154296875;
10531500;-2.36944580078125;
10540500;-2.5489349365234375;
10549500;-2.1867828369140625;
10558500;-2.1950149536132813;
10567500;-1.9723663330078125;
10576500;-2.4542922973632813;
10585500;-2.047088623046875;
10594500;-2.055023193359375;
10603500;-2.0384063720703125;
10612500;-1.9701004028320313;
10621500;-1.8324966430664063;
10630500;-1.7073211669921875;
10639500;-1.7327423095703125;
10648500;-1.2568283081054688;
10657500;-0.81610107421875;
10666500;-1.6422042846679687;
10675500;-1.3799896240234375;
10684500;-1.2632293701171875;
10693500;-1.1780853271484375;
10702500;-1.0792617797851562;
10711500;-1.2222824096679687;
10720500;-0.930633544921875;
10729500;-0.76844024658203125;
10738500;-0.2392425537109375;
10747500;-0.204620361328125;
10756500;-0.688140869140625;
10765500;-0.8689727783203125;
10774500;-0.79320526123046875;
10783500;0.02605438232421875;
10792500;-0.25844573974609375;
10801500;-0.20487213134765625;
10810500;-0.04021453857421875;
10819500;0.480926513671875;
10828500;0.55712890625;
10837500;0.32886505126953125;
10846500;0.11487579345703125;
10855500;0.7637176513671875;
10864500;0.05188751220703125;
10873500;0.24051666259765625;
10882500;0.79749298095703125;
10891500;0.51697540283203125;
10900500;0.4906768798828125;
10909500;0.38751220703125;
10918500;2.5303802490234375;
10927500;0.97467041015625;
10936500;0.54721832275390625;
10945500;0.56952667236328125;
10954500;0.8220672607421875;
10963500;0.67092132568359375;
10972500;0.44315338134765625;
10981500;0.73647308349609375;
10990500;0.87353515625;
10999500;0.778350830078125;
11008500;4.4006271362304687;
11017500;1.4227447509765625;
11026500;0.56646728515625;
11035500;0.55631256103515625;
11044500;0.48188018798828125;
11053500;0.73992156982421875;
11062500;0.226409912109375;
11071500;0.2053375244140625;
11080500;0.3934783935546875;
11089500;0.65802764892578125;
11098500;4.6247329711914062;
11107500;0.58050537109375;
11116500;0.4539794921875;
11125500;0.21965789794921875;
11134500;0.09752655029296875;
11143500;0.09622955322265625;
11152500;0.5187835693359375;
11161500;-0.27880859375;
11170500;-0.5695343017578125;
11179500;0.45886993408203125;
11188500;3.2494659423828125;
11197500;-0.4013824462890625;
11206500;-0.63959503173828125;
11215500;0.03873443603515625;
11224500;-0.3970489501953125;
11233500;-0.662933349609375;
11242500;-0.87184906005859375;
11251500;-0.5152587890625;
11260500;-0.905487060546875;
11269500;-0.38733673095703125;
11278500;0.77276611328125;
11287500;-0.65824127197265625;
11296500;-1.0486907958984375;
11305500;-1.2742233276367188;
11314500;-1.1883163452148437;
11323500;-1.38641357421875;
11332500;-1.4639358520507812;
11341500;-1.4216995239257813;
11350500;-1.2926483154296875;
11359500;-1.154754638671875;
11368500;-1.369964599609375;
11377500;-1.578704833984375;
11386500;-1.5443801879882813;
11395500;-1.510498046875;
11404500;-1.6458587646484375;
11413500;-1.7213668823242187;
11422500;-1.7832870483398437;
11431500;-1.9620895385742188;
11440500;-2.1236953735351562;
11449500;-1.5041046142578125;
11458500;-1.6304779052734375;
11467500;-2.0632858276367187;
11476500;-2.3788528442382812;
11485500;-1.9888076782226562;
11494500;-2.099884033203125;
11503500;-2.0814132690429687;
11512500;-2.02557373046875;
11521500;-2.2226791381835937;
11530500;-2.20245361328125;
11539500;-1.2504043579101563;
11548500;-1.6834869384765625;
11557500;-2.1896438598632812;
11566500;-2.325897216796875;
11575500;-2.5890121459960937;
11584500;-2.20538330078125;
11593500;-2.4329681396484375;
11602500;-2.3803787231445312;
11611500;-2.319976806640625;
11620500;-2.15179443359375;
11629500;-0.6890411376953125;
11638500;-2.04498291015625;
11647500;-2.4995269775390625;
11656500;-2.3753204345703125;
11665500;-2.4462432861328125;
11674500;-2.6087570190429687;
11683500;-2.4588394165039062;
11692500;-2.2910919189453125;
11701500;-2.579498291015625;
11710500;-2.541717529296875;
11719500;-0.79691314697265625;
11728500;-2.5984649658203125;
11737500;-2.6747817993164062;
11746500;-2.5949325561523438;
11755500;-2.5361785888671875;
11764500;-2.7906417846679687;
11773500;-2.7196884155273438;
11782500;-2.6377029418945312;
11791500;-2.5661392211914062;
11800500;-2.5168304443359375;
11809500;-1.6585769653320313;
11818500;-2.4546661376953125;
11827500;-2.6316680908203125;
11836500;-2.5637588500976562;
11845500;-2.5949172973632813;
11854500;-2.7415924072265625;
11863500;-2.4744186401367187;
11872500;-2.5822296142578125;
11881500;-2.564453125;
11890500;-2.5824508666992187;
11899500;-2.4310455322265625;
11908500;-2.5782089233398437;
11917500;-1.49700927734375;
11926500;-2.09423828125;
11935500;-2.3851547241210937;
11944500;-2.4919586181640625;
11953500;-2.488739013671875;
11962500;-2.5786590576171875;
11971500;-2.3128433227539062;
11980500;-2.3717498779296875;
11989500;-2.11932373046875;
11998500;2.6396865844726562;
12007500;-1.5179824829101563;
12016500;-2.3987045288085937;
12025500;-2.5584869384765625;
12034500;-2.47943115234375;
12043500;-2.3637542724609375;
12052500;-2.3014144897460937;
12061500;-2.3676986694335937;
12070500;-1.9298553466796875;
12079500;-1.504150390625;
12088500;-2.5352325439453125;
12097500;-2.4884414672851562;
12106500;-2.4733810424804687;
12115500;-2.430938720703125;
12124500;-2.529022216796875;
12133500;-2.573455810546875;
12142500;-2.4313735961914062;
12151500;-2.4227523803710938;
12160500;-0.7797393798828125;
12169500;-1.1400299072265625;
12178500;-2.3115692138671875;
12187500;-2.265289306640625;
12196500;-2.293426513671875;
12205500;-2.4898757934570313;
12214500;-2.613555908203125;
12223500;-2.3885040283203125;
12232500;-2.2533035278320313;
12241500;-2.2998046875;
12250500;-0.41014862060546875;
12259500;-1.353546142578125;
12268500;-2.3958282470703125;
12277500;-2.5165786743164062;
12286500;-2.2365188598632813;
12295500;-2.2791595458984375;
12304500;-2.5445556640625;
12313500;-2.1217041015625;
12322500;-2.1124114990234375;
12331500;-2.19439697265625;
12340500;-1.3045120239257813;
12349500;-1.9219436645507813;
12358500;-2.3690872192382812;
12367500;-2.3276824951171875;
12376500;-2.2337188720703125;
12385500;-2.029083251953125;
12394500;-2.1557998657226562;
12403500;-2.195892333984375;
12412500;-1.87298583984375;
12421500;-2.0290145874023437;
12430500;-2.0357666015625;
12439500;-2.176666259765625;
12448500;-2.0124282836914062;
12457500;-2.0207748413085937;
12466500;-2.158203125;
12475500;-2.4320220947265625;
12484500;-2.1987991333007812;
12493500;-2.0011062622070313;
12502500;-2.0313873291015625;
12511500;-1.7307586669921875;
12520500;-1.6109390258789063;
12529500;-2.1194381713867187;
12538500;-2.0316848754882812;
12547500;-2.2060470581054687;
12556500;-2.0378036499023437;
12565500;-2.0492172241210938;
12574500;-1.8857269287109375;
12583500;-1.9903030395507813;
12592500;-1.8365631103515625;
12601500;-1.52899169921875;
12610500;-0.64189910888671875;
12619500;-1.91656494140625;
12628500;-1.6280136108398437;
12637500;-1.8015899658203125;
12646500;-1.7852935791015625;
12655500;-1.9316177368164062;
12664500;-1.81939697265625;
12673500;-1.8150177001953125;
12682500;-1.678924560546875;
12691500;-0.9674072265625;
12700500;-0.390472412109375;
12709500;-1.8261260986328125;
12718500;-1.6726608276367187;
12727500;-1.9768218994140625;
12736500;-1.829071044921875;
12745500;-1.708282470703125;
12754500;-1.688568115234375;
12763500;-1.7547607421875;
12772500;-1.8255767822265625;
12781500;-1.1151123046875;
12790500;-1.1185150146484375;
12799500;-1.7835235595703125;
12808500;-1.844390869140625;
12817500;-1.936981201171875;
12826500;-1.83685302734375;
12835500;-1.8266067504882812;
12844500;-1.69091796875;
12853500;-1.8527145385742187;
12862500;-1.7965240478515625;
12871500;-1.7010421752929687;
12880500;-1.8696441650390625;
12889500;-2.013092041015625;
12898500;-1.913330078125;
12907500;-1.9125595092773437;
12916500;-2.0289230346679687;
12925500;-1.916046142578125;
12934500;-1.8982086181640625;
12943500;-1.9622573852539062;
12952500;-2.01409912109375;
12961500;-2.0591354370117187;
12970500;-2.023681640625;
12979500;-2.1065902709960938;
12988500;-2.1391067504882812;
12997500;-2.1072311401367187;
13006500;-2.34149169921875;
13015500;-2.1162872314453125;
13024500;-2.2088623046875;
13033500;-2.261016845703125;
13042500;-2.1506118774414062;
13051500;-2.14013671875;
13060500;-2.1180267333984375;
13069500;-2.3736648559570312;
13078500;-2.2463302612304687;
13087500;-2.1923828125;
13096500;-2.1254043579101562;
13105500;-2.3324661254882812;
13114500;-2.333221435546875;
13123500;-1.9951705932617187;
13132500;-2.3635101318359375;
13141500;-2.2601776123046875;
13150500;-2.2118988037109375;
13159500;-2.2669601440429687;
13168500;-2.3353652954101562;
13177500;-2.2712783813476562;
13186500;-2.4289321899414062;
13195500;-2.1414794921875;
13204500;-2.2110671997070313;
13213500;-2.2796630859375;
13222500;-2.0653533935546875;
13231500;-1.992431640625;
13240500;-2.1518936157226562;
13249500;-2.109344482421875;
13258500;-2.120208740234375;
13267500;-2.3020248413085937;
13276500;-2.136474609375;
13285500;-2.2833251953125;
13294500;-2.3264617919921875;
13303500;-2.403778076171875;
13312500;-2.2574920654296875;
13321500;-1.91241455078125;
13330500;-2.2756576538085938;
13339500;-2.309844970703125;
13348500;-2.0331573486328125;
13357500;-2.1512069702148437;
13366500;-2.0479965209960938;
13375500;-2.2425537109375;
13384500;-2.4076614379882812;
13393500;-2.1730194091796875;
13402500;-2.2503890991210937;
13411500;-2.1008377075195312;
13420500;-2.1552276611328125;
13429500;-2.1720962524414062;
13438500;-2.2886199951171875;
13447500;-2.3910293579101562;
13456500;-2.06689453125;
13465500;-1.84149169921875;
13474500;-1.9809951782226563;
13483500;-1.712432861328125;
13492500;-1.9339599609375;
13501500;-1.8380889892578125;
13510500;-1.8855438232421875;
13519500;-1.9021987915039063;
13528500;-1.611572265625;
13537500;-2.0282821655273437;
13546500;-1.7405471801757812;
13555500;-1.7863540649414062;
13564500;-1.74102783203125;
13573500;-1.7858428955078125;
13582500;-1.7761306762695312;
13591500;-1.7863311767578125;
13600500;-1.84857177734375;
13609500;-1.9293441772460937;
13618500;-1.67535400390625;
13627500;-1.5382766723632813;
13636500;-1.4587249755859375;
13645500;-1.6447372436523437;
13654500;-1.76611328125;
13663500;-1.6368865966796875;
13672500;-1.6109542846679687;
13681500;-1.588958740234375;
13690500;-1.5802764892578125;
13699500;-1.6233673095703125;
13708500;-1.4725494384765625;
13717500;-1.31939697265625;
13726500;-1.3249969482421875;
13735500;-1.2721023559570312;
13744500;-1.074615478515625;
13753500;-1.1542129516601563;
13762500;-1.2320632934570312;
13771500;-1.3092117309570312;
13780500;-1.443267822265625;
13789500;-1.611846923828125;
13798500;-1.5051116943359375;
13807500;-1.296112060546875;
13816500;-1.1162490844726562;
13825500;-1.2662429809570313;
13834500;-1.3219451904296875;
13843500;-1.2396316528320312;
13852500;-1.1746902465820312;
13861500;-1.383697509765625;
13870500;-1.2287139892578125;
13879500;-1.0856552124023437;
13888500;-1.214996337890625;
13897500;-1.1939010620117187;
13906500;-1.1141281127929687;
13915500;-1.0662994384765625;
13924500;-1.3373641967773437;
13933500;-1.1046295166015625;
13942500;-1.1430511474609375;
13951500;-1.0869216918945313;
13960500;-1.2318954467773437;
13969500;-1.2270126342773437;
13978500;-1.2421417236328125;
13987500;-1.3066864013671875;
13996500;-1.2926864624023438;
14005500;-1.3544769287109375;
14014500;-1.2429885864257812;
14023500;-1.2206649780273437;
14032500;-1.1201324462890625;
14041500;-1.1826705932617187;
14050500;-0.92208099365234375;
14059500;-1.1026763916015625;
14068500;-1.2258148193359375;
14077500;-1.1871261596679687;
14086500;-1.102569580078125;
14095500;-1.18853759765625;
14104500;-1.0588455200195313;
14113500;-1.1187591552734375;
14122500;-1.0228271484375;
14131500;-0.98577880859375;
14140500;-1.1229705810546875;
14149500;-1.2002105712890625;
14158500;-1.2954940795898437;
14167500;-1.229156494140625;
14176500;-1.1249237060546875;
14185500;-1.1196823120117187;
14194500;-1.01873779296875;
14203500;-1.3758773803710937;
14212500;-0.95977020263671875;
14221500;-0.9950103759765625;
14230500;-1.1830368041992187;
14239500;-1.2173690795898437;
14248500;-1.204620361328125;
14257500;-1.1766357421875;
14266500;-1.0977859497070312;
14275500;-1.1589736938476562;
14284500;-1.339874267578125;
14293500;-1.2854461669921875;
14302500;-1.31884765625;
14311500;-1.2293548583984375;
14320500;-1.3594131469726562;
14329500;-1.4016799926757812;
14338500;-1.42041015625;
14347500;-1.4338455200195312;
14356500;-1.4290618896484375;
14365500;-1.2124099731445312;
14374500;-1.23309326171875;
14383500;-1.17071533203125;
14392500;-1.207611083984375;
14401500;-1.079986572265625;
14410500;-1.3143463134765625;
14419500;-1.2120819091796875;
14428500;-1.5109405517578125;
14437500;-1.4009552001953125;
14446500;-1.5479278564453125;
14455500;-1.4220657348632813;
14464500;-1.2330551147460937;
14473500;-1.1652679443359375;
14482500;-0.963348388671875;
14491500;-1.3772735595703125;
14500500;-1.2034072875976562;
14509500;-1.4027557373046875;
14518500;-1.350494384765625;
14527500;-1.3145523071289062;
14536500;-1.4881362915039063;
14545500;-1.1890487670898437;
14554500;-1.3306503295898437;
14563500;-1.403045654296875;
14572500;-1.5774993896484375;
14581500;-1.4952545166015625;
14590500;-1.3500442504882813;
14599500;-1.4794769287109375;
14608500;-1.49456787109375;
14617500;-1.23162841796875;
14626500;-1.2574234008789063;
14635500;-1.541473388671875;
14644500;-1.3206787109375;
14653500;-1.4465713500976563;
14662500;-1.3329544067382813;
14671500;-1.347625732421875;
14680500;-1.2580184936523437;
14689500;-1.60760498046875;
14698500;-1.65191650390625;
14707500;-1.5062179565429687;
14716500;-1.3751068115234375;
14725500;-1.2651519775390625;
14734500;-1.5342941284179687;
14743500;-1.5238189697265625;
14752500;-1.399749755859375;
14761500;-1.2303695678710937;
14770500;-1.6662063598632813;
14779500;-1.7448043823242188;
14788500;-1.7279739379882813;
14797500;-1.5466537475585937;
14806500;-1.635284423828125;
14815500;-1.4189224243164062;
14824500;-1.2802276611328125;
14833500;-1.1220474243164062;
14842500;-1.3685226440429688;
14851500;-1.7898406982421875;
14860500;-1.3441162109375;
14869500;-1.2971267700195312;
14878500;-1.07904052734375;
14887500;-1.3794403076171875;
14896500;-1.3395004272460937;
14905500;-1.0997314453125;
14914500;-1.1770706176757812;
14923500;-1.4030609130859375;
14932500;-1.7371444702148437;
14941500;-1.504791259765625;
14950500;-1.2445602416992187;
14959500;-1.3171310424804687;
14968500;-1.2772216796875;
14977500;-1.4509124755859375;
14986500;-1.3047027587890625;
14995500;-1.4268875122070313;
15004500;-0.91736602783203125;
15013500;-1.2733840942382813;
15022500;-1.4287338256835937;
15031500;-1.3491897583007812;
15040500;-1.3294754028320312;
15049500;-1.4792938232421875;
15058500;-1.2978591918945313;
15067500;-1.4926834106445313;
15076500;-1.4302978515625;
15085500;-1.4519577026367187;
15094500;-1.1672744750976563;
15103500;-1.409423828125;
15112500;-1.360809326171875;
15121500;-1.4896697998046875;
15130500;-1.5630950927734375;
15139500;-1.7231292724609375;
15148500;-1.4617080688476563;
15157500;-1.4822540283203125;
15166500;-1.5377349853515625;
15175500;-1.0864334106445312;
15184500;-1.2432785034179687;
15193500;-1.4501800537109375;
15202500;-1.3048553466796875;
15211500;-1.2610321044921875;
15220500;-1.3215713500976562;
15229500;-1.4169692993164063;
15238500;-1.2220993041992187;
15247500;-1.3996200561523437;
15256500;-1.4591598510742188;
15265500;-1.1433868408203125;
15274500;-1.1196136474609375;
15283500;-1.2630462646484375;
15292500;-1.0987930297851562;
15301500;-1.363372802734375;
15310500;-1.4525909423828125;
15319500;-1.2470169067382812;
15328500;-1.2595138549804687;
15337500;-1.351715087890625;
15346500;-1.1404266357421875;
15355500;-0.94263458251953125;
15364500;-0.7049713134765625;
15373500;-1.3123626708984375;
15382500;-1.0875701904296875;
15391500;-1.4090499877929687;
15400500;-1.2925262451171875;
15409500;-1.20751953125;
15418500;-1.4458541870117187;
15427500;-1.39044189453125;
15436500;-1.2850112915039063;
15445500;-0.72174072265625;
15454500;-0.66054534912109375;
15463500;-1.1647720336914062;
15472500;-1.2160873413085937;
15481500;-1.4357528686523437;
15490500;-1.3910369873046875;
15499500;-1.361541748046875;
15508500;-1.194366455078125;
15517500;-1.3328933715820313;
15526500;-1.3229751586914063;
15535500;-0.92436981201171875;
15544500;-0.90216064453125;
15553500;-1.26202392578125;
15562500;-1.4894256591796875;
15571500;-1.2144241333007813;
15580500;-1.3246612548828125;
15589500;-1.3255462646484375;
15598500;-1.2702255249023437;
15607500;-1.59405517578125;
15616500;-1.315216064453125;
15625500;-0.9909210205078125;
15634500;-1.23748779296875;
15643500;-1.4440383911132813;
15652500;-1.228607177734375;
15661500;-1.4293441772460937;
15670500;-1.4277496337890625;
15679500;-1.25543212890625;
15688500;-1.5287933349609375;
15697500;-1.59942626953125;
15706500;-1.5037384033203125;
15715500;-1.580810546875;
15724500;-1.4505081176757812;
15733500;-1.340362548828125;
15742500;-1.3563156127929688;
15751500;-1.3779830932617188;
15760500;-1.5989532470703125;
15769500;-1.5156173706054688;
15778500;-1.4866867065429687;
15787500;-1.4954910278320312;
15796500;-1.3246994018554687;
15805500;-1.4204330444335937;
15814500;-1.4261474609375;
15823500;-1.3894119262695313;
15832500;-1.474609375;
15841500;-1.2294235229492187;
15850500;-1.3743209838867188;
15859500;-1.3283233642578125;
15868500;-1.352081298828125;
15877500;-1.59716796875;
15886500;-1.4610443115234375;
15895500;-1.3441009521484375;
15904500;-1.5582962036132813;
15913500;-1.3777542114257813;
15922500;-1.3628692626953125;
15931500;-1.4759445190429688;
15940500;-1.7152023315429688;
15949500;-1.5554962158203125;
15958500;-1.5074462890625;
15967500;-1.59625244140625;
15976500;-1.4899520874023437;
15985500;-1.1444244384765625;
15994500;-1.6113662719726563;
16003500;-1.4893341064453125;
16012500;-1.311248779296875;
16021500;-1.6979141235351563;
16030500;-1.6652603149414063;
16039500;-1.4326095581054688;
16048500;-1.3457794189453125;
16057500;-1.6553726196289063;
16066500;-1.444580078125;
16075500;-1.090301513671875;
16084500;-1.38592529296875;
16093500;-1.372406005859375;
16102500;-1.4658203125;
16111500;-1.4462356567382812;
16120500;-1.4907760620117187;
16129500;-1.5842971801757812;
16138500;-1.2958908081054688;
16147500;-1.3230514526367188;
16156500;-1.1252899169921875;
16165500;-1.3505477905273437;
16174500;-1.5708465576171875;
16183500;-1.4121551513671875;
16192500;-1.5520401000976563;
16201500;-1.3726348876953125;
16210500;-1.3606414794921875;
16219500;-1.3091049194335937;
16228500;-1.4515151977539063;
16237500;-1.538360595703125;
16246500;-1.385833740234375;
16255500;-1.3995590209960937;
16264500;-1.4832382202148437;
16273500;-1.5277328491210937;
16282500;-1.2829818725585937;
16291500;-1.4248046875;
16300500;-1.4453125;
16309500;-1.092437744140625;
16318500;-1.2932052612304687;
16327500;-1.4810791015625;
16336500;-1.4468536376953125;
16345500;-1.39056396484375;
16354500;-1.47479248046875;
16363500;-1.625701904296875;
16372500;-1.3590011596679687;
16381500;-1.3519821166992187;
16390500;-1.3909759521484375;
16399500;-1.3780975341796875;
16408500;-1.450531005859375;
16417500;-1.3670806884765625;
16426500;-1.4972152709960937;
16435500;-1.5144271850585937;
16444500;-1.5471343994140625;
16453500;-1.661468505859375;
16462500;-1.6527786254882813;
16471500;-1.6628189086914063;
16480500;-1.3626708984375;
16489500;-1.50726318359375;
16498500;-1.5856781005859375;
16507500;-1.2715682983398437;
16516500;-1.2004470825195313;
16525500;-1.6875991821289062;
16534500;-1.5803756713867187;
16543500;-1.6222381591796875;
16552500;-1.55889892578125;
16561500;-1.5170516967773437;
16570500;-1.2912673950195313;
16579500;-1.4718017578125;
16588500;-1.5333404541015625;
16597500;-1.5860595703125;
16606500;-1.4353485107421875;
16615500;-1.3869400024414063;
16624500;-1.35064697265625;
16633500;-1.6024703979492187;
16642500;-1.7287445068359375;
16651500;-1.5636825561523438;
16660500;-1.274627685546875;
16669500;-1.5926284790039063;
16678500;-1.527130126953125;
16687500;-1.6600112915039062;
16696500;-1.6728973388671875;
16705500;-1.6309432983398437;
16714500;-1.5089492797851562;
16723500;-1.6222076416015625;
16732500;-1.6614761352539063;
16741500;-1.6428604125976563;
16750500;-1.8686599731445313;
16759500;-1.724212646484375;
16768500;-1.6095046997070312;
16777500;-1.5934066772460937;
16786500;-1.4801254272460937;
16795500;-1.6491317749023438;
16804500;-1.5551528930664062;
16813500;-1.595947265625;
16822500;-1.5675506591796875;
16831500;-1.8527069091796875;
16840500;-1.5571975708007813;
16849500;-1.478607177734375;
16858500;-1.501434326171875;
16867500;-1.4935760498046875;
16876500;-1.5946197509765625;
16885500;-1.77752685546875;
16894500;-1.7513656616210938;
16903500;-1.6597671508789063;
16912500;-1.5134735107421875;
16921500;-1.6611175537109375;
16930500;-1.5054473876953125;
16939500;-1.4218597412109375;
16948500;-1.5904998779296875;
16957500;-1.6515655517578125;
16966500;-1.419769287109375;
16975500;-1.602386474609375;
16984500;-1.406219482421875;
16993500;-1.5098800659179687;
17002500;-1.7078170776367187;
17011500;-1.72918701171875;
17020500;-1.8266448974609375;
17029500;-1.6723480224609375;
17038500;-1.6939315795898437;
17047500;-1.7299118041992187;
17056500;-1.7813873291015625;
17065500;-1.7498703002929687;
17074500;-1.5319366455078125;
17083500;-1.6397857666015625;
17092500;-1.769195556640625;
17101500;-1.6644973754882813;
17110500;-1.6243896484375;
17119500;-1.7529144287109375;
17128500;-1.7433319091796875;
17137500;-1.5287017822265625;
17146500;-1.5966415405273438;
17155500;-1.842132568359375;
17164500;-1.6537857055664063;
17173500;-1.5670013427734375;
17182500;-1.6654815673828125;
17191500;-1.7957000732421875;
17200500;-1.7180404663085937;
17209500;-1.75347900390625;
17218500;-1.92779541015625;
17227500;-1.9598159790039062;
17236500;-1.73394775390625;
17245500;-1.5944290161132813;
17254500;-1.6945037841796875;
17263500;-1.7132339477539062;
17272500;-1.81719970703125;
17281500;-1.706817626953125;
17290500;-1.714324951171875;
17299500;-1.7428359985351562;
17308500;-1.6048507690429687;
17317500;-1.8300933837890625;
17326500;-1.7142410278320313;
17335500;-1.7922744750976562;
17344500;-1.8087539672851562;
17353500;-1.6938095092773437;
17362500;-1.8950042724609375;
17371500;-2.1988525390625;
17380500;-1.8925247192382812;
17389500;-1.91668701171875;
17398500;-1.8578414916992187;
17407500;-1.764190673828125;
17416500;-1.859466552734375;
17425500;-2.036529541015625;
17434500;-1.9005889892578125;
17443500;-1.7928466796875;
17452500;-1.8008499145507812;
17461500;-1.79925537109375;
17470500;-2.0569000244140625;
17479500;-2.0610580444335937;
17488500;-1.933380126953125;
17497500;-1.9732666015625;
17506500;-2.0514984130859375;
17515500;-2.0186080932617187;
17524500;-2.0850677490234375;
17533500;-2.0206451416015625;
17542500;-2.0704193115234375;
17551500;-2.0533065795898437;
17560500;-1.8968963623046875;
17569500;-1.952362060546875;
17578500;-1.79925537109375;
17587500;-1.883453369140625;
17596500;-1.9555892944335937;
17605500;-1.853485107421875;
17614500;-1.800537109375;
17623500;-1.9621200561523437;
17632500;-2.0084381103515625;
17641500;-1.7848663330078125;
17650500;-1.7934112548828125;
17659500;-1.9988479614257813;
17668500;-1.9347457885742187;
17677500;-1.9348678588867187;
17686500;-1.8121795654296875;
17695500;-2.1634979248046875;
17704500;-2.1400299072265625;
17713500;-1.9777069091796875;
17722500;-2.070404052734375;
17731500;-2.06170654296875;
17740500;-2.062042236328125;
17749500;-2.1844329833984375;
17758500;-2.0033798217773437;
17767500;-1.9691925048828125;
17776500;-1.949493408203125;
17785500;-2.0096511840820313;
17794500;-2.0895919799804687;
17803500;-2.1423263549804687;
17812500;-2.06512451171875;
17821500;-1.7995758056640625;
17830500;-2.1467666625976562;
17839500;-2.1610794067382812;
17848500;-2.0137176513671875;
17857500;-2.0349655151367187;
17866500;-2.0248031616210938;
17875500;-1.8082199096679687;
17884500;-1.3597793579101563;
17893500;-1.9919815063476563;
17902500;-2.1079559326171875;
17911500;-2.1347732543945313;
17920500;-1.959564208984375;
17929500;-1.85272216796875;
17938500;-1.8831329345703125;
17947500;-2.1671371459960937;
17956500;-2.0086669921875;
17965500;-2.1256332397460937;
17974500;-2.0155868530273437;
17983500;-2.23779296875;
17992500;-2.4663467407226562;
18001500;-1.7404708862304687;
18010500;-2.1151504516601562;
18019500;-2.0731430053710937;
18028500;-1.797271728515625;
18037500;-2.2189407348632812;
18046500;-1.9631195068359375;
18055500;-1.9735794067382812;
18064500;-2.1504135131835937;
18073500;-2.0458602905273438;
18082500;-2.1082534790039062;
18091500;-2.1149826049804687;
18100500;-2.2345809936523437;
18109500;-2.0435409545898437;
18118500;-1.7944183349609375;
18127500;-2.0915145874023437;
18136500;-2.200225830078125;
18145500;-2.0122756958007813;
18154500;-2.205810546875;
18163500;-2.1113662719726562;
18172500;-2.1724700927734375;
18181500;-2.2214584350585937;
18190500;-2.1309661865234375;
18199500;-1.9843063354492187;
18208500;-1.9332733154296875;
18217500;-2.16259765625;
18226500;-2.1607589721679687;
18235500;-2.2872772216796875;
18244500;-2.1746902465820312;
18253500;-2.3106689453125;
18262500;-2.2097396850585938;
18271500;-2.47552490234375;
18280500;-2.2282257080078125;
18289500;-1.8448562622070313;
18298500;-2.0490493774414062;
18307500;-1.973388671875;
18316500;-2.098358154296875;
18325500;-2.2983474731445313;
18334500;-2.4243850708007813;
18343500;-2.4584121704101562;
18352500;-2.250152587890625;
18361500;-2.1728973388671875;
18370500;-2.1657562255859375;
18379500;-2.0693359375;
18388500;-2.1933212280273437;
18397500;-2.1347427368164062;
18406500;-2.2084503173828125;
18415500;-2.3301162719726562;
18424500;-2.2999420166015625;
18433500;-2.19451904296875;
18442500;-2.2858352661132813;
18451500;-2.1202316284179687;
18460500;-1.687164306640625;
18469500;6.60888671875;
18478500;0.6322479248046875;
18487500;-2.4352188110351562;
18496500;-2.2091064453125;
18505500;-2.1909561157226562;
18514500;-2.3181915283203125;
18523500;-2.0826873779296875;
18532500;-2.2023849487304687;
18541500;-2.3301773071289062;
18550500;-2.33502197265625;
18559500;-2.0399856567382813;
18568500;-2.4526824951171875;
18577500;-2.2544403076171875;
18586500;-2.1752471923828125;
18595500;-2.376312255859375;
18604500;-2.1484909057617187;
18613500;-2.34002685546875;
18622500;-2.1985855102539062;
18631500;-2.2752761840820313;
18640500;-2.263671875;
18649500;-2.0316619873046875;
18658500;-2.30047607421875;
18667500;-2.389617919921875;
18676500;-2.463287353515625;
18685500;-2.324554443359375;
18694500;-2.3827362060546875;
18703500;-2.3531951904296875;
18712500;-2.3115463256835937;
18721500;-2.4106216430664062;
18730500;-2.4557266235351562;
18739500;-2.212005615234375;
18748500;-2.527313232421875;
18757500;-2.479583740234375;
18766500;-2.4239578247070313;
18775500;-2.3323287963867187;
18784500;-2.4590225219726562;
18793500;-2.4150238037109375;
18802500;-2.3991165161132812;
18811500;-2.48046875;
18820500;-2.5560073852539062;
18829500;-2.4685516357421875;
18838500;-2.397308349609375;
18847500;-2.4877853393554687;
18856500;-2.427703857421875;
18865500;-2.4158935546875;
18874500;-2.5411148071289062;
18883500;-2.358978271484375;
18892500;-2.4769668579101562;
18901500;-2.3267745971679687;
18910500;-2.2854843139648437;
18919500;-2.526702880859375;
18928500;-2.5469284057617187;
18937500;-2.513519287109375;
18946500;-2.5428924560546875;
18955500;-2.3411483764648437;
18964500;-2.5649871826171875;
18973500;-2.5600738525390625;
18982500;-2.6722488403320312;
18991500;-2.7396926879882812;
19000500;-2.5015335083007813;
19009500;-2.5647048950195313;
19018500;-2.5347824096679687;
19027500;-2.5309600830078125;
19036500;-2.5137252807617187;
19045500;-2.67523193359375;
19054500;-2.8451995849609375;
19063500;-2.5002975463867187;
19072500;-2.5438232421875;
19081500;-2.4942626953125;
19090500;-2.4027175903320313;
19099500;-2.6656036376953125;
19108500;-2.6089248657226562;
19117500;-2.6807098388671875;
19126500;-2.6982955932617187;
19135500;-2.6750106811523437;
19144500;-2.6854095458984375;
19153500;-2.7027359008789062;
19162500;-2.4764175415039062;
19171500;-2.5840225219726562;
19180500;-2.6236495971679687;
19189500;-2.7340621948242187;
19198500;-2.619110107421875;
19207500;-2.6521148681640625;
19216500;-2.6521530151367187;
19225500;-2.718505859375;
19234500;-2.7257003784179687;
19243500;-2.4850006103515625;
19252500;-2.5044403076171875;
19261500;-2.6054534912109375;
19270500;-2.588470458984375;
19279500;-2.7230987548828125;
19288500;-2.8070526123046875;
19297500;-2.7589874267578125;
19306500;-2.66973876953125;
19315500;-2.8002471923828125;
19324500;-3.102142333984375;
19333500;-2.9434051513671875;
19342500;-2.8759231567382813;
19351500;-2.7767791748046875;
19360500;-2.7235794067382813;
19369500;-2.759063720703125;
19378500;-2.8172531127929687;
19387500;-3.009368896484375;
19396500;-3.0080490112304687;
19405500;-2.94085693359375;
19414500;-2.7583084106445312;
19423500;-2.7644805908203125;
19432500;-2.7651596069335938;
19441500;-2.8305435180664063;
19450500;-2.959503173828125;
19459500;-2.7527923583984375;
19468500;-2.84271240234375;
19477500;-2.8437423706054687;
19486500;-3.0127944946289062;
19495500;-2.8635406494140625;
19504500;-2.5974807739257812;
19513500;-2.8172988891601562;
19522500;-2.68426513671875;
19531500;-2.6778564453125;
19540500;-2.7437210083007813;
19549500;-2.9316635131835937;
19558500;-2.9250946044921875;
19567500;-2.5710525512695313;
19576500;-2.8678436279296875;
19585500;-2.8451766967773438;
19594500;-2.6932601928710937;
19603500;-2.7042312622070312;
19612500;-2.7093429565429687;
19621500;-2.688995361328125;
19630500;-2.615997314453125;
19639500;-2.7286376953125;
19648500;-2.8444595336914062;
19657500;-2.9457015991210937;
19666500;-2.7332229614257812;
19675500;-2.8394622802734375;
19684500;-2.9918594360351562;
19693500;-2.8859405517578125;
19702500;-2.943878173828125;
19711500;-2.580657958984375;
19720500;-2.7009429931640625;
19729500;-2.7500686645507812;
19738500;-2.8277587890625;
19747500;-2.6739120483398438;
19756500;-2.7291259765625;
19765500;-2.9542007446289062;
19774500;-2.667327880859375;
19783500;-2.6795425415039062;
19792500;-2.69439697265625;
19801500;-2.455963134765625;
19810500;-2.8650741577148437;
19819500;-2.7748031616210937;
19828500;-2.69317626953125;
19837500;-2.7715072631835937;
19846500;-2.6769561767578125;
19855500;-2.9846725463867187;
19864500;-2.7295303344726563;
19873500;-2.8728790283203125;
19882500;-3.1203842163085938;
19891500;-2.9254074096679687;
19900500;-2.8719406127929687;
19909500;-3.0059585571289062;
19918500;-2.935302734375;
19927500;-2.8017578125;
19936500;-2.87481689453125;
19945500;-2.9106903076171875;
19954500;-2.8490676879882813;
19963500;-2.96868896484375;
19972500;-3.0039749145507812;
19981500;-2.9347457885742187;
19990500;-2.867889404296875;
19999500;-2.7332000732421875;
20008500;-2.7135009765625;
20017500;-2.7485275268554687;
20026500;-2.7830886840820313;
20035500;-2.73565673828125;
20044500;-2.7910614013671875;
20053500;-2.9129867553710937;
20062500;-2.97686767578125;
20071500;-2.9788970947265625;
20080500;-2.7934646606445313;
20089500;-2.7106552124023437;
20098500;-2.7598876953125;
20107500;-2.9712371826171875;
20116500;-2.7620620727539062;
20125500;-2.6114959716796875;
20134500;-2.7261734008789063;
20143500;-2.6340408325195312;
20152500;-2.641021728515625;
20161500;-2.5780105590820313;
20170500;-2.8211288452148437;
20179500;-2.7548294067382813;
20188500;-2.6985015869140625;
20197500;-2.8834152221679687;
20206500;-2.891876220703125;
20215500;-2.70465087890625;
20224500;-2.7485580444335937;
20233500;-2.6186676025390625;
20242500;-2.7483596801757813;
20251500;-2.5375900268554687;
20260500;-2.8675613403320312;
20269500;-2.7092056274414062;
20278500;-2.5598526000976563;
20287500;-2.8641815185546875;
20296500;-2.8819732666015625;
20305500;-2.9098968505859375;
20314500;-2.7643814086914062;
20323500;-2.7610015869140625;
20332500;-2.7314300537109375;
20341500;-2.754364013671875;
20350500;-2.8349761962890625;
20359500;-2.8681411743164062;
20368500;-2.69598388671875;
20377500;-2.7464218139648437;
20386500;-2.8552932739257812;
20395500;-3.0200042724609375;
20404500;-3.0175933837890625;
20413500;-2.9002227783203125;
20422500;-2.7561187744140625;
20431500;-2.90484619140625;
20440500;-2.7601318359375;
20449500;-2.672027587890625;
20458500;-2.70458984375;
20467500;-2.6622695922851562;
20476500;-2.6381149291992187;
20485500;-2.8301239013671875;
20494500;-2.6821670532226562;
20503500;-3.022125244140625;
20512500;-2.6793746948242187;
20521500;-2.861297607421875;
20530500;-2.7760086059570312;
20539500;-2.9471664428710937;
20548500;-2.9043121337890625;
20557500;-3.0629196166992187;
20566500;-2.9317626953125;
20575500;-2.8187026977539062;
20584500;-2.9442520141601562;
20593500;-2.88897705078125;
20602500;-2.7084808349609375;
20611500;-2.693206787109375;
20620500;-2.764434814453125;
20629500;-2.9641952514648438;
20638500;-2.9352798461914062;
20647500;-2.9213790893554687;
20656500;-3.0114364624023438;
20665500;-2.8296585083007812;
20674500;-2.8000106811523438;
20683500;-2.9158706665039062;
20692500;-2.9093246459960937;
20701500;-2.7824859619140625;
20710500;-2.8356552124023438;
20719500;-2.9496612548828125;
20728500;-2.941162109375;
20737500;-2.7833480834960937;
20746500;-2.777374267578125;
20755500;-2.8565521240234375;
20764500;-2.85528564453125;
20773500;-2.7679519653320313;
20782500;-2.8099899291992187;
20791500;-2.7271575927734375;
20800500;-2.9835662841796875;
20809500;-2.8753585815429687;
20818500;-2.9276123046875;
20827500;-2.815185546875;
20836500;-3.0660629272460938;
20845500;-3.007843017578125;
20854500;-3.151214599609375;
20863500;-2.8576431274414062;
20872500;-2.9808349609375;
20881500;-2.920074462890625;
20890500;-3.0359649658203125;
20899500;-3.053314208984375;
20908500;-3.0234603881835937;
20917500;-3.0908126831054687;
20926500;-2.941070556640625;
20935500;-2.791534423828125;
20944500;-2.8786392211914062;
20953500;-2.8264999389648438;
20962500;-2.938934326171875;
20971500;-3.0409011840820312;
20980500;-2.8493881225585938;
20989500;-3.0131378173828125;
20998500;-3.0326766967773437;
21007500;-2.972564697265625;
21016500;-3.0736770629882813;
21025500;-2.778564453125;
21034500;-2.867706298828125;
21043500;-2.7816848754882813;
21052500;-2.9783248901367187;
21061500;-3.1530914306640625;
21070500;-2.964569091796875;
21079500;-3.2028274536132813;
21088500;-3.1049957275390625;
21097500;-3.0823745727539062;
21106500;-2.9432220458984375;
21115500;-3.0464630126953125;
21124500;-3.1137161254882813;
21133500;-3.1754837036132812;
21142500;-2.9067764282226562;
21151500;-3.1440353393554687;
21160500;-2.88372802734375;
21169500;-3.24755859375;
21178500;-3.1358566284179687;
21187500;-3.1375045776367187;
21196500;-2.9289474487304687;
21205500;-2.965362548828125;
21214500;-3.4060516357421875;
21223500;-3.1232757568359375;
21232500;-3.0205917358398438;
21241500;-3.2520065307617187;
21250500;-3.08599853515625;
21259500;-2.83740234375;
21268500;-3.1421585083007812;
21277500;-3.1120376586914062;
21286500;-3.0397109985351562;
21295500;-3.001922607421875;
21304500;-3.174224853515625;
21313500;-2.8823471069335938;
21322500;-3.0803451538085937;
21331500;-2.9965744018554687;
21340500;-3.102203369140625;
21349500;-3.1054611206054687;
21358500;-3.15814208984375;
21367500;-3.072357177734375;
21376500;-3.0143890380859375;
21385500;-3.0543899536132813;
21394500;-2.9097824096679687;
21403500;-2.9249801635742187;
21412500;-2.9201431274414062;
21421500;-3.1237869262695313;
21430500;-2.9670562744140625;
21439500;-3.1156845092773437;
21448500;-3.0148391723632813;
21457500;-2.968231201171875;
21466500;-3.12310791015625;
21475500;-2.9752197265625;
21484500;-3.0459823608398438;
21493500;-2.988616943359375;
21502500;-2.901214599609375;
21511500;-2.8852081298828125;
21520500;-3.2340469360351562;
21529500;-3.0517807006835938;
21538500;-3.003936767578125;
21547500;-3.0913467407226562;
21556500;-3.0366592407226562;
21565500;-2.8262252807617187;
21574500;-2.9017868041992187;
21583500;-2.95263671875;
21592500;-3.0231781005859375;
21601500;-2.95245361328125;
21610500;-2.73797607421875;
21619500;-2.883392333984375;
21628500;-2.9617996215820312;
21637500;-2.8306808471679687;
21646500;-2.8945999145507813;
21655500;-3.0305709838867187;
21664500;-2.8655776977539062;
21673500;-2.7990570068359375;
21682500;-3.0357894897460937;
21691500;-2.97271728515625;
21700500;-3.106109619140625;
21709500;-2.8963775634765625;
21718500;-2.8485183715820313;
21727500;-2.800079345703125;
21736500;-2.9852752685546875;
21745500;-3.0286026000976563;
21754500;-2.8739547729492187;
21763500;-2.8896865844726562;
21772500;-2.9964065551757813;
21781500;-2.96539306640625;
21790500;-3.4007339477539062;
21799500;-3.0758514404296875;
21808500;-3.2538070678710938;
21817500;-2.9718246459960938;
21826500;-2.9239959716796875;
21835500;-3.0095901489257813;
21844500;-2.9742507934570313;
21853500;-2.9359207153320312;
21862500;-2.887664794921875;
21871500;-3.024017333984375;
21880500;-2.8743362426757813;
21889500;-2.9430007934570313;
21898500;-2.956146240234375;
21907500;-3.0435867309570312;
21916500;-3.08538818359375;
21925500;-3.0905380249023438;
21934500;-3.14569091796875;
21943500;-3.063873291015625;
21952500;-3.06951904296875;
21961500;-3.070037841796875;
21970500;-3.103302001953125;
21979500;-2.8944854736328125;
21988500;-2.9216537475585937;
21997500;-2.9807205200195312;
22006500;-2.799041748046875;
22015500;-2.8181304931640625;
22024500;-2.854705810546875;
22033500;-3.0831985473632813;
22042500;-2.980560302734375;
22051500;-3.096343994140625;
22060500;-3.3226699829101562;
22069500;-3.2336807250976563;
22078500;-3.0619049072265625;
22087500;-2.9568634033203125;
22096500;-3.054718017578125;
22105500;-2.9201202392578125;
22114500;-2.9735336303710937;
22123500;-2.8985595703125;
22132500;-2.967041015625;
22141500;-3.0322341918945313;
22150500;-2.9528961181640625;
22159500;-2.8939743041992187;
22168500;-2.8561630249023438;
22177500;-2.9302978515625;
22186500;-3.0136642456054687;
22195500;-2.9287109375;
22204500;-3.0781097412109375;
22213500;-3.0473175048828125;
22222500;-2.9750137329101562;
22231500;-2.826812744140625;
22240500;-3.0656890869140625;
22249500;-2.9952545166015625;
22258500;-3.0638961791992187;
22267500;-3.0592880249023437;
22276500;-2.73895263671875;
22285500;-2.868438720703125;
22294500;-2.7630615234375;
22303500;-3.0583419799804687;
22312500;-2.9733734130859375;
22321500;-2.9329376220703125;
22330500;-2.8935546875;
22339500;-3.1102447509765625;
22348500;-3.0324859619140625;
22357500;-2.9047012329101563;
22366500;-2.9283523559570313;
22375500;-2.9520797729492187;
22384500;-2.7375946044921875;
22393500;-3.03753662109375;
22402500;-3.036865234375;
22411500;-2.8677139282226562;
22420500;-3.0177764892578125;
22429500;-3.1687393188476562;
22438500;-2.8544387817382812;
22447500;-2.99493408203125;
22456500;-3.1256484985351563;
22465500;-3.1980743408203125;
22474500;-3.0193328857421875;
22483500;-2.7953109741210937;
22492500;-2.9345779418945313;
22501500;-2.9010086059570313;
22510500;-3.1657180786132812;
22519500;-2.9589385986328125;
22528500;-2.9348373413085938;
22537500;-2.8577880859375;
22546500;-3.0507583618164062;
22555500;-3.0039215087890625;
22564500;-3.06622314453125;
22573500;-2.9487762451171875;
22582500;-2.9101333618164062;
22591500;-3.1376953125;
22600500;-3.0978851318359375;
22609500;-2.7546539306640625;
22618500;-2.8811721801757813;
22627500;-2.8023452758789062;
22636500;-2.7187728881835938;
22645500;-2.9498825073242187;
22654500;-2.8919448852539062;
22663500;-2.9895477294921875;
22672500;-2.8614654541015625;
22681500;-2.9898529052734375;
22690500;-2.9521255493164062;
22699500;-2.8389129638671875;
22708500;-2.8199615478515625;
22717500;-2.9908981323242187;
22726500;-3.0530548095703125;
22735500;-3.0264434814453125;
22744500;-3.1038970947265625;
22753500;-3.095245361328125;
22762500;-3.0776596069335938;
22771500;-2.9750747680664062;
22780500;-2.8028945922851562;
22789500;-2.9737777709960937;
22798500;-2.6305694580078125;
22807500;-3.019775390625;
22816500;-3.1641769409179687;
22825500;-2.7714004516601562;
22834500;-3.0607070922851562;
22843500;-3.2879867553710938;
22852500;-2.9394378662109375;
22861500;-2.970458984375;
22870500;-3.0160293579101562;
22879500;-3.05804443359375;
22888500;-2.9645462036132812;
22897500;-2.8483200073242187;
22906500;-2.8564453125;
22915500;-3.064422607421875;
22924500;-3.0493545532226563;
22933500;-2.949798583984375;
22942500;-3.1437835693359375;
22951500;-3.1545867919921875;
22960500;-3.0294723510742187;
22969500;-2.9851303100585937;
22978500;-3.1000213623046875;
22987500;-3.0197906494140625;
22996500;-2.735137939453125;
23005500;-2.8830108642578125;
23014500;-3.1057891845703125;
23023500;-3.1272506713867187;
23032500;-3.0730209350585937;
23041500;-3.1823196411132813;
23050500;-3.0378952026367187;
23059500;-2.8492279052734375;
23068500;-2.8929519653320313;
23077500;-3.2216033935546875;
23086500;-3.1466751098632813;
23095500;-3.0159988403320313;
23104500;-3.15704345703125;
23113500;-3.0412368774414062;
23122500;-2.8912582397460938;
23131500;-3.1525726318359375;
23140500;-2.7735366821289062;
23149500;-3.0986480712890625;
23158500;-2.989013671875;
23167500;-2.9267120361328125;
23176500;-2.775115966796875;
23185500;-2.9185943603515625;
23194500;-3.0852508544921875;
23203500;-3.1593780517578125;
23212500;-2.9186935424804687;
23221500;-3.1378173828125;
23230500;-2.95501708984375;
23239500;-2.9649887084960937;
23248500;-2.9304962158203125;
23257500;-2.9245529174804687;
23266500;-2.8553009033203125;
23275500;-2.8283157348632813;
23284500;-3.0174407958984375;
23293500;-2.9095001220703125;
23302500;-2.9409637451171875;
23311500;-3.14752197265625;
23320500;-3.0883407592773438;
23329500;-2.9323348999023437;
23338500;-2.9990997314453125;
23347500;-2.8435287475585937;
23356500;-2.6191329956054687;
23365500;-3.0177841186523437;
23374500;-3.022979736328125;
23383500;-3.0061187744140625;
23392500;-2.8845672607421875;
23401500;-2.76849365234375;
23410500;-2.837738037109375;
23419500;-2.7353591918945312;
23428500;-2.9985809326171875;
23437500;-2.9347000122070312;
23446500;-2.9147262573242187;
23455500;-3.0091476440429687;
23464500;-3.0148544311523438;
23473500;-3.1149215698242187;
23482500;-2.7442169189453125;
23491500;-2.9019088745117187;
23500500;-2.8997650146484375;
23509500;-2.9504928588867187;
23518500;-3.0468826293945313;
23527500;-2.9267120361328125;
23536500;-3.27197265625;
23545500;-3.119354248046875;
23554500;-3.1328277587890625;
23563500;-3.08209228515625;
23572500;-2.96038818359375;
23581500;-2.8594207763671875;
23590500;-3.100128173828125;
23599500;-2.9141769409179687;
23608500;-3.0618515014648438;
23617500;-3.0253219604492187;
23626500;-3.0223922729492187;
23635500;-2.9026565551757812;
23644500;-2.8799285888671875;
23653500;-2.8029403686523437;
23662500;-2.7776565551757813;
23671500;-2.8426361083984375;
23680500;-3.082305908203125;
23689500;-2.8656997680664062;
23698500;-2.9019851684570312;
23707500;-3.0684890747070313;
23716500;-2.9201431274414062;
23725500;-2.7800979614257813;
23734500;-3.0246505737304687;
23743500;-3.1161422729492187;
23752500;-2.95074462890625;
23761500;-2.7656784057617187;
23770500;-2.8566207885742187;
23779500;-2.7531051635742187;
23788500;-2.8350143432617187;
23797500;-3.0076904296875;
23806500;-2.85479736328125;
23815500;-2.971221923828125;
23824500;-2.94915771484375;
23833500;-2.9177169799804687;
23842500;-2.8302459716796875;
23851500;-2.7502899169921875;
23860500;-2.9154281616210937;
23869500;-3.036102294921875;
23878500;-2.859130859375;
23887500;-2.6095352172851562;
23896500;-2.8523712158203125;
23905500;-2.8729400634765625;
23914500;-2.9407119750976563;
23923500;-2.9884033203125;
23932500;-2.880279541015625;
23941500;-2.89569091796875;
23950500;-2.87677001953125;
23959500;-2.7205123901367187;
23968500;-2.5958786010742187;
23977500;-2.6848983764648438;
23986500;-2.8378829956054687;
23995500;-1.5666656494140625;
24004500;4.0493392944335938;
24013500;-2.1082382202148437;
24022500;-2.5124435424804687;
24031500;-2.7841949462890625;
24040500;-2.7783050537109375;
24049500;-2.7418365478515625;
24058500;-2.8914871215820313;
24067500;-2.9209442138671875;
24076500;-2.7425308227539062;
24085500;-2.8836288452148438;
24094500;-2.9493026733398437;
24103500;-2.97296142578125;
24112500;-2.6114120483398438;
24121500;-2.8419876098632813;
24130500;-2.8730392456054687;
24139500;-2.7971725463867187;
24148500;-2.777130126953125;
24157500;-2.86492919921875;
24166500;-2.7602615356445313;
24175500;-2.7517013549804687;
24184500;-2.6679306030273437;
24193500;-2.65228271484375;
24202500;-2.6350784301757813;
24211500;-2.359649658203125;
24220500;-2.5267410278320313;
24229500;-2.56475830078125;
24238500;-2.7865447998046875;
24247500;-2.9260940551757812;
24256500;-2.7080154418945313;
24265500;-2.732940673828125;
24274500;-2.7014389038085938;
24283500;-2.9433135986328125;
24292500;-2.9402694702148437;
24301500;-2.9632949829101563;
24310500;-2.6735763549804687;
24319500;-2.6738815307617187;
24328500;-2.9378280639648437;
24337500;-2.83148193359375;
24346500;-2.764617919921875;
24355500;-2.7665863037109375;
24364500;-2.9122848510742187;
24373500;-2.9460296630859375;
24382500;-2.7525482177734375;
24391500;-2.8051300048828125;
24400500;-2.566619873046875;
24409500;-2.876800537109375;
24418500;-2.722564697265625;
24427500;-2.683624267578125;
24436500;-2.848724365234375;
24445500;-2.7402725219726562;
24454500;-2.7432022094726562;
24463500;-2.7591781616210937;
24472500;-2.6554489135742187;
24481500;-2.7318344116210937;
24490500;-2.74951171875;
24499500;-2.7622833251953125;
24508500;-2.8060150146484375;
24517500;-2.80218505859375;
24526500;-2.795440673828125;
24535500;-2.571136474609375;
24544500;-2.5595321655273438;
24553500;-2.6279067993164063;
24562500;-2.50347900390625;
24571500;-2.6554107666015625;
24580500;-2.59722900390625;
24589500;-2.7392501831054687;
24598500;-2.719146728515625;
24607500;-2.7735671997070312;
24616500;-2.915374755859375;
24625500;-2.5782241821289062;
24634500;-2.792694091796875;
24643500;-2.6626739501953125;
24652500;-2.594512939453125;
24661500;-2.8039627075195313;
24670500;-2.926513671875;
24679500;-2.7100143432617187;
24688500;-2.5826873779296875;
24697500;-2.623016357421875;
24706500;-2.5160369873046875;
24715500;-2.6530075073242187;
24724500;-2.86639404296875;
24733500;-2.4264068603515625;
24742500;-2.6086654663085938;
24751500;-2.5950469970703125;
24760500;-2.6660079956054687;
24769500;-3.0080337524414062;
24778500;-2.7612457275390625;
24787500;-2.6338729858398437;
24796500;-2.53948974609375;
24805500;-2.6174240112304687;
24814500;-2.54559326171875;
24823500;-2.5357818603515625;
24832500;-2.4520950317382812;
24841500;-2.6527938842773437;
24850500;-2.620391845703125;
24859500;-2.7640609741210937;
24868500;-2.5590972900390625;
24877500;-2.4458465576171875;
24886500;-2.6472091674804687;
24895500;-2.6049880981445313;
24904500;-2.5142364501953125;
24913500;-2.494354248046875;
24922500;-2.6636581420898437;
24931500;-2.4827728271484375;
24940500;-2.6482391357421875;
24949500;-2.4583206176757812;
24958500;-2.6605606079101563;
24967500;-2.7219924926757812;
24976500;-2.573486328125;
24985500;-2.5600051879882813;
24994500;-2.3878707885742187;
25003500;-2.3847427368164062;
25012500;-2.4918060302734375;
25021500;-2.6407623291015625;
25030500;-2.4796371459960937;
25039500;-2.3154144287109375;
25048500;-2.585662841796875;
25057500;-2.513214111328125;
25066500;-2.6324234008789062;
25075500;-2.5131378173828125;
25084500;-2.482330322265625;
25093500;-2.635101318359375;
25102500;-2.5341796875;
25111500;-2.554473876953125;
25120500;-2.4599990844726562;
25129500;-2.4593353271484375;
25138500;-2.561553955078125;
25147500;-2.5228271484375;
25156500;-2.2883987426757813;
25165500;-2.7154464721679687;
25174500;-2.5612640380859375;
25183500;-2.4218292236328125;
25192500;-2.5322265625;
25201500;-2.5972900390625;
25210500;-2.4971771240234375;
25219500;-2.5704193115234375;
25228500;-2.6071853637695312;
25237500;-2.4945602416992187;
25246500;-2.46063232421875;
25255500;-2.4404678344726562;
25264500;-2.5045318603515625;
25273500;-2.4497299194335937;
25282500;-2.5614547729492187;
25291500;-2.4076309204101562;
25300500;-2.4465103149414062;
25309500;-2.3675384521484375;
25318500;-2.4926681518554687;
25327500;-2.5510711669921875;
25336500;-2.455657958984375;
25345500;-2.294281005859375;
25354500;-2.2336883544921875;
25363500;-2.2463302612304687;
25372500;-2.3519744873046875;
25381500;-2.260650634765625;
25390500;-2.4007186889648437;
25399500;-2.3458480834960938;
25408500;-2.3784866333007813;
25417500;-2.4256820678710937;
25426500;-2.3194198608398437;
25435500;-2.19366455078125;
25444500;-2.0635299682617187;
25453500;-2.322662353515625;
25462500;-2.3983154296875;
25471500;-2.4196701049804687;
25480500;-2.3351211547851562;
25489500;-2.357666015625;
25498500;-2.1607208251953125;
25507500;-2.1535797119140625;
25516500;-2.2984848022460937;
25525500;-2.3326568603515625;
25534500;-2.2908935546875;
25543500;-2.2318878173828125;
25552500;-2.37841796875;
25561500;-2.2032012939453125;
25570500;-2.241302490234375;
25579500;-2.2889938354492187;
25588500;-2.1398239135742187;
25597500;-2.1302490234375;
25606500;-2.3398818969726562;
25615500;-2.288421630859375;
25624500;-2.3756027221679687;
25633500;-2.1928253173828125;
25642500;-2.466827392578125;
25651500;-2.344482421875;
25660500;-2.207916259765625;
25669500;-2.1931838989257813;
25678500;-2.21820068359375;
25687500;-2.0861740112304687;
25696500;-2.1011734008789062;
25705500;-2.1775054931640625;
25714500;-2.3371734619140625;
25723500;-2.2893753051757813;
25732500;-2.1594314575195312;
25741500;-2.2974166870117187;
25750500;-2.229888916015625;
25759500;-2.2345657348632813;
25768500;-2.1448516845703125;
25777500;-2.190338134765625;
25786500;-2.0908279418945313;
25795500;-1.951568603515625;
25804500;-2.2467803955078125;
25813500;-2.2007827758789062;
25822500;-2.1084671020507812;
25831500;-2.2106399536132813;
25840500;-2.0870590209960938;
25849500;-2.0694198608398437;
25858500;-2.1879196166992187;
25867500;-2.081939697265625;
25876500;-2.0858306884765625;
25885500;-2.1765060424804687;
25894500;-2.1551895141601562;
25903500;-2.057220458984375;
25912500;-2.1075210571289062;
25921500;-2.1208343505859375;
25930500;-2.0554656982421875;
25939500;-2.311279296875;
25948500;-2.3635177612304687;
25957500;-2.1074295043945313;
25966500;-2.1172637939453125;
25975500;-1.8188629150390625;
25984500;-2.043609619140625;
25993500;-2.1573867797851562;
26002500;-2.1099395751953125;
26011500;-2.1176528930664062;
26020500;-2.1806411743164062;
26029500;-2.1222381591796875;
26038500;-2.3191146850585937;
26047500;-1.9636459350585937;
26056500;-2.1112060546875;
26065500;-2.126861572265625;
26074500;-1.816802978515625;
26083500;-2.0175857543945313;
26092500;-2.2639999389648437;
26101500;-2.245330810546875;
26110500;-2.2244720458984375;
26119500;-2.3360519409179687;
26128500;-1.9368515014648437;
26137500;-1.892364501953125;
26146500;-2.0427780151367187;
26155500;-2.0381698608398437;
26164500;-2.1382904052734375;
26173500;-2.03143310546875;
26182500;-1.9361114501953125;
26191500;-2.10260009765625;
26200500;-2.1166839599609375;
26209500;-2.1496124267578125;
26218500;-1.9387435913085938;
26227500;-1.9937973022460937;
26236500;-2.1104583740234375;
26245500;-2.109588623046875;
26254500;-2.0537261962890625;
26263500;-1.8230133056640625;
26272500;-2.1766128540039062;
26281500;-2.0424880981445313;
26290500;-1.9239730834960937;
26299500;-2.2691497802734375;
26308500;-2.2444534301757813;
26317500;-2.0527267456054687;
26326500;-2.0478744506835937;
26335500;-2.0330581665039062;
26344500;-2.21002197265625;
26353500;-2.0282974243164062;
26362500;-2.1385650634765625;
26371500;-2.0364608764648437;
26380500;-1.9953765869140625;
26389500;-2.0477371215820312;
26398500;-1.8781967163085937;
26407500;-1.9798660278320313;
26416500;-2.0930862426757813;
26425500;-2.2655868530273438;
26434500;-2.15753173828125;
26443500;-2.1477813720703125;
26452500;-2.1578369140625;
26461500;-1.9506912231445312;
26470500;-2.15325927734375;
26479500;-2.22015380859375;
26488500;-2.31195068359375;
26497500;-2.2364349365234375;
26506500;-2.1916961669921875;
26515500;-2.0870590209960938;
26524500;-2.1446380615234375;
26533500;-2.023590087890625;
26542500;-1.9054336547851563;
26551500;-2.0934829711914062;
26560500;-2.2117767333984375;
26569500;-2.0851898193359375;
26578500;-2.0947036743164062;
26587500;-1.8969879150390625;
26596500;-2.0720138549804687;
26605500;-1.809326171875;
26614500;-2.1027069091796875;
26623500;-2.063079833984375;
26632500;-2.0919570922851562;
26641500;-2.1422042846679687;
26650500;-2.1032791137695312;
26659500;-1.9923095703125;
26668500;-1.9852676391601563;
26677500;-1.8928375244140625;
26686500;-1.9755783081054687;
26695500;-2.1153488159179687;
26704500;-2.051055908203125;
26713500;-1.8099136352539063;
26722500;-2.0345230102539062;
26731500;-1.9347000122070313;
26740500;-1.886932373046875;
26749500;-2.0983657836914062;
26758500;-1.9708633422851563;
26767500;-1.8664321899414062;
26776500;-2.131866455078125;
26785500;-1.8921356201171875;
26794500;-1.9549484252929687;
26803500;-1.9911956787109375;
26812500;-1.8888702392578125;
26821500;-2.055084228515625;
26830500;-1.8840179443359375;
26839500;-2.19256591796875;
26848500;-2.2359695434570313;
26857500;-2.140899658203125;
26866500;-1.9302902221679687;
26875500;-2.2343063354492187;
26884500;-2.1086044311523437;
26893500;-1.96636962890625;
26902500;-1.8710708618164063;
26911500;-2.1679229736328125;
26920500;-2.1207733154296875;
26929500;-2.0891036987304687;
26938500;-2.0094985961914062;
26947500;-2.2341232299804687;
26956500;-1.81866455078125;
26965500;-1.943695068359375;
26974500;-1.9936370849609375;
26983500;-1.8359603881835937;
26992500;-1.9787673950195312;
27001500;-1.7610626220703125;
27010500;-1.9118194580078125;
27019500;-1.8471450805664063;
27028500;-2.016326904296875;
27037500;-2.206634521484375;
27046500;-2.078582763671875;
27055500;-2.0938796997070313;
27064500;-1.7260055541992187;
27073500;-1.8607330322265625;
27082500;-1.991363525390625;
27091500;-1.8498611450195313;
27100500;-2.1409149169921875;
27109500;-1.9996871948242187;
27118500;-1.9099884033203125;
27127500;-1.8348617553710937;
27136500;-2.0199508666992187;
27145500;-1.8693084716796875;
27154500;-2.052459716796875;
27163500;-2.152130126953125;
27172500;-2.0798416137695313;
27181500;-2.152984619140625;
27190500;-1.931549072265625;
27199500;-2.0582046508789062;
27208500;-2.1522674560546875;
27217500;-1.8938064575195313;
27226500;-1.946807861328125;
27235500;-2.044189453125;
27244500;-2.2025146484375;
27253500;-2.204986572265625;
27262500;-2.1077041625976562;
27271500;-2.1246185302734375;
27280500;-2.1677169799804687;
27289500;-2.2124862670898438;
27298500;-2.2221298217773437;
27307500;-1.9943618774414063;
27316500;-2.0593109130859375;
27325500;-2.0839920043945313;
27334500;-2.2068252563476562;
27343500;-2.0147323608398438;
27352500;-1.8703155517578125;
27361500;-2.06695556640625;
27370500;-2.0692367553710937;
27379500;-2.0513763427734375;
27388500;-1.8220291137695312;
27397500;-1.8477401733398437;
27406500;-2.2470703125;
27415500;-2.0640182495117187;
27424500;-2.180450439453125;
27433500;-2.05450439453125;
27442500;-1.861572265625;
27451500;-1.9933929443359375;
27460500;-1.9833526611328125;
27469500;-2.0836715698242187;
27478500;-2.0237808227539062;
27487500;-2.1835098266601562;
27496500;-2.33050537109375;
27505500;-2.1845703125;
27514500;-2.2327728271484375;
27523500;-1.91473388671875;
27532500;-2.2009124755859375;
27541500;-2.1326828002929687;
27550500;-1.9917068481445312;
27559500;-2.1301727294921875;
27568500;-2.1346817016601562;
27577500;-2.2681198120117187;
27586500;-2.0989151000976562;
27595500;-1.974029541015625;
27604500;-2.2277679443359375;
27613500;-2.0377273559570313;
27622500;-2.0186614990234375;
27631500;-2.3010177612304687;
27640500;-2.3113174438476562;
27649500;-2.2199783325195312;
27658500;-1.9782333374023437;
27667500;-2.1486968994140625;
27676500;-2.1169281005859375;
27685500;-2.103973388671875;
27694500;-2.1496810913085937;
27703500;-2.3202285766601562;
27712500;-2.494720458984375;
27721500;-2.23992919921875;
27730500;-2.1542816162109375;
27739500;-2.1094894409179687;
27748500;-2.2508926391601562;
27757500;-1.9830093383789062;
27766500;-2.4658355712890625;
27775500;-2.2133712768554687;
27784500;-2.1179275512695312;
27793500;-2.044464111328125;
27802500;-2.3379058837890625;
27811500;-2.1342849731445313;
27820500;-2.0697479248046875;
27829500;-2.1479873657226562;
27838500;-2.30596923828125;
27847500;-2.24530029296875;
27856500;-2.2221450805664062;
27865500;-2.2599563598632812;
27874500;-2.306060791015625;
27883500;-2.1350250244140625;
27892500;-2.32159423828125;
27901500;-2.3725662231445312;
27910500;-2.25518798828125;
27919500;-2.040740966796875;
27928500;-2.0692596435546875;
27937500;-2.2439651489257812;
27946500;-2.4425811767578125;
27955500;-2.4749526977539062;
27964500;-2.3143844604492187;
27973500;-2.213836669921875;
27982500;-2.3291168212890625;
27991500;-2.363250732421875;
28000500;-2.2164535522460938;
28009500;-2.3694076538085937;
28018500;-2.3686141967773437;
28027500;-2.2278213500976562;
28036500;-2.180389404296875;
28045500;-2.1925811767578125;
28054500;-2.496246337890625;
28063500;-2.48175048828125;
28072500;-2.5200576782226562;
28081500;-2.29150390625;
28090500;-2.3186264038085937;
28099500;-2.3364791870117187;
28108500;-2.3845291137695313;
28117500;-2.3992843627929687;
28126500;-2.5738754272460938;
28135500;-2.4505691528320312;
28144500;-2.3919219970703125;
28153500;-2.2954559326171875;
28162500;-2.4603271484375;
28171500;-2.3806915283203125;
28180500;-2.3870849609375;
28189500;-2.4322891235351562;
28198500;-2.4758071899414062;
28207500;-2.5674209594726562;
28216500;-2.5239715576171875;
28225500;-2.4479598999023437;
28234500;-2.299957275390625;
28243500;-2.446502685546875;
28252500;-2.3984832763671875;
28261500;-2.2485427856445312;
28270500;-2.3245010375976562;
28279500;-2.5628509521484375;
28288500;-2.5765609741210938;
28297500;-2.3476409912109375;
28306500;-2.1689376831054687;
28315500;-2.4210281372070313;
28324500;-2.5642471313476562;
28333500;-2.5735626220703125;
28342500;-2.3802108764648437;
28351500;-2.6235733032226562;
28360500;-2.3790435791015625;
28369500;-2.3953628540039062;
28378500;-2.3065414428710937;
28387500;-2.383758544921875;
28396500;-2.4449081420898437;
28405500;-2.4322967529296875;
28414500;-2.5450515747070313;
28423500;-2.49212646484375;
28432500;-2.4619674682617187;
28441500;-2.2725830078125;
28450500;-2.4895095825195313;
28459500;-2.4284210205078125;
28468500;-2.4926071166992187;
28477500;-2.5205001831054687;
28486500;-2.6021957397460938;
28495500;-2.4919204711914062;
28504500;-2.3861007690429687;
28513500;-2.492218017578125;
28522500;-2.3299179077148437;
28531500;-2.56024169921875;
28540500;-2.4126968383789062;
28549500;-2.435028076171875;
28558500;-2.2761993408203125;
28567500;-2.2813644409179687;
28576500;-2.3885040283203125;
28585500;-2.2688674926757813;
28594500;-2.7425613403320313;
28603500;-2.6121368408203125;
28612500;-2.4135589599609375;
28621500;-2.5873565673828125;
28630500;-2.5101852416992187;
28639500;-2.5854415893554687;
28648500;-2.5249252319335937;
28657500;-2.5011215209960937;
28666500;-2.4419708251953125;
28675500;-2.4850311279296875;
28684500;-2.562835693359375;
28693500;-2.912841796875;
28702500;-2.7529144287109375;
28711500;-2.695648193359375;
28720500;-2.548095703125;
28729500;-2.3971786499023437;
28738500;-2.4640655517578125;
28747500;-2.3846588134765625;
28756500;-2.6406478881835938;
28765500;-2.6347503662109375;
28774500;-2.6818084716796875;
28783500;-2.566162109375;
28792500;-2.5623626708984375;
28801500;-2.4719772338867187;
28810500;-2.5441513061523437;
28819500;-2.6700057983398438;
28828500;-2.4313278198242187;
28837500;-2.7240982055664062;
28846500;-2.6529769897460937;
28855500;-2.6761856079101562;
28864500;-2.5481109619140625;
28873500;-2.6724929809570312;
28882500;-2.89752197265625;
28891500;-2.5395278930664062;
28900500;-2.598175048828125;
28909500;-2.54620361328125;
28918500;-2.741729736328125;
28927500;-2.5874481201171875;
28936500;-2.8930130004882813;
28945500;-2.7401962280273438;
28954500;-2.6347198486328125;
28963500;-2.7428131103515625;
28972500;-2.5392913818359375;
28981500;-2.387542724609375;
28990500;-2.63458251953125;
28999500;-2.3898468017578125;
29008500;-2.6219940185546875;
29017500;-2.8971328735351562;
29026500;-2.8336944580078125;
29035500;-2.7432632446289063;
29044500;-2.869384765625;
29053500;-2.9593429565429687;
29062500;-2.733489990234375;
29071500;-2.4260025024414062;
29080500;-2.6326904296875;
29089500;-2.8671035766601562;
29098500;-2.8935623168945313;
29107500;-2.7758712768554687;
29116500;-2.9162673950195313;
29125500;-2.7769775390625;
29134500;-2.618927001953125;
29143500;-2.7655105590820313;
29152500;-2.6845169067382813;
29161500;-2.90594482421875;
29170500;-2.750244140625;
29179500;-2.5634536743164062;
29188500;-2.6849517822265625;
29197500;-2.8268585205078125;
29206500;-2.9549484252929687;
29215500;-2.5864944458007812;
29224500;-2.8853607177734375;
29233500;-3.0435333251953125;
29242500;-2.8622894287109375;
29251500;-2.658203125;
29260500;-2.6646652221679687;
29269500;-2.7531661987304687;
29278500;-2.75665283203125;
29287500;-2.6544113159179687;
29296500;-2.7632904052734375;
29305500;-2.8103179931640625;
29314500;-2.716217041015625;
29323500;-2.7287750244140625;
29332500;-3.1080780029296875;
29341500;-3.0083160400390625;
29350500;-2.75238037109375;
29359500;-2.944854736328125;
29368500;-2.863037109375;
29377500;-2.94091796875;
29386500;-2.9606857299804687;
29395500;-2.8793487548828125;
29404500;-2.928466796875;
29413500;-2.8290481567382812;
29422500;-2.8979568481445313;
29431500;-2.799163818359375;
29440500;-2.7486038208007813;
29449500;-2.9404067993164063;
29458500;-2.8316574096679687;
29467500;-2.8451614379882813;
29476500;-2.9339523315429687;
29485500;-2.858428955078125;
29494500;-3.0146331787109375;
29503500;-2.8111724853515625;
29512500;-3.0509490966796875;
29521500;-2.9062347412109375;
29530500;-2.8269805908203125;
29539500;-2.7681655883789062;
29548500;-3.008636474609375;
29557500;-2.8586578369140625;
29566500;-2.8553543090820312;
29575500;-2.8171844482421875;
29584500;-2.93896484375;
29593500;-3.0055313110351562;
29602500;-2.997100830078125;
29611500;-3.0830535888671875;
29620500;-3.008544921875;
29629500;-2.7225265502929687;
29638500;-2.7586517333984375;
29647500;-2.7639617919921875;
29656500;-2.7681427001953125;
29665500;-2.9539947509765625;
29674500;-3.0919647216796875;
29683500;-3.0475692749023437;
29692500;-3.0210494995117187;
29701500;-2.9480209350585938;
29710500;-2.9677505493164062;
29719500;-2.8088150024414062;
29728500;-2.8913192749023437;
29737500;-3.07373046875;
29746500;-3.02581787109375;
29755500;-3.1391754150390625;
29764500;-3.0385284423828125;
29773500;-2.9735107421875;
29782500;-3.1907730102539062;
29791500;-3.0013427734375;
29800500;-2.9400482177734375;
29809500;-3.0272445678710937;
29818500;-3.0996246337890625;
29827500;-3.0281448364257813;
29836500;-2.9846343994140625;
29845500;-3.0543899536132813;
29854500;-3.1480712890625;
29863500;-2.9413833618164062;
29872500;-2.9777603149414062;
29881500;-3.0633316040039062;
29890500;-3.0449676513671875;
29899500;-3.1014404296875;
29908500;-2.9118270874023437;
29917500;-3.0309295654296875;
29926500;-3.0719146728515625;
29935500;-2.9422607421875;
29944500;-3.092742919921875;
29953500;-3.0577239990234375;
29962500;-2.8721923828125;
29971500;-2.8745346069335937;
29980500;-3.1429595947265625;
29989500;-2.8452377319335937;
29998500;-2.7771682739257812;
