Type;FSV-13;
Version;3.70;
Date;14.Mar 24;
Mode;ANALYZER;
Center Freq;15076500.000000;Hz
Freq Offset;0.000000;Hz
Span;29844000.000000;Hz
x-Axis;LIN;
Start;154500.000000;Hz
Stop;29998500.000000;Hz
Ref Level;61.000000;dBµV
Level Offset;0.000000;dB
Ref Position;100.000000;%
y-Axis;LOG;
Level Range;100.000000;dB
Rf Att;0.000000;dB
El Att;0.000000;dB
RBW;9000.000000;Hz
VBW;100000.000000;Hz
SWT;0.100000;s
Trace Mode;AVERAGE;
Detector;RMS;
Sweep Count;0;
Trace 1:;;
x-Unit;Hz;
y-Unit;dBµV;
Preamplifier;OFF;
Transducer;OFF;
Values;3317;
154500;9.1072845458984375;
163500;11.229598999023437;
172500;3.0768280029296875;
181500;1.1839599609375;
190500;1.5960540771484375;
199500;1.0905380249023437;
208500;0.83484649658203125;
217500;1.2082672119140625;
226500;4.2135009765625;
235500;2.7677154541015625;
244500;2.0011215209960937;
253500;0.70119476318359375;
262500;0.3739471435546875;
271500;0.9341888427734375;
280500;0.5276336669921875;
289500;1.3986358642578125;
298500;0.5303955078125;
307500;0.2358551025390625;
316500;5.005889892578125;
325500;8.6817550659179687;
334500;4.8745574951171875;
343500;1.4854583740234375;
352500;-0.04412078857421875;
361500;-0.403228759765625;
370500;-0.335205078125;
379500;-0.859344482421875;
388500;-1.1199569702148437;
397500;-0.396514892578125;
406500;0.66904449462890625;
415500;-0.31702423095703125;
424500;-1.3194808959960937;
433500;-1.0483169555664063;
442500;-1.2087249755859375;
451500;-0.37250518798828125;
460500;1.9960174560546875;
469500;0.14649200439453125;
478500;2.8833770751953125;
487500;6.9724578857421875;
496500;5.870513916015625;
505500;1.8090896606445312;
514500;0.4337310791015625;
523500;-0.9446868896484375;
532500;-0.436248779296875;
541500;-1.3031005859375;
550500;-1.7511672973632813;
559500;-1.3472366333007813;
568500;-0.116668701171875;
577500;-0.76141357421875;
586500;-2.1115493774414062;
595500;-0.366943359375;
604500;-0.082366943359375;
613500;2.22845458984375;
622500;-1.7063369750976563;
631500;0.03809356689453125;
640500;2.9141998291015625;
649500;5.9376983642578125;
658500;5.8254165649414062;
667500;2.7584152221679687;
676500;4.007293701171875;
685500;1.1393051147460937;
694500;9.679351806640625;
703500;5.523773193359375;
712500;2.67498779296875;
721500;2.2492218017578125;
730500;0.767822265625;
739500;-0.8413543701171875;
748500;-0.5032958984375;
757500;5.5184860229492187;
766500;1.4628143310546875;
775500;0.29095458984375;
784500;-1.0163803100585937;
793500;6.296478271484375;
802500;5.1982650756835938;
811500;7.4804458618164062;
820500;5.7125320434570312;
829500;5.4255447387695313;
838500;8.0933303833007812;
847500;8.1615219116210937;
856500;5.6276702880859375;
865500;2.4089126586914062;
874500;8.0203170776367187;
883500;9.1749038696289062;
892500;12.828216552734375;
901500;6.0992507934570313;
910500;3.4487762451171875;
919500;5.8281784057617188;
928500;13.640884399414062;
937500;9.0482864379882812;
946500;4.1877365112304687;
955500;4.2841796875;
964500;6.6426467895507813;
973500;10.261032104492187;
982500;6.2479705810546875;
991500;5.9279251098632813;
1000500;6.170654296875;
1009500;6.520599365234375;
1018500;3.1684036254882812;
1027500;1.4552383422851562;
1036500;7.5323257446289062;
1045500;2.869384765625;
1054500;3.0555343627929687;
1063500;0.54489898681640625;
1072500;4.9483184814453125;
1081500;6.157867431640625;
1090500;0.937530517578125;
1099500;-0.35453033447265625;
1108500;0.50185394287109375;
1117500;7.500579833984375;
1126500;1.7819976806640625;
1135500;3.6378173828125;
1144500;4.2709197998046875;
1153500;6.9730377197265625;
1162500;6.2168350219726562;
1171500;1.5059814453125;
1180500;4.7078399658203125;
1189500;13.197921752929688;
1198500;5.879913330078125;
1207500;0.16506195068359375;
1216500;0.03082275390625;
1225500;7.8392791748046875;
1234500;11.914932250976563;
1243500;1.6941070556640625;
1252500;0.0133514404296875;
1261500;-0.43419647216796875;
1270500;0.21096038818359375;
1279500;2.8238677978515625;
1288500;1.2258834838867187;
1297500;2.92779541015625;
1306500;3.2583770751953125;
1315500;4.4383010864257812;
1324500;3.9878997802734375;
1333500;3.1657028198242187;
1342500;1.0350723266601562;
1351500;0.2876739501953125;
1360500;1.13336181640625;
1369500;1.0072021484375;
1378500;0.30185699462890625;
1387500;0.30713653564453125;
1396500;4.6860809326171875;
1405500;1.433441162109375;
1414500;0.52414703369140625;
1423500;-0.20121002197265625;
1432500;-0.430999755859375;
1441500;0.40039825439453125;
1450500;0.83550262451171875;
1459500;2.453887939453125;
1468500;2.7874526977539062;
1477500;4.0296249389648437;
1486500;3.1508102416992187;
1495500;3.0273818969726563;
1504500;1.6327743530273437;
1513500;1.22564697265625;
1522500;1.2310333251953125;
1531500;0.8469696044921875;
1540500;1.1706085205078125;
1549500;0.9400482177734375;
1558500;2.121978759765625;
1567500;0.4679718017578125;
1576500;0.22149658203125;
1585500;0.283355712890625;
1594500;1.1196060180664062;
1603500;0.99755859375;
1612500;0.92555999755859375;
1621500;2.2235336303710937;
1630500;2.6467056274414062;
1639500;3.63336181640625;
1648500;3.209014892578125;
1657500;3.31573486328125;
1666500;2.510162353515625;
1675500;1.7658233642578125;
1684500;1.02716064453125;
1693500;1.276397705078125;
1702500;1.1273345947265625;
1711500;1.1443557739257812;
1720500;1.34027099609375;
1729500;0.64501953125;
1738500;0.38742828369140625;
1747500;0.34159088134765625;
1756500;0.42899322509765625;
1765500;0.542633056640625;
1774500;1.184722900390625;
1783500;1.655853271484375;
1792500;2.155792236328125;
1801500;2.71490478515625;
1810500;2.8919830322265625;
1819500;2.590667724609375;
1828500;2.326812744140625;
1837500;2.410919189453125;
1846500;1.0950546264648437;
1855500;1.327606201171875;
1864500;1.6352691650390625;
1873500;1.309906005859375;
1882500;1.419158935546875;
1891500;0.5590362548828125;
1900500;0.16030120849609375;
1909500;0.59088134765625;
1918500;1.1939239501953125;
1927500;0.5407562255859375;
1936500;0.61808013916015625;
1945500;2.4928741455078125;
1954500;2.3449935913085937;
1963500;1.8461380004882812;
1972500;2.4939117431640625;
1981500;2.4287796020507813;
1990500;2.50531005859375;
1999500;2.1787033081054687;
2008500;0.90189361572265625;
2017500;0.3849639892578125;
2026500;1.0124664306640625;
2035500;2.2956771850585937;
2044500;1.54595947265625;
2053500;1.3306121826171875;
2062500;1.234405517578125;
2071500;1.2070770263671875;
2080500;2.2277069091796875;
2089500;1.1925277709960937;
2098500;1.1020736694335937;
2107500;1.6021041870117187;
2116500;3.1313934326171875;
2125500;2.6142730712890625;
2134500;2.620941162109375;
2143500;2.6714553833007813;
2152500;2.56103515625;
2161500;3.1204147338867187;
2170500;1.4807891845703125;
2179500;0.7987518310546875;
2188500;0.8017425537109375;
2197500;2.091278076171875;
2206500;1.607269287109375;
2215500;2.0553436279296875;
2224500;1.580718994140625;
2233500;1.700775146484375;
2242500;2.1043853759765625;
2251500;1.6874542236328125;
2260500;1.040313720703125;
2269500;2.1186370849609375;
2278500;3.5316162109375;
2287500;2.4728546142578125;
2296500;3.2906112670898437;
2305500;6.8522186279296875;
2314500;3.1922531127929687;
2323500;3.0681381225585937;
2332500;1.9735794067382812;
2341500;1.7928237915039063;
2350500;0.9332733154296875;
2359500;2.6489791870117187;
2368500;1.0127334594726562;
2377500;5.7809219360351562;
2386500;7.7438278198242187;
2395500;9.2625198364257812;
2404500;2.3067474365234375;
2413500;1.93231201171875;
2422500;1.1448745727539062;
2431500;1.7489013671875;
2440500;3.3960723876953125;
2449500;2.0258865356445312;
2458500;2.1474609375;
2467500;5.70477294921875;
2476500;5.9402923583984375;
2485500;6.7436065673828125;
2494500;2.2227554321289062;
2503500;1.3816986083984375;
2512500;1.118072509765625;
2521500;2.5655746459960938;
2530500;1.120697021484375;
2539500;1.2284393310546875;
2548500;1.4189910888671875;
2557500;2.486053466796875;
2566500;3.0947189331054687;
2575500;3.127960205078125;
2584500;1.0020065307617187;
2593500;1.1768951416015625;
2602500;2.3441925048828125;
2611500;1.5682220458984375;
2620500;1.0281448364257812;
2629500;1.04766845703125;
2638500;1.713134765625;
2647500;1.10748291015625;
2656500;1.1640396118164062;
2665500;0.42413330078125;
2674500;0.03045654296875;
2683500;-0.08838653564453125;
2692500;-0.672149658203125;
2701500;-0.86517333984375;
2710500;-1.1046142578125;
2719500;-0.4506378173828125;
2728500;-0.948516845703125;
2737500;-0.8773040771484375;
2746500;-0.44779205322265625;
2755500;-0.50528717041015625;
2764500;0.19649505615234375;
2773500;-0.3568267822265625;
2782500;-0.2837066650390625;
2791500;0.44580841064453125;
2800500;0.4116668701171875;
2809500;-0.05338287353515625;
2818500;-0.09764862060546875;
2827500;-0.1470794677734375;
2836500;1.1063079833984375;
2845500;-0.595916748046875;
2854500;-1.14996337890625;
2863500;-1.2738800048828125;
2872500;-1.67431640625;
2881500;-1.1533966064453125;
2890500;-0.84049224853515625;
2899500;-0.60938262939453125;
2908500;-0.83197021484375;
2917500;-0.2695159912109375;
2926500;2.0974655151367187;
2935500;0.341064453125;
2944500;0.14989471435546875;
2953500;0.42630767822265625;
2962500;0.69144439697265625;
2971500;0.5922088623046875;
2980500;0.565643310546875;
2989500;0.76139068603515625;
2998500;0.93087005615234375;
3007500;0.07440185546875;
3016500;0.68634796142578125;
3025500;-0.74117279052734375;
3034500;-0.7100372314453125;
3043500;-0.61962890625;
3052500;-0.4008636474609375;
3061500;-0.3889312744140625;
3070500;-0.1063690185546875;
3079500;-0.104400634765625;
3088500;0.5316619873046875;
3097500;0.78826904296875;
3106500;1.3083572387695313;
3115500;0.66681671142578125;
3124500;1.184722900390625;
3133500;1.1109085083007812;
3142500;1.0851058959960937;
3151500;0.89627838134765625;
3160500;0.8746795654296875;
3169500;0.60796356201171875;
3178500;0.41420745849609375;
3187500;0.072418212890625;
3196500;-0.13946533203125;
3205500;-0.17827606201171875;
3214500;0.62010955810546875;
3223500;0.519775390625;
3232500;0.64446258544921875;
3241500;0.8596649169921875;
3250500;1.476165771484375;
3259500;1.292327880859375;
3268500;1.097869873046875;
3277500;1.2558135986328125;
3286500;1.689544677734375;
3295500;1.9848556518554687;
3304500;1.6663742065429688;
3313500;1.6654281616210937;
3322500;2.1002655029296875;
3331500;2.10595703125;
3340500;1.7177352905273437;
3349500;1.1480560302734375;
3358500;0.9694671630859375;
3367500;1.62359619140625;
3376500;1.8232803344726562;
3385500;1.7728042602539063;
3394500;1.7833404541015625;
3403500;2.1088180541992187;
3412500;2.6957321166992187;
3421500;2.3763961791992187;
3430500;2.0333404541015625;
3439500;1.654449462890625;
3448500;1.730072021484375;
3457500;4.4530715942382812;
3466500;2.464599609375;
3475500;2.0021743774414062;
3484500;1.7897567749023437;
3493500;2.4912948608398437;
3502500;2.4716796875;
3511500;1.3940505981445312;
3520500;1.38671875;
3529500;1.370330810546875;
3538500;1.8896026611328125;
3547500;5.4703369140625;
3556500;1.6835479736328125;
3565500;1.2117919921875;
3574500;3.4812774658203125;
3583500;1.2542800903320312;
3592500;0.34908294677734375;
3601500;-0.08642578125;
3610500;0.092498779296875;
3619500;0.4604644775390625;
3628500;0.7743072509765625;
3637500;3.8719100952148437;
3646500;0.3536834716796875;
3655500;0.334197998046875;
3664500;0.5339813232421875;
3673500;0.00743865966796875;
3682500;-0.27883148193359375;
3691500;-0.09857177734375;
3700500;0.2488861083984375;
3709500;0.0472259521484375;
3718500;0.1656494140625;
3727500;0.9922637939453125;
3736500;0.51074981689453125;
3745500;0.865081787109375;
3754500;0.57036590576171875;
3763500;0.31522369384765625;
3772500;0.4912109375;
3781500;0.5806884765625;
3790500;0.6621246337890625;
3799500;0.3102264404296875;
3808500;0.08545684814453125;
3817500;0.74459075927734375;
3826500;0.5044097900390625;
3835500;0.42693328857421875;
3844500;0.23809051513671875;
3853500;-0.24863433837890625;
3862500;0.02254486083984375;
3871500;-0.3446044921875;
3880500;-0.2293701171875;
3889500;-0.39238739013671875;
3898500;0.25757598876953125;
3907500;0.370819091796875;
3916500;-0.51500701904296875;
3925500;-0.3812103271484375;
3934500;-0.6822662353515625;
3943500;-0.44089508056640625;
3952500;-0.5262298583984375;
3961500;-0.65183258056640625;
3970500;-0.9365234375;
3979500;-0.99205780029296875;
3988500;0.49842071533203125;
3997500;-0.35257720947265625;
4006500;-1.345367431640625;
4015500;-1.2840042114257812;
4024500;-1.504608154296875;
4033500;-1.523345947265625;
4042500;-1.6854019165039063;
4051500;-1.496856689453125;
4060500;-1.48712158203125;
4069500;-1.2233428955078125;
4078500;0.7531280517578125;
4087500;-0.70093536376953125;
4096500;-1.32928466796875;
4105500;-1.1960983276367187;
4114500;-1.2453689575195312;
4123500;-1.08294677734375;
4132500;-1.0960311889648437;
4141500;-1.12542724609375;
4150500;-1.1193618774414063;
4159500;-0.97693634033203125;
4168500;0.98210906982421875;
4177500;-0.7957916259765625;
4186500;-1.1713638305664062;
4195500;-1.2315139770507813;
4204500;-1.2592620849609375;
4213500;-1.0471267700195312;
4222500;-0.99381256103515625;
4231500;-0.613006591796875;
4240500;-0.78159332275390625;
4249500;-0.63811492919921875;
4258500;0.32415771484375;
4267500;-0.12659454345703125;
4276500;0.0034637451171875;
4285500;-0.08966064453125;
4294500;0.069549560546875;
4303500;0.060272216796875;
4312500;0.22930145263671875;
4321500;0.1388092041015625;
4330500;0.18260955810546875;
4339500;0.245452880859375;
4348500;0.21028900146484375;
4357500;0.4188232421875;
4366500;0.18547821044921875;
4375500;0.234100341796875;
4384500;0.51421356201171875;
4393500;0.831329345703125;
4402500;0.814605712890625;
4411500;1.0633010864257812;
4420500;1.0767974853515625;
4429500;1.5441970825195312;
4438500;2.6414260864257812;
4447500;1.63330078125;
4456500;1.8981704711914062;
4465500;1.9001388549804688;
4474500;1.8168487548828125;
4483500;1.767822265625;
4492500;1.8589401245117188;
4501500;2.1180953979492187;
4510500;1.7291107177734375;
4519500;3.1114349365234375;
4528500;3.9061508178710937;
4537500;1.3880462646484375;
4546500;1.8078842163085937;
4555500;2.0353164672851562;
4564500;1.8166275024414063;
4573500;2.3514862060546875;
4582500;2.620330810546875;
4591500;2.542083740234375;
4600500;2.5250930786132812;
4609500;5.163848876953125;
4618500;5.17047119140625;
4627500;3.1394805908203125;
4636500;3.1566925048828125;
4645500;2.9467315673828125;
4654500;3.419830322265625;
4663500;3.4773406982421875;
4672500;3.3241653442382813;
4681500;2.9417953491210937;
4690500;2.8409271240234375;
4699500;5.3217544555664062;
4708500;4.2360992431640625;
4717500;3.1407012939453125;
4726500;3.0251541137695313;
4735500;3.6017684936523437;
4744500;3.7252960205078125;
4753500;3.8333816528320312;
4762500;3.6852874755859375;
4771500;3.708038330078125;
4780500;3.8113632202148438;
4789500;5.4302520751953125;
4798500;4.529266357421875;
4807500;4.1333770751953125;
4816500;4.71826171875;
4825500;4.7120742797851562;
4834500;4.6616668701171875;
4843500;4.4854507446289062;
4852500;3.8985366821289062;
4861500;3.9492645263671875;
4870500;4.0715484619140625;
4879500;4.0850677490234375;
4888500;4.120697021484375;
4897500;4.878326416015625;
4906500;4.8592376708984375;
4915500;4.6293258666992188;
4924500;4.7755508422851562;
4933500;4.5260467529296875;
4942500;4.6746978759765625;
4951500;4.9604415893554687;
4960500;5.1308975219726562;
4969500;7.016998291015625;
4978500;5.638702392578125;
4987500;5.6520004272460937;
4996500;5.4126129150390625;
5005500;5.243011474609375;
5014500;5.1361618041992187;
5023500;4.8273391723632812;
5032500;4.8599853515625;
5041500;4.8727188110351562;
5050500;6.1650238037109375;
5059500;9.515594482421875;
5068500;5.3270416259765625;
5077500;5.1009445190429687;
5086500;5.184661865234375;
5095500;5.0271148681640625;
5104500;4.52471923828125;
5113500;4.6793899536132812;
5122500;4.8821945190429687;
5131500;4.7027587890625;
5140500;7.7434768676757812;
5149500;10.06817626953125;
5158500;4.8078384399414062;
5167500;4.4849014282226563;
5176500;4.3784027099609375;
5185500;3.9715805053710938;
5194500;4.024383544921875;
5203500;4.044036865234375;
5212500;3.818145751953125;
5221500;3.7960205078125;
5230500;6.8008880615234375;
5239500;7.4933395385742187;
5248500;3.59820556640625;
5257500;3.5457611083984375;
5266500;3.3172378540039062;
5275500;3.0980224609375;
5284500;3.308837890625;
5293500;2.9282608032226562;
5302500;3.0495986938476562;
5311500;3.1133346557617187;
5320500;4.5113677978515625;
5329500;3.824462890625;
5338500;2.916534423828125;
5347500;2.9804840087890625;
5356500;2.6804733276367187;
5365500;2.9347763061523437;
5374500;2.5930252075195313;
5383500;2.6473159790039062;
5392500;2.5017929077148438;
5401500;2.5619964599609375;
5410500;2.6768798828125;
5419500;2.4678192138671875;
5428500;2.4135284423828125;
5437500;2.0030975341796875;
5446500;1.834442138671875;
5455500;1.7519912719726562;
5464500;1.7037200927734375;
5473500;1.4389266967773437;
5482500;1.696624755859375;
5491500;1.611572265625;
5500500;2.105224609375;
5509500;1.5700836181640625;
5518500;1.5325241088867187;
5527500;1.5132675170898437;
5536500;1.0392303466796875;
5545500;1.128570556640625;
5554500;1.0802841186523437;
5563500;1.1955108642578125;
5572500;1.07049560546875;
5581500;1.2097244262695312;
5590500;3.2840194702148438;
5599500;1.0816192626953125;
5608500;0.774322509765625;
5617500;0.4690093994140625;
5626500;0.282806396484375;
5635500;0.4612274169921875;
5644500;0.30200958251953125;
5653500;0.40509796142578125;
5662500;0.282073974609375;
5671500;0.76639556884765625;
5680500;3.5558929443359375;
5689500;0.220367431640625;
5698500;-0.19643402099609375;
5707500;-0.1691131591796875;
5716500;-0.1715850830078125;
5725500;-0.2014312744140625;
5734500;-0.1633758544921875;
5743500;-0.1505584716796875;
5752500;-0.29540252685546875;
5761500;0.5803070068359375;
5770500;2.5633392333984375;
5779500;-0.615570068359375;
5788500;-0.64577484130859375;
5797500;-0.75302886962890625;
5806500;-0.85431671142578125;
5815500;-0.9024658203125;
5824500;-0.8408660888671875;
5833500;-1.1365890502929687;
5842500;-1.2568740844726562;
5851500;-0.26526641845703125;
5860500;0.53704071044921875;
5869500;-1.6812057495117187;
5878500;-1.4855422973632813;
5887500;-1.5116043090820313;
5896500;-1.783050537109375;
5905500;-1.7023696899414063;
5914500;-1.639068603515625;
5923500;-1.5405044555664062;
5932500;-1.7214508056640625;
5941500;-1.838409423828125;
5950500;-1.900146484375;
5959500;-1.6223220825195312;
5968500;-1.744598388671875;
5977500;-1.927215576171875;
5986500;-2.0018310546875;
5995500;-1.9534912109375;
6004500;-2.06512451171875;
6013500;-2.0205459594726562;
6022500;-1.99908447265625;
6031500;-1.22259521484375;
6040500;-1.7706222534179687;
6049500;-1.8955078125;
6058500;-1.7633285522460937;
6067500;-1.8079452514648437;
6076500;-1.8532791137695313;
6085500;-1.6549911499023437;
6094500;-1.7242660522460937;
6103500;-1.901611328125;
6112500;-1.633453369140625;
6121500;1.0623092651367187;
6130500;-1.0304183959960937;
6139500;-1.365020751953125;
6148500;-1.31982421875;
6157500;-1.2384796142578125;
6166500;-1.2291793823242187;
6175500;-1.1905593872070312;
6184500;-1.0625457763671875;
6193500;-1.3502655029296875;
6202500;-1.1680908203125;
6211500;2.6449432373046875;
6220500;-0.6511688232421875;
6229500;-1.1149749755859375;
6238500;-1.2484664916992187;
6247500;-1.0296630859375;
6256500;-0.9805450439453125;
6265500;-1.1759567260742187;
6274500;-0.9210205078125;
6283500;-1.03912353515625;
6292500;-0.85424041748046875;
6301500;2.6487579345703125;
6310500;-0.79705810546875;
6319500;-1.0768280029296875;
6328500;-1.1546554565429687;
6337500;-1.0580520629882812;
6346500;-1.2218246459960937;
6355500;-1.0275192260742187;
6364500;-1.1348419189453125;
6373500;-1.1206130981445312;
6382500;-0.44387054443359375;
6391500;1.2884674072265625;
6400500;-1.3512344360351563;
6409500;-1.4517593383789063;
6418500;-1.629486083984375;
6427500;-1.4383773803710937;
6436500;-1.7564010620117188;
6445500;-1.6772308349609375;
6454500;-1.4738998413085937;
6463500;-1.701263427734375;
6472500;-1.4687423706054687;
6481500;-1.130889892578125;
6490500;-1.7259902954101563;
6499500;-1.6470565795898437;
6508500;-1.725555419921875;
6517500;-1.6574554443359375;
6526500;-1.6408843994140625;
6535500;-2.0169830322265625;
6544500;-1.790863037109375;
6553500;-1.7722244262695313;
6562500;-1.6054229736328125;
6571500;-1.5227279663085937;
6580500;-1.8384857177734375;
6589500;-1.8034591674804687;
6598500;-1.89605712890625;
6607500;-1.7816162109375;
6616500;-1.7296066284179687;
6625500;-1.5847854614257812;
6634500;-1.85418701171875;
6643500;-1.6444244384765625;
6652500;0.0403594970703125;
6661500;-0.26314544677734375;
6670500;-1.4854660034179687;
6679500;-1.6317596435546875;
6688500;-1.5155563354492187;
6697500;-1.3108367919921875;
6706500;-1.5254592895507813;
6715500;-1.271209716796875;
6724500;-1.3360595703125;
6733500;-1.3672027587890625;
6742500;1.396453857421875;
6751500;-0.454559326171875;
6760500;-1.4173965454101562;
6769500;-1.386688232421875;
6778500;-1.1668014526367187;
6787500;-1.0371322631835937;
6796500;-1.504058837890625;
6805500;-1.1303863525390625;
6814500;-1.2529449462890625;
6823500;-1.5944595336914063;
6832500;0.7315216064453125;
6841500;-1.0029754638671875;
6850500;-1.19207763671875;
6859500;-1.5285491943359375;
6868500;-1.69989013671875;
6877500;-1.7632064819335937;
6886500;-1.7534713745117187;
6895500;-1.8863525390625;
6904500;-1.9264450073242187;
6913500;-1.8026275634765625;
6922500;-0.8891754150390625;
6931500;-1.974945068359375;
6940500;-1.7509994506835937;
6949500;-2.0361099243164062;
6958500;-2.0357284545898437;
6967500;-2.0868301391601562;
6976500;-2.2711715698242187;
6985500;-1.9967575073242187;
6994500;-2.2452011108398437;
7003500;-2.0859603881835937;
7012500;-1.9720993041992187;
7021500;-2.3244705200195313;
7030500;-2.2563323974609375;
7039500;-2.396240234375;
7048500;-2.309417724609375;
7057500;-2.3491287231445313;
7066500;-2.2673492431640625;
7075500;-2.3717193603515625;
7084500;-2.5716781616210938;
7093500;-2.170745849609375;
7102500;-2.1006011962890625;
7111500;-2.2652130126953125;
7120500;-2.1688690185546875;
7129500;-2.4205856323242187;
7138500;-2.2016677856445312;
7147500;-2.3402633666992187;
7156500;-2.24432373046875;
7165500;-2.4543380737304687;
7174500;-2.4943389892578125;
7183500;-2.2387161254882813;
7192500;-1.649566650390625;
7201500;-2.5248947143554687;
7210500;-2.4524917602539062;
7219500;-2.6238555908203125;
7228500;-2.6650009155273437;
7237500;-2.545501708984375;
7246500;-2.4883193969726562;
7255500;-2.68048095703125;
7264500;-2.556732177734375;
7273500;-1.2599563598632813;
7282500;-1.2553939819335937;
7291500;-2.6686553955078125;
7300500;-2.4321136474609375;
7309500;-2.75164794921875;
7318500;-2.4913711547851562;
7327500;-2.4736557006835937;
7336500;-2.3715057373046875;
7345500;-2.2843399047851562;
7354500;-2.5042343139648438;
7363500;-0.850830078125;
7372500;-1.4917144775390625;
7381500;-2.2493362426757813;
7390500;-2.5326919555664063;
7399500;-2.201629638671875;
7408500;-2.4111709594726562;
7417500;-2.6195526123046875;
7426500;-2.1779251098632813;
7435500;-2.1947021484375;
7444500;-2.1431732177734375;
7453500;-1.2693405151367188;
7462500;-1.74249267578125;
7471500;-2.1219100952148437;
7480500;-2.260498046875;
7489500;-1.7473297119140625;
7498500;-1.6082382202148438;
7507500;-1.8386459350585938;
7516500;-1.9834442138671875;
7525500;-2.0285491943359375;
7534500;-1.9094467163085938;
7543500;-1.700958251953125;
7552500;-2.09637451171875;
7561500;-2.0076370239257813;
7570500;-1.7991790771484375;
7579500;-1.6674880981445312;
7588500;-1.7007293701171875;
7597500;-1.6994857788085938;
7606500;-1.6610183715820313;
7615500;-1.8557586669921875;
7624500;-1.810455322265625;
7633500;-1.77447509765625;
7642500;-2.0304107666015625;
7651500;-2.0400161743164062;
7660500;-1.8038558959960938;
7669500;-1.9939498901367187;
7678500;-2.3307342529296875;
7687500;-2.0500335693359375;
7696500;-1.7660446166992187;
7705500;-1.867156982421875;
7714500;-2.2017288208007813;
7723500;-2.0156402587890625;
7732500;-2.1934738159179687;
7741500;-1.9093017578125;
7750500;-2.33709716796875;
7759500;-2.1888198852539062;
7768500;-1.9064712524414063;
7777500;-2.252838134765625;
7786500;-2.0288314819335937;
7795500;-2.164215087890625;
7804500;-1.9424667358398437;
7813500;-1.8957977294921875;
7822500;-1.7685470581054687;
7831500;-2.187957763671875;
7840500;-2.0878067016601562;
7849500;-1.7935256958007812;
7858500;-1.6856307983398437;
7867500;-1.8810958862304687;
7876500;-1.993438720703125;
7885500;-1.7661209106445313;
7894500;-1.43017578125;
7903500;-1.33831787109375;
7912500;-1.7924575805664062;
7921500;-1.7654953002929687;
7930500;-1.7679824829101563;
7939500;-1.5879669189453125;
7948500;-1.4148712158203125;
7957500;-1.5456008911132813;
7966500;-1.39141845703125;
7975500;-1.2491302490234375;
7984500;-0.72772216796875;
7993500;-0.9257965087890625;
8002500;-1.3660736083984375;
8011500;-1.1132431030273437;
8020500;-1.05706787109375;
8029500;-1.2719802856445312;
8038500;-1.29296875;
8047500;-0.910736083984375;
8056500;-0.94863128662109375;
8065500;-0.8433074951171875;
8074500;-0.86658477783203125;
8083500;-0.9561309814453125;
8092500;-0.98462677001953125;
8101500;-0.89935302734375;
8110500;-1.214385986328125;
8119500;-1.2434310913085937;
8128500;-1.2176971435546875;
8137500;-1.193328857421875;
8146500;-1.2143478393554687;
8155500;-1.0723114013671875;
8164500;-0.924468994140625;
8173500;-1.2082061767578125;
8182500;-1.2042617797851563;
8191500;-1.443939208984375;
8200500;-1.512908935546875;
8209500;-1.4247894287109375;
8218500;-1.6412200927734375;
8227500;-1.6478958129882813;
8236500;-1.7298965454101562;
8245500;-1.5971145629882812;
8254500;-0.28472137451171875;
8263500;-1.7960891723632812;
8272500;-2.0625381469726562;
8281500;-2.30499267578125;
8290500;-2.2262649536132812;
8299500;-2.123291015625;
8308500;-2.1960372924804687;
8317500;-2.2781143188476562;
8326500;-2.1972732543945312;
8335500;-1.9188461303710937;
8344500;0.91930389404296875;
8353500;-1.9760284423828125;
8362500;-2.44683837890625;
8371500;-2.5139694213867187;
8380500;-2.3319625854492187;
8389500;-2.3400115966796875;
8398500;-2.4243621826171875;
8407500;-2.3720703125;
8416500;-2.408935546875;
8425500;-1.8191757202148437;
8434500;-0.0158233642578125;
8443500;-2.4395751953125;
8452500;-2.174468994140625;
8461500;-2.093963623046875;
8470500;-1.9028854370117188;
8479500;-1.9483871459960937;
8488500;-1.873016357421875;
8497500;-2.193084716796875;
8506500;-2.0302200317382813;
8515500;-1.4929275512695312;
8524500;-0.908355712890625;
8533500;-1.9102554321289062;
8542500;-1.9654464721679688;
8551500;-1.78631591796875;
8560500;-1.9194793701171875;
8569500;-1.7846832275390625;
8578500;-1.94720458984375;
8587500;-1.9874725341796875;
8596500;-1.9110946655273437;
8605500;-1.7596664428710937;
8614500;-1.7860870361328125;
8623500;-1.8279876708984375;
8632500;-1.9521942138671875;
8641500;-2.103485107421875;
8650500;-1.9984283447265625;
8659500;-2.0500335693359375;
8668500;-2.0631179809570312;
8677500;-2.1636505126953125;
8686500;-2.3153839111328125;
8695500;-2.2046585083007813;
8704500;-2.3270492553710937;
8713500;-2.3081512451171875;
8722500;-2.5126113891601562;
8731500;-2.49444580078125;
8740500;-2.6570587158203125;
8749500;-2.5376815795898437;
8758500;-2.6160659790039062;
8767500;-2.43963623046875;
8776500;-2.5791168212890625;
8785500;-2.0730361938476562;
8794500;-2.4833526611328125;
8803500;-2.6427001953125;
8812500;-2.7007980346679687;
8821500;-2.8593368530273437;
8830500;-2.832672119140625;
8839500;-2.7936553955078125;
8848500;-2.9449310302734375;
8857500;-2.84027099609375;
8866500;-2.9864349365234375;
8875500;-2.1013259887695313;
8884500;-2.8750762939453125;
8893500;-2.9680328369140625;
8902500;-2.8599472045898437;
8911500;-2.8499374389648437;
8920500;-3.102813720703125;
8929500;-3.1668014526367187;
8938500;-3.2896347045898437;
8947500;-2.8433303833007813;
8956500;-3.1888198852539063;
8965500;-1.9678192138671875;
8974500;-3.1523895263671875;
8983500;-3.0952606201171875;
8992500;-2.9381179809570313;
9001500;-2.8060226440429687;
9010500;-3.044342041015625;
9019500;-3.246063232421875;
9028500;-3.050384521484375;
9037500;-2.8838043212890625;
9046500;-2.7440414428710937;
9055500;-2.2265243530273438;
9064500;-3.1710968017578125;
9073500;-2.9562835693359375;
9082500;-2.908477783203125;
9091500;-2.9598388671875;
9100500;-3.1528091430664063;
9109500;-2.868255615234375;
9118500;-2.9723663330078125;
9127500;-2.8407363891601562;
9136500;-2.8539581298828125;
9145500;-2.9222412109375;
9154500;-3.1612396240234375;
9163500;-3.14013671875;
9172500;-3.0924072265625;
9181500;-3.1638259887695312;
9190500;-3.2997589111328125;
9199500;-3.2534942626953125;
9208500;-3.07196044921875;
9217500;-3.1210784912109375;
9226500;-2.924163818359375;
9235500;-2.9715118408203125;
9244500;-3.1391220092773437;
9253500;-3.12164306640625;
9262500;-3.0588760375976562;
9271500;-3.2698287963867187;
9280500;-3.1691818237304687;
9289500;-3.254974365234375;
9298500;-3.4108200073242187;
9307500;-3.1502456665039062;
9316500;-3.0743026733398438;
9325500;-2.9448089599609375;
9334500;-3.21337890625;
9343500;-3.440948486328125;
9352500;-3.1945571899414062;
9361500;-3.21331787109375;
9370500;-3.1599884033203125;
9379500;-3.161865234375;
9388500;-3.46875;
9397500;-3.4549942016601562;
9406500;-3.0649490356445312;
9415500;-3.4096832275390625;
9424500;-3.5131683349609375;
9433500;-3.41217041015625;
9442500;-3.2499618530273437;
9451500;-3.2276840209960937;
9460500;-3.2523956298828125;
9469500;-3.4567794799804687;
9478500;-3.468994140625;
9487500;-3.19378662109375;
9496500;-2.9842987060546875;
9505500;-3.009124755859375;
9514500;-2.9674072265625;
9523500;-3.2503128051757813;
9532500;-3.1154022216796875;
9541500;-3.146636962890625;
9550500;-3.039337158203125;
9559500;-3.144287109375;
9568500;-3.4156570434570312;
9577500;-3.4441452026367187;
9586500;-3.171630859375;
9595500;-3.0993804931640625;
9604500;-3.300048828125;
9613500;-3.3614730834960938;
9622500;-3.398529052734375;
9631500;-3.1503067016601562;
9640500;-3.3236846923828125;
9649500;-3.22589111328125;
9658500;-3.3316192626953125;
9667500;-3.1014022827148437;
9676500;-3.2725143432617187;
9685500;-3.2618408203125;
9694500;-3.2732772827148438;
9703500;-3.148193359375;
9712500;-3.1473922729492187;
9721500;-3.3678512573242187;
9730500;-3.253631591796875;
9739500;-3.21038818359375;
9748500;-2.87945556640625;
9757500;-3.3382949829101562;
9766500;-3.2954635620117187;
9775500;-3.0152816772460937;
9784500;-2.9306564331054687;
9793500;-3.0729522705078125;
9802500;-3.2179946899414062;
9811500;-3.133087158203125;
9820500;-2.9251632690429687;
9829500;-2.9735488891601562;
9838500;-2.9665145874023437;
9847500;-2.8097000122070313;
9856500;-2.7420654296875;
9865500;-2.4930572509765625;
9874500;-2.7481536865234375;
9883500;-2.6950607299804687;
9892500;-2.3091049194335937;
9901500;-2.2228546142578125;
9910500;-2.3224639892578125;
9919500;-2.3731765747070312;
9928500;-2.2229843139648437;
9937500;-2.18670654296875;
9946500;-1.5994033813476562;
9955500;-2.1014633178710937;
9964500;-2.0987472534179687;
9973500;-1.8081436157226562;
9982500;-1.529144287109375;
9991500;-1.419921875;
10000500;-1.6457748413085938;
10009500;-1.62957763671875;
10018500;-1.5445175170898437;
10027500;-0.70587158203125;
10036500;-1.4344329833984375;
10045500;-1.5138168334960937;
10054500;-1.2482681274414062;
10063500;-0.76125335693359375;
10072500;-1.4497833251953125;
10081500;-1.6466217041015625;
10090500;-1.7022705078125;
10099500;-1.42266845703125;
10108500;-1.0848770141601563;
10117500;-2.0456161499023437;
10126500;-1.945343017578125;
10135500;-2.3101882934570312;
10144500;-1.6858749389648437;
10153500;-2.2470703125;
10162500;-2.6560211181640625;
10171500;-2.379638671875;
10180500;-2.6595001220703125;
10189500;-2.260406494140625;
10198500;-3.0619659423828125;
10207500;-2.8986740112304687;
10216500;-2.7404632568359375;
10225500;-2.4100875854492187;
10234500;-2.842529296875;
10243500;-2.932403564453125;
10252500;-2.899993896484375;
10261500;-2.8461380004882812;
10270500;-2.82696533203125;
10279500;-2.9521408081054687;
10288500;-3.1641693115234375;
10297500;-2.7309646606445313;
10306500;-2.5524215698242187;
10315500;-2.9014358520507812;
10324500;-2.9590911865234375;
10333500;-2.9468765258789062;
10342500;-2.931915283203125;
10351500;-2.7067413330078125;
10360500;-2.90093994140625;
10369500;-2.977783203125;
10378500;-2.846282958984375;
10387500;-2.5775527954101563;
10396500;-2.9183502197265625;
10405500;-2.8637771606445313;
10414500;-2.7571868896484375;
10423500;-2.8497161865234375;
10432500;-2.96612548828125;
10441500;-2.71923828125;
10450500;-2.75189208984375;
10459500;-2.7621841430664063;
10468500;-2.955322265625;
10477500;-2.8879013061523438;
10486500;-2.7271347045898437;
10495500;-2.815216064453125;
10504500;-2.7675094604492187;
10513500;-2.917755126953125;
10522500;-2.97149658203125;
10531500;-2.9074478149414063;
10540500;-2.8502349853515625;
10549500;-2.9214630126953125;
10558500;-2.8977813720703125;
10567500;-2.81793212890625;
10576500;-2.8782119750976562;
10585500;-2.9365692138671875;
10594500;-3.2671585083007813;
10603500;-3.056640625;
10612500;-2.9519729614257813;
10621500;-2.9254989624023437;
10630500;-3.0662155151367187;
10639500;-3.3303146362304687;
10648500;-3.2019271850585938;
10657500;-3.1526336669921875;
10666500;-3.0981674194335938;
10675500;-3.18084716796875;
10684500;-3.2780609130859375;
10693500;-3.3489227294921875;
10702500;-3.332183837890625;
10711500;-3.0521621704101562;
10720500;-3.2061920166015625;
10729500;-3.3050537109375;
10738500;-3.2148590087890625;
10747500;-3.2006988525390625;
10756500;-3.1589431762695312;
10765500;-3.2456817626953125;
10774500;-3.1442184448242187;
10783500;-3.224334716796875;
10792500;-3.2006378173828125;
10801500;-3.224395751953125;
10810500;-3.1810150146484375;
10819500;-3.0935745239257813;
10828500;-3.162506103515625;
10837500;-3.2339324951171875;
10846500;-3.2049789428710938;
10855500;-3.1024246215820313;
10864500;-3.1817626953125;
10873500;-3.1024627685546875;
10882500;-2.9349594116210937;
10891500;-3.1363906860351562;
10900500;-2.896453857421875;
10909500;-2.9814682006835937;
10918500;-2.689208984375;
10927500;-2.9678421020507813;
10936500;-3.0838546752929687;
10945500;-2.7914505004882813;
10954500;-2.7758636474609375;
10963500;-2.7000503540039062;
10972500;-2.7384185791015625;
10981500;-2.548431396484375;
10990500;-2.5800628662109375;
10999500;-2.4594879150390625;
11008500;-1.7698974609375;
11017500;-2.2920989990234375;
11026500;-2.4782180786132813;
11035500;-2.302001953125;
11044500;-2.1703033447265625;
11053500;-2.0141067504882813;
11062500;-1.9254608154296875;
11071500;-1.8697586059570313;
11080500;-1.6482620239257812;
11089500;-1.5754318237304688;
11098500;-1.0472183227539062;
11107500;-1.59820556640625;
11116500;-1.8636398315429687;
11125500;-1.6783294677734375;
11134500;-1.60394287109375;
11143500;-1.5281143188476563;
11152500;-1.61907958984375;
11161500;-1.5818023681640625;
11170500;-1.4007568359375;
11179500;-1.3643417358398437;
11188500;-0.89630126953125;
11197500;-1.46466064453125;
11206500;-1.6747283935546875;
11215500;-1.4465103149414062;
11224500;-1.2282867431640625;
11233500;-1.4900970458984375;
11242500;-1.5268783569335937;
11251500;-1.45111083984375;
11260500;-1.4727935791015625;
11269500;-1.479400634765625;
11278500;-1.3123016357421875;
11287500;-1.8508377075195313;
11296500;-1.7859573364257813;
11305500;-1.7363204956054687;
11314500;-2.032745361328125;
11323500;-2.132171630859375;
11332500;-2.1039657592773437;
11341500;-2.0721893310546875;
11350500;-1.7856979370117188;
11359500;-1.7384262084960937;
11368500;-2.1505203247070313;
11377500;-2.1411590576171875;
11386500;-2.2265625;
11395500;-2.436920166015625;
11404500;-2.751373291015625;
11413500;-2.7703170776367187;
11422500;-2.5221176147460937;
11431500;-2.427001953125;
11440500;-2.7288742065429687;
11449500;-2.286773681640625;
11458500;-2.388153076171875;
11467500;-2.4295806884765625;
11476500;-2.349334716796875;
11485500;-2.408782958984375;
11494500;-2.5675888061523437;
11503500;-2.365203857421875;
11512500;-2.4035491943359375;
11521500;-2.5550079345703125;
11530500;-2.36700439453125;
11539500;-1.7709121704101562;
11548500;-2.3190460205078125;
11557500;-2.4753952026367187;
11566500;-2.6528701782226562;
11575500;-2.4882125854492187;
11584500;-2.6012649536132813;
11593500;-2.478363037109375;
11602500;-2.4734954833984375;
11611500;-2.5931472778320312;
11620500;-2.565887451171875;
11629500;-1.8360671997070312;
11638500;-2.4663238525390625;
11647500;-2.593414306640625;
11656500;-2.5197601318359375;
11665500;-2.7399673461914062;
11674500;-2.420196533203125;
11683500;-2.6000747680664062;
11692500;-2.742706298828125;
11701500;-2.5605239868164062;
11710500;-2.6452178955078125;
11719500;-2.1639404296875;
11728500;-2.8825759887695313;
11737500;-2.9103851318359375;
11746500;-2.7443389892578125;
11755500;-2.7818527221679687;
11764500;-2.8546218872070313;
11773500;-2.84619140625;
11782500;-2.909088134765625;
11791500;-2.9402923583984375;
11800500;-2.9617233276367187;
11809500;-2.7375030517578125;
11818500;-2.93359375;
11827500;-2.868011474609375;
11836500;-3.1200408935546875;
11845500;-3.215850830078125;
11854500;-3.2854537963867187;
11863500;-2.9991302490234375;
11872500;-3.098114013671875;
11881500;-3.1880645751953125;
11890500;-3.1932373046875;
11899500;-3.3536376953125;
11908500;-3.1492385864257812;
11917500;-1.3588790893554687;
11926500;-2.85284423828125;
11935500;-3.361328125;
11944500;-3.30926513671875;
11953500;-3.254638671875;
11962500;-3.1102142333984375;
11971500;-3.0866317749023437;
11980500;-3.0547256469726562;
11989500;-2.8218460083007813;
11998500;2.9226303100585938;
12007500;-1.57666015625;
12016500;-3.1884231567382813;
12025500;-3.185394287109375;
12034500;-3.37750244140625;
12043500;-3.1476898193359375;
12052500;-3.1455612182617187;
12061500;-2.9843368530273438;
12070500;-2.808013916015625;
12079500;-2.8769149780273438;
12088500;-3.12091064453125;
12097500;-3.2361068725585938;
12106500;-3.19158935546875;
12115500;-3.0373382568359375;
12124500;-3.0992965698242187;
12133500;-3.1698760986328125;
12142500;-3.1262741088867187;
12151500;-3.2265701293945313;
12160500;-2.4848709106445312;
12169500;-2.910125732421875;
12178500;-3.1865234375;
12187500;-3.217254638671875;
12196500;-3.1510238647460937;
12205500;-2.9238662719726562;
12214500;-3.1034088134765625;
12223500;-3.2992477416992187;
12232500;-2.8308868408203125;
12241500;-2.9933395385742187;
12250500;-2.3460769653320313;
12259500;-2.9842376708984375;
12268500;-3.0846786499023438;
12277500;-3.1667709350585938;
12286500;-2.9943695068359375;
12295500;-2.9093780517578125;
12304500;-2.8036575317382813;
12313500;-2.9795989990234375;
12322500;-2.7815628051757813;
12331500;-2.7639007568359375;
12340500;-2.765380859375;
12349500;-3.1349639892578125;
12358500;-3.064727783203125;
12367500;-3.0580902099609375;
12376500;-2.8863067626953125;
12385500;-3.0408706665039062;
12394500;-3.13427734375;
12403500;-3.0631561279296875;
12412500;-3.1041793823242187;
12421500;-2.9857025146484375;
12430500;-2.9806747436523438;
12439500;-3.2233505249023437;
12448500;-3.0509185791015625;
12457500;-3.1746826171875;
12466500;-2.932464599609375;
12475500;-2.9918060302734375;
12484500;-2.9074020385742187;
12493500;-3.091156005859375;
12502500;-3.325714111328125;
12511500;-3.0463409423828125;
12520500;-3.1032638549804687;
12529500;-2.965118408203125;
12538500;-3.2919921875;
12547500;-3.1974639892578125;
12556500;-3.1049041748046875;
12565500;-3.06805419921875;
12574500;-3.176971435546875;
12583500;-3.1648788452148437;
12592500;-3.3554534912109375;
12601500;-3.1795730590820313;
12610500;-3.0229644775390625;
12619500;-3.1082077026367187;
12628500;-3.249237060546875;
12637500;-3.0808944702148437;
12646500;-2.9343643188476562;
12655500;-2.894561767578125;
12664500;-3.089599609375;
12673500;-3.1279525756835937;
12682500;-3.2228546142578125;
12691500;-2.9060592651367187;
12700500;-2.9298095703125;
12709500;-3.0066299438476563;
12718500;-3.036834716796875;
12727500;-3.1332473754882813;
12736500;-3.0288619995117187;
12745500;-2.8796615600585938;
12754500;-3.280792236328125;
12763500;-3.0583343505859375;
12772500;-3.09466552734375;
12781500;-2.8120956420898437;
12790500;-2.9360885620117187;
12799500;-3.1754531860351562;
12808500;-2.9530563354492187;
12817500;-3.1587448120117187;
12826500;-3.0369033813476562;
12835500;-2.992919921875;
12844500;-2.9516754150390625;
12853500;-3.0646209716796875;
12862500;-3.0469512939453125;
12871500;-2.911834716796875;
12880500;-3.1215362548828125;
12889500;-3.025543212890625;
12898500;-2.9860382080078125;
12907500;-3.0400772094726562;
12916500;-3.1469955444335938;
12925500;-2.8623809814453125;
12934500;-2.8313064575195313;
12943500;-2.9069671630859375;
12952500;-2.9065017700195313;
12961500;-3.0202713012695313;
12970500;-2.9348068237304687;
12979500;-3.11639404296875;
12988500;-3.1073989868164062;
12997500;-3.2376022338867187;
13006500;-3.1620559692382812;
13015500;-3.029815673828125;
13024500;-3.037017822265625;
13033500;-3.2072601318359375;
13042500;-3.2065582275390625;
13051500;-3.0290603637695313;
13060500;-3.10150146484375;
13069500;-3.141693115234375;
13078500;-3.2361907958984375;
13087500;-3.0470504760742187;
13096500;-2.78497314453125;
13105500;-2.8290176391601563;
13114500;-3.0923309326171875;
13123500;-3.0747528076171875;
13132500;-3.0585556030273437;
13141500;-2.92791748046875;
13150500;-3.1301727294921875;
13159500;-3.0868682861328125;
13168500;-3.1827239990234375;
13177500;-3.1116790771484375;
13186500;-3.0692214965820312;
13195500;-2.9095916748046875;
13204500;-3.0652923583984375;
13213500;-3.0909347534179687;
13222500;-2.9439315795898437;
13231500;-3.0810699462890625;
13240500;-3.1376113891601562;
13249500;-2.9967117309570313;
13258500;-3.0026931762695312;
13267500;-3.0963821411132812;
13276500;-3.0797576904296875;
13285500;-2.847625732421875;
13294500;-2.8760910034179687;
13303500;-2.8849411010742187;
13312500;-2.8853759765625;
13321500;-2.8860702514648438;
13330500;-2.876739501953125;
13339500;-2.7968292236328125;
13348500;-2.8808746337890625;
13357500;-2.9055557250976562;
13366500;-2.8767166137695312;
13375500;-2.81005859375;
13384500;-3.0278396606445313;
13393500;-2.7545013427734375;
13402500;-2.7274246215820312;
13411500;-2.7190093994140625;
13420500;-2.8595733642578125;
13429500;-2.9988784790039062;
13438500;-2.9981002807617187;
13447500;-2.911956787109375;
13456500;-2.6599197387695313;
13465500;-2.8942184448242187;
13474500;-2.8901519775390625;
13483500;-2.8661575317382813;
13492500;-2.9123687744140625;
13501500;-2.6909637451171875;
13510500;-2.599639892578125;
13519500;-2.6512908935546875;
13528500;-2.7184219360351562;
13537500;-2.95477294921875;
13546500;-2.8627700805664062;
13555500;-2.968048095703125;
13564500;-2.7205352783203125;
13573500;-2.7252731323242187;
13582500;-2.766326904296875;
13591500;-2.713409423828125;
13600500;-2.6395111083984375;
13609500;-2.562713623046875;
13618500;-2.7826766967773437;
13627500;-2.9529800415039062;
13636500;-2.9242324829101563;
13645500;-2.8184280395507812;
13654500;-2.6923675537109375;
13663500;-2.76422119140625;
13672500;-2.6257705688476563;
13681500;-2.650970458984375;
13690500;-2.7373886108398438;
13699500;-2.9211044311523438;
13708500;-2.9049224853515625;
13717500;-2.71087646484375;
13726500;-2.8240966796875;
13735500;-2.7958297729492187;
13744500;-3.0427780151367187;
13753500;-2.8214645385742187;
13762500;-2.706787109375;
13771500;-2.7551345825195313;
13780500;-2.7714309692382812;
13789500;-2.7257308959960937;
13798500;-2.9552001953125;
13807500;-2.821319580078125;
13816500;-2.63299560546875;
13825500;-2.7155609130859375;
13834500;-2.7138824462890625;
13843500;-2.987884521484375;
13852500;-2.9413375854492187;
13861500;-2.81842041015625;
13870500;-2.6990432739257812;
13879500;-2.6406402587890625;
13888500;-2.773712158203125;
13897500;-2.6195755004882813;
13906500;-2.5143890380859375;
13915500;-2.7468414306640625;
13924500;-2.619598388671875;
13933500;-2.585357666015625;
13942500;-2.5596771240234375;
13951500;-2.6076507568359375;
13960500;-2.65435791015625;
13969500;-2.8238677978515625;
13978500;-2.5089950561523437;
13987500;-2.7196807861328125;
13996500;-2.6643524169921875;
14005500;-2.5660171508789062;
14014500;-2.623626708984375;
14023500;-2.5727462768554687;
14032500;-2.5771636962890625;
14041500;-2.5775146484375;
14050500;-2.5221405029296875;
14059500;-2.4980621337890625;
14068500;-2.5350341796875;
14077500;-2.4774169921875;
14086500;-2.5565032958984375;
14095500;-2.9117965698242187;
14104500;-2.8665008544921875;
14113500;-2.6873321533203125;
14122500;-2.6198348999023437;
14131500;-2.5872344970703125;
14140500;-2.5000457763671875;
14149500;-2.4677886962890625;
14158500;-2.6420974731445313;
14167500;-2.7033233642578125;
14176500;-2.83447265625;
14185500;-2.6642227172851563;
14194500;-2.6003570556640625;
14203500;-2.444915771484375;
14212500;-2.3922576904296875;
14221500;-2.5895462036132812;
14230500;-2.63092041015625;
14239500;-2.76947021484375;
14248500;-2.51531982421875;
14257500;-2.2980422973632813;
14266500;-2.5833969116210937;
14275500;-2.5740890502929687;
14284500;-2.6246337890625;
14293500;-2.5282211303710937;
14302500;-2.5738906860351563;
14311500;-2.381256103515625;
14320500;-2.6457366943359375;
14329500;-2.3412017822265625;
14338500;-2.632110595703125;
14347500;-2.263336181640625;
14356500;-2.3164901733398437;
14365500;-2.5133132934570313;
14374500;-2.5340423583984375;
14383500;-2.362884521484375;
14392500;-2.32012939453125;
14401500;-2.5965728759765625;
14410500;-2.4268646240234375;
14419500;-2.4934539794921875;
14428500;-2.3600006103515625;
14437500;-2.4852828979492187;
14446500;-2.3925628662109375;
14455500;-2.0545654296875;
14464500;-2.3541030883789062;
14473500;-2.3736648559570312;
14482500;-2.2815933227539062;
14491500;-2.3335952758789062;
14500500;-2.4088592529296875;
14509500;-2.4438400268554687;
14518500;-2.3630218505859375;
14527500;-2.4785308837890625;
14536500;-2.326141357421875;
14545500;-2.312835693359375;
14554500;-2.4693069458007812;
14563500;-2.378570556640625;
14572500;-2.252777099609375;
14581500;-2.4097900390625;
14590500;-2.6009292602539062;
14599500;-2.3797531127929687;
14608500;-2.258636474609375;
14617500;-2.0964813232421875;
14626500;-2.1138839721679687;
14635500;-2.3206024169921875;
14644500;-2.2187042236328125;
14653500;-2.2428359985351562;
14662500;-2.3040924072265625;
14671500;-2.1602020263671875;
14680500;-2.1184234619140625;
14689500;-2.0775299072265625;
14698500;-2.1890716552734375;
14707500;-2.2511444091796875;
14716500;-2.5068359375;
14725500;-2.3923187255859375;
14734500;-2.1709365844726562;
14743500;-2.3079833984375;
14752500;-2.2807235717773437;
14761500;-2.3802108764648437;
14770500;-2.327972412109375;
14779500;-2.2109375;
14788500;-2.0498580932617187;
14797500;-1.9659957885742187;
14806500;-2.1822509765625;
14815500;-2.0000534057617187;
14824500;-1.8779067993164062;
14833500;-2.0546798706054687;
14842500;-2.16876220703125;
14851500;-2.0337753295898437;
14860500;-1.900482177734375;
14869500;-2.3077239990234375;
14878500;-2.1214141845703125;
14887500;-2.3240890502929687;
14896500;-2.2095489501953125;
14905500;-2.121551513671875;
14914500;-2.1629486083984375;
14923500;-2.2895965576171875;
14932500;-2.3071517944335937;
14941500;-2.4340972900390625;
14950500;-2.1658935546875;
14959500;-2.236328125;
14968500;-2.0718002319335938;
14977500;-2.3395614624023437;
14986500;-2.28558349609375;
14995500;-2.0796279907226562;
15004500;-1.9154129028320312;
15013500;-2.0112991333007813;
15022500;-2.264617919921875;
15031500;-2.229888916015625;
15040500;-2.2586669921875;
15049500;-2.1215972900390625;
15058500;-2.27362060546875;
15067500;-2.1089019775390625;
15076500;-2.1526718139648438;
15085500;-1.9702224731445312;
15094500;-1.9476852416992187;
15103500;-2.0198898315429687;
15112500;-1.9492568969726563;
15121500;-1.8481826782226563;
15130500;-2.2128219604492187;
15139500;-2.31585693359375;
15148500;-2.10064697265625;
15157500;-2.0299530029296875;
15166500;-2.0889053344726562;
15175500;-2.0722427368164062;
15184500;-1.9918746948242187;
15193500;-1.7960662841796875;
15202500;-1.8828964233398438;
15211500;-1.9193344116210937;
15220500;-1.7727890014648437;
15229500;-1.8755416870117187;
15238500;-1.8355712890625;
15247500;-1.9253158569335938;
15256500;-1.96588134765625;
15265500;-1.8984527587890625;
15274500;-1.954498291015625;
15283500;-1.83697509765625;
15292500;-2.0465774536132813;
15301500;-2.0131072998046875;
15310500;-1.9508590698242187;
15319500;-2.0616683959960937;
15328500;-1.9077606201171875;
15337500;-1.9170303344726563;
15346500;-1.882598876953125;
15355500;-1.6672897338867188;
15364500;-1.5216293334960937;
15373500;-1.8504180908203125;
15382500;-1.8493499755859375;
15391500;-2.1909332275390625;
15400500;-2.0219192504882812;
15409500;-2.1877670288085938;
15418500;-1.9272308349609375;
15427500;-1.9679412841796875;
15436500;-1.7884063720703125;
15445500;-1.8268585205078125;
15454500;-1.7172317504882812;
15463500;-1.93707275390625;
15472500;-1.83349609375;
15481500;-2.0215606689453125;
15490500;-2.0361404418945312;
15499500;-1.8840866088867187;
15508500;-1.939422607421875;
15517500;-1.9347076416015625;
15526500;-2.0137939453125;
15535500;-1.8831939697265625;
15544500;-1.997283935546875;
15553500;-2.1565399169921875;
15562500;-1.9493942260742187;
15571500;-1.9027633666992187;
15580500;-1.8564300537109375;
15589500;-2.0473175048828125;
15598500;-1.7237548828125;
15607500;-1.9212646484375;
15616500;-1.8917465209960938;
15625500;-1.81146240234375;
15634500;-1.9902114868164062;
15643500;-1.9564208984375;
15652500;-1.9618988037109375;
15661500;-1.9034881591796875;
15670500;-1.9635467529296875;
15679500;-2.0806732177734375;
15688500;-1.7812652587890625;
15697500;-1.7808151245117188;
15706500;-1.811431884765625;
15715500;-1.7501068115234375;
15724500;-1.7065887451171875;
15733500;-1.8400955200195313;
15742500;-1.8682708740234375;
15751500;-1.5551223754882813;
15760500;-1.6413345336914063;
15769500;-1.6513442993164063;
15778500;-1.9049530029296875;
15787500;-1.8055496215820312;
15796500;-1.9299240112304687;
15805500;-1.8081817626953125;
15814500;-1.8085250854492187;
15823500;-1.9249114990234375;
15832500;-1.9186172485351562;
15841500;-1.9779510498046875;
15850500;-1.9697036743164063;
15859500;-1.6275787353515625;
15868500;-1.8106918334960937;
15877500;-1.869537353515625;
15886500;-1.7708892822265625;
15895500;-1.5134353637695313;
15904500;-1.7738494873046875;
15913500;-1.563751220703125;
15922500;-1.6397705078125;
15931500;-1.6490859985351563;
15940500;-1.8065567016601563;
15949500;-1.7238311767578125;
15958500;-1.5759506225585937;
15967500;-1.707275390625;
15976500;-1.7865676879882813;
15985500;-1.822357177734375;
15994500;-1.6231002807617187;
16003500;-1.672027587890625;
16012500;-1.739837646484375;
16021500;-1.8234329223632812;
16030500;-1.8456954956054687;
16039500;-1.772918701171875;
16048500;-1.9173583984375;
16057500;-2.0893096923828125;
16066500;-1.7559051513671875;
16075500;-1.5698928833007813;
16084500;-1.8513870239257813;
16093500;-1.6312179565429687;
16102500;-1.6955413818359375;
16111500;-1.82232666015625;
16120500;-1.79547119140625;
16129500;-1.6037139892578125;
16138500;-1.95068359375;
16147500;-1.7693252563476563;
16156500;-1.6942062377929687;
16165500;-1.86016845703125;
16174500;-1.7939605712890625;
16183500;-1.7862548828125;
16192500;-1.8118515014648437;
16201500;-1.6654586791992188;
16210500;-1.7833633422851563;
16219500;-1.8356704711914063;
16228500;-1.8621978759765625;
16237500;-1.61309814453125;
16246500;-1.6525192260742187;
16255500;-1.940521240234375;
16264500;-1.7441253662109375;
16273500;-1.7488479614257813;
16282500;-1.8189849853515625;
16291500;-1.82861328125;
16300500;-1.746429443359375;
16309500;-1.809051513671875;
16318500;-1.7936477661132812;
16327500;-1.832275390625;
16336500;-1.9270782470703125;
16345500;-1.6925201416015625;
16354500;-1.7836456298828125;
16363500;-1.7064208984375;
16372500;-1.6906890869140625;
16381500;-1.7455825805664062;
16390500;-1.7876815795898438;
16399500;-1.8311614990234375;
16408500;-1.6534652709960937;
16417500;-1.9383544921875;
16426500;-2.04119873046875;
16435500;-1.9339752197265625;
16444500;-1.8258590698242187;
16453500;-2.0015411376953125;
16462500;-1.6670074462890625;
16471500;-1.5646591186523437;
16480500;-1.6393814086914062;
16489500;-1.9433364868164062;
16498500;-1.769683837890625;
16507500;-1.822479248046875;
16516500;-1.9556732177734375;
16525500;-1.6604461669921875;
16534500;-1.7421035766601562;
16543500;-1.7127609252929688;
16552500;-1.833953857421875;
16561500;-1.77886962890625;
16570500;-1.771148681640625;
16579500;-1.936370849609375;
16588500;-1.9926223754882812;
16597500;-1.7507858276367187;
16606500;-1.8964691162109375;
16615500;-1.66668701171875;
16624500;-1.6506576538085938;
16633500;-1.776275634765625;
16642500;-1.8043365478515625;
16651500;-1.7030868530273437;
16660500;-1.6440887451171875;
16669500;-1.7101516723632813;
16678500;-1.701629638671875;
16687500;-1.8180618286132812;
16696500;-1.7132949829101563;
16705500;-1.6052703857421875;
16714500;-1.6521148681640625;
16723500;-1.6296615600585937;
16732500;-1.7188034057617187;
16741500;-1.9612274169921875;
16750500;-2.0474624633789062;
16759500;-2.0305328369140625;
16768500;-1.8477020263671875;
16777500;-1.9613113403320313;
16786500;-1.6937026977539062;
16795500;-1.961700439453125;
16804500;-1.7725830078125;
16813500;-1.7605361938476562;
16822500;-1.6215972900390625;
16831500;-1.8293533325195312;
16840500;-1.9353561401367187;
16849500;-1.8953628540039063;
16858500;-1.8169403076171875;
16867500;-1.910919189453125;
16876500;-1.92108154296875;
16885500;-1.731353759765625;
16894500;-1.8913192749023437;
16903500;-1.9639205932617188;
16912500;-1.9892730712890625;
16921500;-1.7735519409179687;
16930500;-1.9917755126953125;
16939500;-1.9154510498046875;
16948500;-1.9276123046875;
16957500;-1.6425628662109375;
16966500;-1.88507080078125;
16975500;-1.8755645751953125;
16984500;-1.8931198120117188;
16993500;-1.91357421875;
17002500;-1.7699508666992187;
17011500;-1.8808822631835937;
17020500;-2.070831298828125;
17029500;-1.8408584594726563;
17038500;-1.796722412109375;
17047500;-1.7125473022460937;
17056500;-1.8984527587890625;
17065500;-1.9708938598632813;
17074500;-1.8537445068359375;
17083500;-1.9499740600585937;
17092500;-1.8597640991210937;
17101500;-1.8362884521484375;
17110500;-1.9062957763671875;
17119500;-2.02459716796875;
17128500;-2.0237274169921875;
17137500;-1.8313369750976562;
17146500;-1.7978897094726563;
17155500;-1.8742294311523437;
17164500;-1.9294281005859375;
17173500;-1.6954879760742187;
17182500;-1.8962020874023437;
17191500;-1.8089065551757812;
17200500;-1.9384002685546875;
17209500;-1.907073974609375;
17218500;-1.9790267944335938;
17227500;-1.9557266235351562;
17236500;-1.885528564453125;
17245500;-1.9177627563476563;
17254500;-2.0727767944335937;
17263500;-1.976470947265625;
17272500;-1.9581375122070312;
17281500;-1.9866180419921875;
17290500;-2.0783004760742187;
17299500;-1.8560943603515625;
17308500;-1.79412841796875;
17317500;-1.8902511596679687;
17326500;-1.9782257080078125;
17335500;-1.8784103393554687;
17344500;-2.12939453125;
17353500;-1.8389358520507813;
17362500;-1.9022369384765625;
17371500;-2.0564956665039062;
17380500;-2.19989013671875;
17389500;-2.208892822265625;
17398500;-2.0122833251953125;
17407500;-2.18865966796875;
17416500;-2.2082595825195312;
17425500;-2.2797698974609375;
17434500;-2.0836410522460937;
17443500;-2.103851318359375;
17452500;-2.1672897338867187;
17461500;-2.008819580078125;
17470500;-2.1366958618164062;
17479500;-2.1502685546875;
17488500;-2.1960525512695312;
17497500;-2.0449371337890625;
17506500;-2.0306777954101562;
17515500;-1.9015045166015625;
17524500;-2.1769790649414062;
17533500;-1.9656982421875;
17542500;-2.0987319946289062;
17551500;-2.2981185913085937;
17560500;-2.2375259399414062;
17569500;-2.2558746337890625;
17578500;-1.904266357421875;
17587500;-2.161468505859375;
17596500;-2.2446670532226562;
17605500;-2.1626739501953125;
17614500;-2.1578521728515625;
17623500;-2.1571197509765625;
17632500;-2.0785675048828125;
17641500;-2.0809402465820313;
17650500;-2.2227859497070313;
17659500;-1.8510894775390625;
17668500;-2.0129547119140625;
17677500;-2.22174072265625;
17686500;-2.361328125;
17695500;-2.2904205322265625;
17704500;-2.183074951171875;
17713500;-2.1209564208984375;
17722500;-2.1873016357421875;
17731500;-2.1910324096679687;
17740500;-2.1386871337890625;
17749500;-2.1590347290039062;
17758500;-2.2898712158203125;
17767500;-2.3180389404296875;
17776500;-2.1275405883789062;
17785500;-2.0141754150390625;
17794500;-2.3983078002929687;
17803500;-2.3186874389648438;
17812500;-2.4124374389648437;
17821500;-2.1679458618164062;
17830500;-2.0614471435546875;
17839500;-2.3016281127929687;
17848500;-2.1918869018554687;
17857500;-2.3755035400390625;
17866500;-2.263916015625;
17875500;-2.1937637329101562;
17884500;-1.739501953125;
17893500;-2.2527389526367187;
17902500;-2.4307022094726562;
17911500;-2.244781494140625;
17920500;-2.237701416015625;
17929500;-2.146209716796875;
17938500;-2.1623992919921875;
17947500;-2.3860855102539062;
17956500;-2.420806884765625;
17965500;-2.3374862670898437;
17974500;-2.2387542724609375;
17983500;-2.3145751953125;
17992500;-2.3468704223632813;
18001500;-2.4356307983398437;
18010500;-2.4020614624023437;
18019500;-2.1695709228515625;
18028500;-2.3758316040039062;
18037500;-2.6782455444335938;
18046500;-2.7768936157226562;
18055500;-2.2634963989257812;
18064500;-2.1979904174804687;
18073500;-2.3323974609375;
18082500;-2.3580474853515625;
18091500;-2.5964508056640625;
18100500;-2.501007080078125;
18109500;-2.221710205078125;
18118500;-2.3507766723632812;
18127500;-2.5112228393554687;
18136500;-2.5792083740234375;
18145500;-2.63470458984375;
18154500;-2.3482284545898437;
18163500;-2.4588470458984375;
18172500;-2.5046234130859375;
18181500;-2.5216522216796875;
18190500;-2.5919189453125;
18199500;-2.4204025268554687;
18208500;-2.5351028442382813;
18217500;-2.7198944091796875;
18226500;-2.7325820922851563;
18235500;-2.5745468139648437;
18244500;-2.51983642578125;
18253500;-2.336151123046875;
18262500;-2.3761672973632813;
18271500;-2.5752487182617187;
18280500;-2.4880218505859375;
18289500;-2.4029922485351562;
18298500;-2.4100799560546875;
18307500;-2.5923690795898437;
18316500;-2.5710830688476562;
18325500;-2.5351028442382813;
18334500;-2.5660018920898437;
18343500;-2.6814498901367187;
18352500;-2.4847030639648438;
18361500;-2.5922012329101563;
18370500;-2.5052566528320312;
18379500;-2.5564651489257813;
18388500;-2.5974502563476562;
18397500;-2.6674270629882813;
18406500;-2.6682662963867187;
18415500;-2.52935791015625;
18424500;-2.2973480224609375;
18433500;-2.6548995971679687;
18442500;-2.6882400512695313;
18451500;-2.5387420654296875;
18460500;-2.26666259765625;
18469500;0.774322509765625;
18478500;-1.4094085693359375;
18487500;-2.4680557250976562;
18496500;-2.51654052734375;
18505500;-2.4793167114257813;
18514500;-2.6154098510742187;
18523500;-2.7624359130859375;
18532500;-2.5656814575195312;
18541500;-2.7208709716796875;
18550500;-2.5762481689453125;
18559500;-2.5922164916992187;
18568500;-2.653961181640625;
18577500;-2.806640625;
18586500;-2.4788970947265625;
18595500;-2.7789077758789062;
18604500;-2.7706832885742187;
18613500;-2.4542388916015625;
18622500;-2.5606536865234375;
18631500;-2.6486663818359375;
18640500;-2.5247268676757813;
18649500;-2.5590667724609375;
18658500;-2.7736282348632813;
18667500;-2.5478591918945313;
18676500;-2.5056381225585937;
18685500;-2.659027099609375;
18694500;-2.9106903076171875;
18703500;-2.87054443359375;
18712500;-2.6142425537109375;
18721500;-2.5587997436523437;
18730500;-2.6216506958007813;
18739500;-2.9846954345703125;
18748500;-2.8377227783203125;
18757500;-2.7328720092773438;
18766500;-2.5889358520507812;
18775500;-2.7731246948242187;
18784500;-2.6585311889648437;
18793500;-2.8369674682617187;
18802500;-2.5833740234375;
18811500;-2.5592575073242187;
18820500;-2.7577667236328125;
18829500;-2.7829360961914063;
18838500;-2.7428665161132813;
18847500;-2.7634506225585937;
18856500;-2.6368408203125;
18865500;-2.6731491088867187;
18874500;-2.5647201538085938;
18883500;-2.8935165405273437;
18892500;-3.0198287963867187;
18901500;-2.8213043212890625;
18910500;-3.0163726806640625;
18919500;-2.8803558349609375;
18928500;-2.8031463623046875;
18937500;-2.76641845703125;
18946500;-2.7893218994140625;
18955500;-2.6931533813476562;
18964500;-2.6077651977539063;
18973500;-2.8944015502929687;
18982500;-2.8455429077148437;
18991500;-2.85943603515625;
19000500;-2.8878631591796875;
19009500;-2.6021270751953125;
19018500;-2.8537063598632813;
19027500;-2.848785400390625;
19036500;-3.0256805419921875;
19045500;-2.8756790161132813;
19054500;-2.7401275634765625;
19063500;-2.766815185546875;
19072500;-2.8643417358398438;
19081500;-2.8823013305664062;
19090500;-2.6204147338867187;
19099500;-2.6808624267578125;
19108500;-2.8958587646484375;
19117500;-2.8329696655273438;
19126500;-2.8737716674804687;
19135500;-2.8949661254882812;
19144500;-3.1024169921875;
19153500;-3.0014266967773438;
19162500;-2.896484375;
19171500;-2.8066177368164062;
19180500;-2.8799514770507813;
19189500;-2.8605880737304687;
19198500;-2.8397064208984375;
19207500;-2.8351898193359375;
19216500;-2.999298095703125;
19225500;-2.9063949584960937;
19234500;-2.9038314819335937;
19243500;-2.9586868286132813;
19252500;-3.170074462890625;
19261500;-2.9336090087890625;
19270500;-2.9190826416015625;
19279500;-2.9566879272460937;
19288500;-2.882049560546875;
19297500;-2.9375991821289062;
19306500;-3.1487045288085937;
19315500;-3.1201553344726563;
19324500;-3.1144638061523437;
19333500;-2.9947509765625;
19342500;-2.8105697631835937;
19351500;-2.9616317749023437;
19360500;-2.992462158203125;
19369500;-2.7025222778320313;
19378500;-2.793121337890625;
19387500;-2.9130706787109375;
19396500;-3.0592041015625;
19405500;-2.9784469604492187;
19414500;-3.13507080078125;
19423500;-3.0561752319335937;
19432500;-3.1081924438476562;
19441500;-2.963226318359375;
19450500;-3.088653564453125;
19459500;-3.101531982421875;
19468500;-2.8884429931640625;
19477500;-2.886474609375;
19486500;-2.7827987670898437;
19495500;-2.9424514770507813;
19504500;-2.9069595336914062;
19513500;-2.8443450927734375;
19522500;-3.0255584716796875;
19531500;-2.9600372314453125;
19540500;-2.9402694702148437;
19549500;-2.8794097900390625;
19558500;-3.135498046875;
19567500;-3.0173187255859375;
19576500;-2.9271392822265625;
19585500;-2.866607666015625;
19594500;-2.7075576782226563;
19603500;-3.0258560180664063;
19612500;-3.0704803466796875;
19621500;-3.0757598876953125;
19630500;-3.00048828125;
19639500;-2.7901229858398437;
19648500;-2.9408798217773437;
19657500;-2.9950790405273437;
19666500;-3.2913284301757813;
19675500;-3.1834793090820313;
19684500;-3.1596221923828125;
19693500;-3.0832061767578125;
19702500;-3.0964126586914062;
19711500;-2.8560562133789062;
19720500;-3.136016845703125;
19729500;-3.21368408203125;
19738500;-3.0511627197265625;
19747500;-3.2131500244140625;
19756500;-3.2086334228515625;
19765500;-3.1570510864257813;
19774500;-3.0564727783203125;
19783500;-3.0483627319335938;
19792500;-3.0681686401367187;
19801500;-2.9816131591796875;
19810500;-2.974395751953125;
19819500;-2.9421844482421875;
19828500;-2.9866409301757813;
19837500;-2.9015884399414062;
19846500;-3.0640411376953125;
19855500;-2.9616546630859375;
19864500;-2.9818801879882813;
19873500;-3.0496139526367187;
19882500;-3.195404052734375;
19891500;-3.100677490234375;
19900500;-3.3417892456054687;
19909500;-3.2607269287109375;
19918500;-3.0862808227539063;
19927500;-3.2386093139648437;
19936500;-2.9535140991210938;
19945500;-3.1988525390625;
19954500;-2.9982070922851562;
19963500;-3.0394058227539062;
19972500;-3.1090621948242187;
19981500;-2.86328125;
19990500;-3.2368621826171875;
19999500;-3.2447738647460937;
20008500;-3.5510330200195313;
20017500;-3.3930816650390625;
20026500;-3.2052154541015625;
20035500;-3.2772674560546875;
20044500;-3.1951141357421875;
20053500;-3.200775146484375;
20062500;-3.4692459106445313;
20071500;-3.1360321044921875;
20080500;-3.1530685424804687;
20089500;-2.9940109252929687;
20098500;-2.9863357543945313;
20107500;-2.9110260009765625;
20116500;-2.9801254272460937;
20125500;-3.18756103515625;
20134500;-3.097320556640625;
20143500;-3.268280029296875;
20152500;-3.2336883544921875;
20161500;-3.0426712036132812;
20170500;-3.1943130493164063;
20179500;-3.1185531616210938;
20188500;-3.1429290771484375;
20197500;-3.3117828369140625;
20206500;-3.2585601806640625;
20215500;-3.3078994750976562;
20224500;-3.4018630981445312;
20233500;-3.0952911376953125;
20242500;-2.9696197509765625;
20251500;-3.0588531494140625;
20260500;-3.272308349609375;
20269500;-3.2676467895507812;
20278500;-3.0746078491210938;
20287500;-3.0860137939453125;
20296500;-3.1770477294921875;
20305500;-3.1007843017578125;
20314500;-3.2400741577148438;
20323500;-3.27337646484375;
20332500;-3.2010726928710937;
20341500;-3.1868057250976562;
20350500;-3.2561111450195313;
20359500;-3.249755859375;
20368500;-3.1306915283203125;
20377500;-3.0974273681640625;
20386500;-3.23193359375;
20395500;-3.2520904541015625;
20404500;-3.5414276123046875;
20413500;-3.3322067260742187;
20422500;-3.2901611328125;
20431500;-3.4099884033203125;
20440500;-3.2912673950195313;
20449500;-3.2618255615234375;
20458500;-3.0907745361328125;
20467500;-3.1218948364257813;
20476500;-3.2409820556640625;
20485500;-3.20306396484375;
20494500;-3.15216064453125;
20503500;-3.2866668701171875;
20512500;-3.2512588500976562;
20521500;-3.3052902221679687;
20530500;-3.2207794189453125;
20539500;-3.3554229736328125;
20548500;-3.3487777709960937;
20557500;-3.2903060913085937;
20566500;-3.188507080078125;
20575500;-3.4904937744140625;
20584500;-3.0904464721679687;
20593500;-3.2101287841796875;
20602500;-3.3153228759765625;
20611500;-3.2223739624023438;
20620500;-3.2759475708007813;
20629500;-3.2781600952148438;
20638500;-3.0892562866210938;
20647500;-3.1469573974609375;
20656500;-3.3511505126953125;
20665500;-3.3393630981445312;
20674500;-3.3485565185546875;
20683500;-3.2633514404296875;
20692500;-3.433380126953125;
20701500;-3.3353805541992187;
20710500;-3.3405838012695312;
20719500;-3.4448013305664062;
20728500;-3.2804794311523437;
20737500;-2.948883056640625;
20746500;-3.2173843383789062;
20755500;-3.2708740234375;
20764500;-3.4770660400390625;
20773500;-3.3330230712890625;
20782500;-3.074310302734375;
20791500;-3.3292236328125;
20800500;-3.1716079711914062;
20809500;-3.3575897216796875;
20818500;-3.337493896484375;
20827500;-3.19183349609375;
20836500;-3.2421722412109375;
20845500;-3.2603302001953125;
20854500;-3.32049560546875;
20863500;-3.3388900756835938;
20872500;-3.3397216796875;
20881500;-3.3839263916015625;
20890500;-3.40301513671875;
20899500;-3.439697265625;
20908500;-3.1363677978515625;
20917500;-3.3714370727539062;
20926500;-3.1632232666015625;
20935500;-3.3152923583984375;
20944500;-3.4237060546875;
20953500;-3.229248046875;
20962500;-3.3189468383789062;
20971500;-3.4057540893554687;
20980500;-3.0647048950195312;
20989500;-3.29742431640625;
20998500;-3.209808349609375;
21007500;-3.515045166015625;
21016500;-3.3422393798828125;
21025500;-3.1540069580078125;
21034500;-3.30499267578125;
21043500;-3.2564849853515625;
21052500;-3.1898956298828125;
21061500;-3.2490921020507813;
21070500;-3.2043304443359375;
21079500;-3.120758056640625;
21088500;-3.367645263671875;
21097500;-3.3417434692382812;
21106500;-3.22113037109375;
21115500;-3.2837677001953125;
21124500;-3.2802352905273437;
21133500;-3.3153076171875;
21142500;-3.068328857421875;
21151500;-3.18017578125;
21160500;-3.1903839111328125;
21169500;-3.3344879150390625;
21178500;-3.37310791015625;
21187500;-3.3177947998046875;
21196500;-3.227020263671875;
21205500;-3.424041748046875;
21214500;-3.216949462890625;
21223500;-3.218597412109375;
21232500;-3.3148269653320313;
21241500;-3.210113525390625;
21250500;-3.4625167846679687;
21259500;-3.2970504760742187;
21268500;-3.1731414794921875;
21277500;-3.3514938354492187;
21286500;-3.3304367065429687;
21295500;-3.3829116821289063;
21304500;-3.1951141357421875;
21313500;-3.1733474731445312;
21322500;-3.3812408447265625;
21331500;-3.3077545166015625;
21340500;-3.3380355834960938;
21349500;-3.2816314697265625;
21358500;-3.3197250366210938;
21367500;-3.3049163818359375;
21376500;-3.1811599731445313;
21385500;-3.2985763549804687;
21394500;-3.2841339111328125;
21403500;-3.1679306030273437;
21412500;-3.1988067626953125;
21421500;-3.2554702758789062;
21430500;-3.2667388916015625;
21439500;-3.1831817626953125;
21448500;-3.1229248046875;
21457500;-3.09271240234375;
21466500;-3.1028671264648437;
21475500;-3.2895889282226562;
21484500;-3.19012451171875;
21493500;-3.19305419921875;
21502500;-3.2040481567382813;
21511500;-3.2401885986328125;
21520500;-3.18804931640625;
21529500;-3.123046875;
21538500;-3.13140869140625;
21547500;-3.25244140625;
21556500;-3.0765457153320312;
21565500;-3.1427230834960938;
21574500;-3.098175048828125;
21583500;-3.0873947143554687;
21592500;-3.1490631103515625;
21601500;-3.1343536376953125;
21610500;-3.2131881713867187;
21619500;-3.1362228393554687;
21628500;-3.162750244140625;
21637500;-3.104644775390625;
21646500;-3.2065658569335937;
21655500;-3.2177734375;
21664500;-3.126556396484375;
21673500;-3.1578140258789062;
21682500;-3.367584228515625;
21691500;-3.22998046875;
21700500;-3.3343505859375;
21709500;-3.1625289916992187;
21718500;-3.2169647216796875;
21727500;-3.3522491455078125;
21736500;-2.9874496459960937;
21745500;-3.0940093994140625;
21754500;-3.1178741455078125;
21763500;-3.10784912109375;
21772500;-3.2444610595703125;
21781500;-3.0604629516601562;
21790500;-3.1551666259765625;
21799500;-3.1697616577148437;
21808500;-3.0114059448242187;
21817500;-3.0128860473632813;
21826500;-2.9453964233398437;
21835500;-2.9753799438476562;
21844500;-3.0667648315429687;
21853500;-3.0743865966796875;
21862500;-2.977020263671875;
21871500;-2.963836669921875;
21880500;-2.9701461791992187;
21889500;-3.0921173095703125;
21898500;-3.2184982299804687;
21907500;-3.145172119140625;
21916500;-3.2770004272460938;
21925500;-3.341522216796875;
21934500;-3.287017822265625;
21943500;-2.996826171875;
21952500;-3.1223831176757812;
21961500;-3.1412277221679687;
21970500;-3.39312744140625;
21979500;-3.0174713134765625;
21988500;-3.0644989013671875;
21997500;-3.104278564453125;
22006500;-3.0099334716796875;
22015500;-3.0266876220703125;
22024500;-3.1707229614257813;
22033500;-3.3899154663085938;
22042500;-3.1431961059570313;
22051500;-3.1901702880859375;
22060500;-2.9828338623046875;
22069500;-3.0293121337890625;
22078500;-3.11126708984375;
22087500;-3.1752395629882813;
22096500;-3.037322998046875;
22105500;-2.9845046997070313;
22114500;-3.0200271606445313;
22123500;-3.0451583862304687;
22132500;-3.0743255615234375;
22141500;-3.2594451904296875;
22150500;-3.2582855224609375;
22159500;-3.369293212890625;
22168500;-3.25555419921875;
22177500;-3.1209716796875;
22186500;-3.032745361328125;
22195500;-3.037261962890625;
22204500;-3.0112457275390625;
22213500;-2.9857635498046875;
22222500;-3.2651138305664063;
22231500;-3.2173004150390625;
22240500;-3.04705810546875;
22249500;-3.060943603515625;
22258500;-3.2071914672851562;
22267500;-2.9491653442382813;
22276500;-3.1621551513671875;
22285500;-3.0000686645507813;
22294500;-3.2018814086914062;
22303500;-3.2273406982421875;
22312500;-3.1256179809570313;
22321500;-3.091094970703125;
22330500;-3.2173919677734375;
22339500;-3.2177352905273438;
22348500;-3.3079147338867187;
22357500;-3.1379776000976562;
22366500;-3.3260726928710938;
22375500;-3.2283935546875;
22384500;-3.0477447509765625;
22393500;-3.1464920043945312;
22402500;-3.265869140625;
22411500;-3.164306640625;
22420500;-3.0356063842773438;
22429500;-2.9908294677734375;
22438500;-2.9959869384765625;
22447500;-2.9704055786132812;
22456500;-2.9594955444335937;
22465500;-2.9593582153320312;
22474500;-2.9564743041992187;
22483500;-3.0365142822265625;
22492500;-3.1485824584960937;
22501500;-3.0275039672851562;
22510500;-3.18292236328125;
22519500;-3.1292266845703125;
22528500;-3.0566558837890625;
22537500;-2.9914474487304687;
22546500;-3.05377197265625;
22555500;-3.2401275634765625;
22564500;-3.1646957397460938;
22573500;-2.9952392578125;
22582500;-3.206787109375;
22591500;-3.2500076293945313;
22600500;-3.265106201171875;
22609500;-3.054443359375;
22618500;-2.9208526611328125;
22627500;-2.9988021850585937;
22636500;-3.1167449951171875;
22645500;-3.1677474975585938;
22654500;-3.2956390380859375;
22663500;-3.0953216552734375;
22672500;-3.3126220703125;
22681500;-3.2870407104492187;
22690500;-3.1375961303710937;
22699500;-3.1618728637695313;
22708500;-3.1074371337890625;
22717500;-3.2310714721679687;
22726500;-3.0086441040039062;
22735500;-3.3752288818359375;
22744500;-3.2792434692382812;
22753500;-3.1395111083984375;
22762500;-3.18548583984375;
22771500;-3.0235061645507812;
22780500;-3.2949981689453125;
22789500;-3.149200439453125;
22798500;-2.9818115234375;
22807500;-3.0569229125976562;
22816500;-3.2704010009765625;
22825500;-3.28875732421875;
22834500;-3.1419525146484375;
22843500;-3.1709442138671875;
22852500;-3.2177886962890625;
22861500;-2.933990478515625;
22870500;-3.0673141479492187;
22879500;-3.1425247192382812;
22888500;-3.4022064208984375;
22897500;-3.1676559448242187;
22906500;-3.1458511352539062;
22915500;-3.2078475952148437;
22924500;-3.2133712768554687;
22933500;-3.1983184814453125;
22942500;-3.2230377197265625;
22951500;-3.171478271484375;
22960500;-2.9881439208984375;
22969500;-3.2490158081054687;
22978500;-3.4303741455078125;
22987500;-2.8747329711914062;
22996500;-3.0940933227539062;
23005500;-3.165802001953125;
23014500;-3.371826171875;
23023500;-3.2711257934570313;
23032500;-3.0738143920898437;
23041500;-3.2237701416015625;
23050500;-3.0363845825195313;
23059500;-3.0734176635742187;
23068500;-3.292999267578125;
23077500;-2.977020263671875;
23086500;-3.0306625366210938;
23095500;-3.1970977783203125;
23104500;-3.05767822265625;
23113500;-3.1285781860351562;
23122500;-3.051025390625;
23131500;-3.1848983764648437;
23140500;-3.2251815795898437;
23149500;-3.03765869140625;
23158500;-3.017578125;
23167500;-3.1056976318359375;
23176500;-2.9820938110351562;
23185500;-3.1232528686523437;
23194500;-2.9272003173828125;
23203500;-3.0101852416992187;
23212500;-3.0130844116210937;
23221500;-3.2068634033203125;
23230500;-3.1319808959960938;
23239500;-3.1926422119140625;
23248500;-3.0718612670898438;
23257500;-3.0750961303710937;
23266500;-3.1776351928710937;
23275500;-3.008453369140625;
23284500;-2.857696533203125;
23293500;-2.9560699462890625;
23302500;-3.1212997436523438;
23311500;-2.9759521484375;
23320500;-3.0356597900390625;
23329500;-3.008636474609375;
23338500;-3.09136962890625;
23347500;-3.0028839111328125;
23356500;-3.1381072998046875;
23365500;-3.074981689453125;
23374500;-2.9810256958007812;
23383500;-3.0699386596679687;
23392500;-2.8782501220703125;
23401500;-3.0583724975585937;
23410500;-2.962127685546875;
23419500;-2.79473876953125;
23428500;-2.9407196044921875;
23437500;-3.2354507446289062;
23446500;-3.22955322265625;
23455500;-3.1983642578125;
23464500;-2.9611434936523438;
23473500;-3.105865478515625;
23482500;-3.159149169921875;
23491500;-2.9968948364257812;
23500500;-2.9652557373046875;
23509500;-3.201019287109375;
23518500;-3.0124893188476562;
23527500;-2.9635772705078125;
23536500;-3.0033187866210937;
23545500;-3.316986083984375;
23554500;-2.99212646484375;
23563500;-3.0589828491210937;
23572500;-3.0830459594726562;
23581500;-3.1958770751953125;
23590500;-3.068634033203125;
23599500;-2.9809341430664062;
23608500;-2.9472579956054687;
23617500;-2.8252029418945313;
23626500;-2.9876022338867187;
23635500;-3.02288818359375;
23644500;-3.1297988891601562;
23653500;-3.1917495727539062;
23662500;-3.1281585693359375;
23671500;-3.3143997192382813;
23680500;-3.1482696533203125;
23689500;-2.988037109375;
23698500;-2.8836517333984375;
23707500;-2.7753372192382812;
23716500;-2.9906234741210937;
23725500;-2.7687530517578125;
23734500;-2.79205322265625;
23743500;-3.1149444580078125;
23752500;-2.9367218017578125;
23761500;-2.9173736572265625;
23770500;-3.0738372802734375;
23779500;-2.9488296508789062;
23788500;-3.1280059814453125;
23797500;-3.1580886840820312;
23806500;-3.2357406616210938;
23815500;-2.8855743408203125;
23824500;-2.7677993774414062;
23833500;-2.9242401123046875;
23842500;-2.7445220947265625;
23851500;-2.9329071044921875;
23860500;-3.0807571411132813;
23869500;-3.1260910034179687;
23878500;-3.0528945922851562;
23887500;-2.9037551879882813;
23896500;-2.9599151611328125;
23905500;-3.0490875244140625;
23914500;-2.9913101196289062;
23923500;-2.812164306640625;
23932500;-2.984588623046875;
23941500;-2.9516525268554687;
23950500;-2.8934783935546875;
23959500;-2.6859283447265625;
23968500;-2.887939453125;
23977500;-2.7331085205078125;
23986500;-2.6704864501953125;
23995500;-1.632110595703125;
24004500;4.0086593627929687;
24013500;-2.1662216186523437;
24022500;-2.6798934936523437;
24031500;-2.802001953125;
24040500;-2.74114990234375;
24049500;-2.8944778442382813;
24058500;-2.954132080078125;
24067500;-2.909027099609375;
24076500;-2.812469482421875;
24085500;-2.8119430541992187;
24094500;-2.8573684692382813;
24103500;-2.871612548828125;
24112500;-2.8798065185546875;
24121500;-2.7259902954101562;
24130500;-2.7504806518554687;
24139500;-3.0131912231445313;
24148500;-2.7221832275390625;
24157500;-2.6125335693359375;
24166500;-2.7984619140625;
24175500;-2.9700393676757812;
24184500;-3.021728515625;
24193500;-2.8143310546875;
24202500;-2.8553009033203125;
24211500;-2.672515869140625;
24220500;-2.9918212890625;
24229500;-2.8422775268554687;
24238500;-2.8421173095703125;
24247500;-2.8707199096679687;
24256500;-2.6222076416015625;
24265500;-2.951568603515625;
24274500;-2.6924057006835937;
24283500;-2.7949752807617187;
24292500;-3.0315017700195313;
24301500;-2.892974853515625;
24310500;-2.921417236328125;
24319500;-2.9030838012695313;
24328500;-2.8216323852539062;
24337500;-2.7753219604492187;
24346500;-2.8402938842773438;
24355500;-2.7490386962890625;
24364500;-2.7053604125976562;
24373500;-2.8156585693359375;
24382500;-2.8701095581054687;
24391500;-2.912139892578125;
24400500;-2.6907272338867187;
24409500;-2.9173736572265625;
24418500;-2.9381332397460937;
24427500;-3.0106658935546875;
24436500;-3.0414810180664062;
24445500;-2.7340774536132813;
24454500;-2.6884765625;
24463500;-2.6874237060546875;
24472500;-2.701080322265625;
24481500;-2.913055419921875;
24490500;-2.8782424926757812;
24499500;-2.7300643920898438;
24508500;-2.8100204467773438;
24517500;-2.6199264526367187;
24526500;-2.661529541015625;
24535500;-2.6059951782226562;
24544500;-2.6952590942382813;
24553500;-2.8335113525390625;
24562500;-2.8500747680664063;
24571500;-2.5639724731445313;
24580500;-2.7164840698242187;
24589500;-2.916778564453125;
24598500;-2.7834243774414062;
24607500;-2.8593292236328125;
24616500;-2.6652755737304687;
24625500;-2.6813507080078125;
24634500;-2.6964569091796875;
24643500;-2.576629638671875;
24652500;-2.6133880615234375;
24661500;-2.8606185913085937;
24670500;-2.7473373413085937;
24679500;-2.6860122680664062;
24688500;-2.822479248046875;
24697500;-2.7774276733398438;
24706500;-2.7824554443359375;
24715500;-2.6468276977539063;
24724500;-2.6281204223632813;
24733500;-2.658935546875;
24742500;-2.6178817749023437;
24751500;-2.7405929565429687;
24760500;-2.6944427490234375;
24769500;-2.7417449951171875;
24778500;-2.6692428588867187;
24787500;-2.8585586547851562;
24796500;-2.6219253540039062;
24805500;-2.5532302856445312;
24814500;-2.9012680053710938;
24823500;-2.6505889892578125;
24832500;-2.6647186279296875;
24841500;-2.607818603515625;
24850500;-2.6680984497070313;
24859500;-2.6989059448242187;
24868500;-2.583892822265625;
24877500;-2.6753768920898437;
24886500;-2.7222442626953125;
24895500;-2.60955810546875;
24904500;-2.7027206420898437;
24913500;-2.5358123779296875;
24922500;-2.5602264404296875;
24931500;-2.43756103515625;
24940500;-2.6200942993164062;
24949500;-2.7259902954101562;
24958500;-2.8287429809570312;
24967500;-2.6765670776367187;
24976500;-2.799530029296875;
24985500;-2.7878265380859375;
24994500;-2.750885009765625;
25003500;-2.8117752075195313;
25012500;-2.5846099853515625;
25021500;-2.398590087890625;
25030500;-2.538848876953125;
25039500;-2.595123291015625;
25048500;-2.5904922485351562;
25057500;-2.5507965087890625;
25066500;-2.4347915649414062;
25075500;-2.357818603515625;
25084500;-2.5998077392578125;
25093500;-2.6180267333984375;
25102500;-2.4235382080078125;
25111500;-2.577301025390625;
25120500;-2.5956649780273437;
25129500;-2.5063400268554687;
25138500;-2.362518310546875;
25147500;-2.3659744262695313;
25156500;-2.33233642578125;
25165500;-2.4859848022460937;
25174500;-2.5486679077148437;
25183500;-2.459075927734375;
25192500;-2.4903564453125;
25201500;-2.3139495849609375;
25210500;-2.47247314453125;
25219500;-2.58685302734375;
25228500;-2.58416748046875;
25237500;-2.569732666015625;
25246500;-2.759307861328125;
25255500;-2.73028564453125;
25264500;-2.4963607788085937;
25273500;-2.4263839721679687;
25282500;-2.5270004272460937;
25291500;-2.5205154418945312;
25300500;-2.5509567260742187;
25309500;-2.4678573608398437;
25318500;-2.522613525390625;
25327500;-2.5517120361328125;
25336500;-2.542572021484375;
25345500;-2.4929733276367187;
25354500;-2.5570755004882813;
25363500;-2.2696914672851562;
25372500;-2.49859619140625;
25381500;-2.3110809326171875;
25390500;-2.2664794921875;
25399500;-2.385498046875;
25408500;-2.2177505493164062;
25417500;-2.4276199340820313;
25426500;-2.326141357421875;
25435500;-2.5917892456054687;
25444500;-2.3744659423828125;
25453500;-2.3218460083007813;
25462500;-2.2082901000976562;
25471500;-2.2601242065429687;
25480500;-2.2741775512695312;
25489500;-2.1994247436523437;
25498500;-2.1749954223632812;
25507500;-2.1676483154296875;
25516500;-2.1757888793945313;
25525500;-2.3854293823242187;
25534500;-2.2395477294921875;
25543500;-2.3606719970703125;
25552500;-2.2343215942382812;
25561500;-2.167694091796875;
25570500;-2.1278305053710937;
25579500;-2.402801513671875;
25588500;-2.17425537109375;
25597500;-2.1255645751953125;
25606500;-2.138336181640625;
25615500;-2.4370651245117187;
25624500;-2.5569915771484375;
25633500;-2.268096923828125;
25642500;-2.3692550659179687;
25651500;-2.30413818359375;
25660500;-2.3365631103515625;
25669500;-2.3098297119140625;
25678500;-2.23541259765625;
25687500;-2.214019775390625;
25696500;-2.254669189453125;
25705500;-2.1404342651367187;
25714500;-2.05926513671875;
25723500;-2.293914794921875;
25732500;-2.2245254516601562;
25741500;-2.208465576171875;
25750500;-2.1108856201171875;
25759500;-2.1156768798828125;
25768500;-2.3820877075195313;
25777500;-2.2229080200195312;
25786500;-2.0244903564453125;
25795500;-2.05010986328125;
25804500;-2.1811065673828125;
25813500;-2.2258071899414062;
25822500;-2.0800094604492187;
25831500;-2.1967086791992187;
25840500;-2.072723388671875;
25849500;-2.057586669921875;
25858500;-2.0442047119140625;
25867500;-2.07623291015625;
25876500;-2.2168121337890625;
25885500;-2.1805801391601562;
25894500;-2.172210693359375;
25903500;-1.983245849609375;
25912500;-2.1244277954101562;
25921500;-2.2457275390625;
25930500;-2.1517181396484375;
25939500;-1.9821624755859375;
25948500;-2.223876953125;
25957500;-2.14306640625;
25966500;-2.0229339599609375;
25975500;-1.8508224487304687;
25984500;-1.8501739501953125;
25993500;-2.1014328002929687;
26002500;-2.130584716796875;
26011500;-2.0507431030273438;
26020500;-1.96429443359375;
26029500;-1.931182861328125;
26038500;-2.08837890625;
26047500;-2.0539779663085937;
26056500;-2.06524658203125;
26065500;-2.0653152465820313;
26074500;-2.0418243408203125;
26083500;-2.0331497192382813;
26092500;-2.09783935546875;
26101500;-1.8877792358398438;
26110500;-2.1600875854492187;
26119500;-2.0086746215820312;
26128500;-2.017669677734375;
26137500;-2.0187301635742187;
26146500;-2.0167083740234375;
26155500;-2.033111572265625;
26164500;-2.212188720703125;
26173500;-1.9805526733398438;
26182500;-2.2192916870117187;
26191500;-2.2350540161132813;
26200500;-2.0974960327148437;
26209500;-2.1385726928710937;
26218500;-2.2256851196289062;
26227500;-2.097991943359375;
26236500;-2.142364501953125;
26245500;-1.9495086669921875;
26254500;-1.9832916259765625;
26263500;-1.9664764404296875;
26272500;-2.0653457641601562;
26281500;-2.0674285888671875;
26290500;-1.9781341552734375;
26299500;-1.8924636840820313;
26308500;-2.1713104248046875;
26317500;-1.9164276123046875;
26326500;-2.207183837890625;
26335500;-1.9901199340820313;
26344500;-2.0071258544921875;
26353500;-1.8758087158203125;
26362500;-2.1594619750976562;
26371500;-1.8934097290039063;
26380500;-1.95697021484375;
26389500;-2.2052459716796875;
26398500;-2.1013946533203125;
26407500;-1.861083984375;
26416500;-2.037261962890625;
26425500;-1.9492721557617188;
26434500;-1.9885177612304687;
26443500;-1.986541748046875;
26452500;-1.9502487182617187;
26461500;-1.8920440673828125;
26470500;-1.7408599853515625;
26479500;-2.0403289794921875;
26488500;-1.810272216796875;
26497500;-2.1690597534179687;
26506500;-2.172821044921875;
26515500;-2.0164566040039062;
26524500;-1.9588623046875;
26533500;-1.9582443237304687;
26542500;-1.9346389770507812;
26551500;-1.8619613647460937;
26560500;-1.84906005859375;
26569500;-1.8086090087890625;
26578500;-1.9635086059570312;
26587500;-1.9811782836914062;
26596500;-2.031646728515625;
26605500;-1.941375732421875;
26614500;-1.9496536254882813;
26623500;-1.9323883056640625;
26632500;-2.0038223266601562;
26641500;-1.9387588500976562;
26650500;-1.8743515014648438;
26659500;-1.9213790893554687;
26668500;-2.0672531127929687;
26677500;-1.804656982421875;
26686500;-1.8771820068359375;
26695500;-1.726776123046875;
26704500;-1.74395751953125;
26713500;-1.8412933349609375;
26722500;-1.8563690185546875;
26731500;-1.71331787109375;
26740500;-2.0525054931640625;
26749500;-2.017669677734375;
26758500;-2.172515869140625;
26767500;-1.9036865234375;
26776500;-1.8315048217773437;
26785500;-1.6641769409179687;
26794500;-1.9306259155273437;
26803500;-1.85595703125;
26812500;-1.7430953979492187;
26821500;-1.9364776611328125;
26830500;-2.0214157104492187;
26839500;-2.0337066650390625;
26848500;-2.1743621826171875;
26857500;-2.008056640625;
26866500;-2.065704345703125;
26875500;-2.0212173461914062;
26884500;-1.9845123291015625;
26893500;-1.99029541015625;
26902500;-1.9838027954101562;
26911500;-1.8279953002929687;
26920500;-2.005157470703125;
26929500;-1.84375;
26938500;-1.890228271484375;
26947500;-2.0824432373046875;
26956500;-2.0544281005859375;
26965500;-2.046844482421875;
26974500;-2.0538406372070312;
26983500;-1.9903488159179687;
26992500;-1.80084228515625;
27001500;-1.9987106323242188;
27010500;-1.9315643310546875;
27019500;-1.86358642578125;
27028500;-2.0198211669921875;
27037500;-2.0401229858398437;
27046500;-2.0776596069335937;
27055500;-2.3805694580078125;
27064500;-2.202362060546875;
27073500;-2.0275421142578125;
27082500;-1.8681488037109375;
27091500;-2.0791397094726562;
27100500;-1.9741592407226562;
27109500;-2.1386642456054687;
27118500;-2.0362091064453125;
27127500;-2.194793701171875;
27136500;-2.2840118408203125;
27145500;-2.10540771484375;
27154500;-1.9937210083007812;
27163500;-2.19317626953125;
27172500;-2.3009185791015625;
27181500;-2.13067626953125;
27190500;-2.1186370849609375;
27199500;-2.0876998901367187;
27208500;-2.0718765258789062;
27217500;-1.9782562255859375;
27226500;-1.9825592041015625;
27235500;-2.169281005859375;
27244500;-2.154510498046875;
27253500;-2.0691452026367187;
27262500;-1.9414138793945313;
27271500;-2.137420654296875;
27280500;-2.0113067626953125;
27289500;-2.1571044921875;
27298500;-2.049407958984375;
27307500;-2.2625732421875;
27316500;-2.1603622436523437;
27325500;-2.1020126342773438;
27334500;-2.3233413696289062;
27343500;-2.1349945068359375;
27352500;-1.949432373046875;
27361500;-1.987640380859375;
27370500;-2.3218612670898437;
27379500;-2.3137588500976562;
27388500;-2.132080078125;
27397500;-2.0020294189453125;
27406500;-1.9630813598632813;
27415500;-2.2667236328125;
27424500;-2.2033538818359375;
27433500;-2.1631546020507813;
27442500;-2.1650543212890625;
27451500;-2.2659988403320313;
27460500;-2.1840362548828125;
27469500;-2.4657058715820313;
27478500;-2.3072738647460937;
27487500;-2.202392578125;
27496500;-2.0131149291992187;
27505500;-2.2862777709960937;
27514500;-2.1942901611328125;
27523500;-2.1928863525390625;
27532500;-2.2567977905273437;
27541500;-2.1427764892578125;
27550500;-2.177734375;
27559500;-2.2134323120117187;
27568500;-2.4486846923828125;
27577500;-2.2423171997070313;
27586500;-2.24835205078125;
27595500;-2.247283935546875;
27604500;-2.1177291870117187;
27613500;-2.280426025390625;
27622500;-2.4142684936523437;
27631500;-2.197906494140625;
27640500;-2.0889205932617187;
27649500;-2.3199844360351562;
27658500;-2.284881591796875;
27667500;-2.2575912475585937;
27676500;-2.0930023193359375;
27685500;-2.1760711669921875;
27694500;-2.1660995483398438;
27703500;-2.1227569580078125;
27712500;-2.3771209716796875;
27721500;-2.3703689575195313;
27730500;-2.6170883178710937;
27739500;-2.2623138427734375;
27748500;-2.2661666870117187;
27757500;-2.3275375366210938;
27766500;-2.1879959106445313;
27775500;-2.1147689819335937;
27784500;-2.3440399169921875;
27793500;-2.24359130859375;
27802500;-2.1180877685546875;
27811500;-2.2542648315429687;
27820500;-2.21649169921875;
27829500;-2.1020355224609375;
27838500;-2.2709197998046875;
27847500;-2.2767486572265625;
27856500;-2.2444000244140625;
27865500;-1.9228897094726562;
27874500;-2.1579513549804687;
27883500;-2.20880126953125;
27892500;-2.2956619262695312;
27901500;-2.3938751220703125;
27910500;-2.3033065795898437;
27919500;-2.1344070434570312;
27928500;-2.3635635375976562;
27937500;-2.3819122314453125;
27946500;-2.3326873779296875;
27955500;-2.4488372802734375;
27964500;-2.3556442260742187;
27973500;-2.1965713500976562;
27982500;-2.35693359375;
27991500;-2.3741607666015625;
28000500;-2.2209930419921875;
28009500;-2.3732147216796875;
28018500;-2.2993621826171875;
28027500;-2.428009033203125;
28036500;-2.2201004028320313;
28045500;-2.3811492919921875;
28054500;-2.4051284790039062;
28063500;-2.3050765991210937;
28072500;-2.2911911010742187;
28081500;-2.4445724487304687;
28090500;-2.4055328369140625;
28099500;-2.4815902709960937;
28108500;-2.283966064453125;
28117500;-2.264801025390625;
28126500;-2.20404052734375;
28135500;-2.3436813354492187;
28144500;-2.309844970703125;
28153500;-2.4268264770507813;
28162500;-2.5844192504882813;
28171500;-2.411468505859375;
28180500;-2.4263381958007813;
28189500;-2.5129165649414062;
28198500;-2.4310073852539062;
28207500;-2.3839797973632813;
28216500;-2.3040771484375;
28225500;-2.5379791259765625;
28234500;-2.4602432250976562;
28243500;-2.3654708862304687;
28252500;-2.5771331787109375;
28261500;-2.5487213134765625;
28270500;-2.3510208129882813;
28279500;-2.5663299560546875;
28288500;-2.6567840576171875;
28297500;-2.6902542114257812;
28306500;-2.2699203491210937;
28315500;-2.2761993408203125;
28324500;-2.293731689453125;
28333500;-2.525238037109375;
28342500;-2.4704666137695313;
28351500;-2.3969192504882813;
28360500;-2.4035491943359375;
28369500;-2.580108642578125;
28378500;-2.6114654541015625;
28387500;-2.2731170654296875;
28396500;-2.5271377563476562;
28405500;-2.6018905639648438;
28414500;-2.3320846557617187;
28423500;-2.2777481079101562;
28432500;-2.5303726196289062;
28441500;-2.694091796875;
28450500;-2.48919677734375;
28459500;-2.3950958251953125;
28468500;-2.5188369750976562;
28477500;-2.4413375854492187;
28486500;-2.446868896484375;
28495500;-2.5543136596679687;
28504500;-2.446044921875;
28513500;-2.5911788940429687;
28522500;-2.5862808227539062;
28531500;-2.4258880615234375;
28540500;-2.2784805297851562;
28549500;-2.44683837890625;
28558500;-2.5573196411132813;
28567500;-2.658477783203125;
28576500;-2.6888198852539062;
28585500;-2.5028533935546875;
28594500;-2.33734130859375;
28603500;-2.7847747802734375;
28612500;-2.5152969360351563;
28621500;-2.4179611206054687;
28630500;-2.462860107421875;
28639500;-2.7074737548828125;
28648500;-2.4686737060546875;
28657500;-2.353759765625;
28666500;-2.6131515502929687;
28675500;-2.6181793212890625;
28684500;-2.6529769897460937;
28693500;-2.7740707397460938;
28702500;-2.9065093994140625;
28711500;-2.6408157348632812;
28720500;-2.5999679565429687;
28729500;-2.612548828125;
28738500;-2.6439208984375;
28747500;-2.71026611328125;
28756500;-2.3665237426757813;
28765500;-2.7084579467773438;
28774500;-2.748992919921875;
28783500;-2.7214584350585937;
28792500;-2.642425537109375;
28801500;-2.7883758544921875;
28810500;-2.7680206298828125;
28819500;-2.8426589965820313;
28828500;-2.6844863891601562;
28837500;-2.6497879028320313;
28846500;-2.5955123901367187;
28855500;-2.8765869140625;
28864500;-2.749755859375;
28873500;-2.8535842895507813;
28882500;-2.68194580078125;
28891500;-2.4735641479492187;
28900500;-2.5443038940429687;
28909500;-2.695770263671875;
28918500;-2.5887451171875;
28927500;-2.5909423828125;
28936500;-2.6763458251953125;
28945500;-2.6728439331054687;
28954500;-2.6389007568359375;
28963500;-2.6696701049804687;
28972500;-2.7348785400390625;
28981500;-2.5966415405273437;
28990500;-2.5359954833984375;
28999500;-2.8455886840820312;
29008500;-2.8600082397460937;
29017500;-2.6381301879882813;
29026500;-2.8542098999023437;
29035500;-2.6980056762695313;
29044500;-2.6436767578125;
29053500;-2.8106765747070313;
29062500;-2.9839248657226562;
29071500;-2.5748062133789063;
29080500;-2.6507568359375;
29089500;-2.63104248046875;
29098500;-2.7063751220703125;
29107500;-2.8357620239257812;
29116500;-2.8741073608398438;
29125500;-2.61883544921875;
29134500;-2.80987548828125;
29143500;-2.8797378540039062;
29152500;-2.9752273559570312;
29161500;-2.926055908203125;
29170500;-2.8326568603515625;
29179500;-2.9199066162109375;
29188500;-2.8983001708984375;
29197500;-2.8915863037109375;
29206500;-2.9323654174804687;
29215500;-2.9795761108398437;
29224500;-2.9023056030273437;
29233500;-2.6484222412109375;
29242500;-2.8363494873046875;
29251500;-2.765960693359375;
29260500;-2.4581298828125;
29269500;-2.6769638061523438;
29278500;-2.929901123046875;
29287500;-3.0071487426757813;
29296500;-2.853302001953125;
29305500;-3.0098495483398437;
29314500;-2.7175064086914062;
29323500;-2.7355422973632813;
29332500;-2.7916030883789062;
29341500;-2.8399734497070313;
29350500;-2.9951553344726562;
29359500;-2.7996673583984375;
29368500;-2.5787277221679687;
29377500;-2.620208740234375;
29386500;-2.8870773315429687;
29395500;-2.7046127319335937;
29404500;-2.77044677734375;
29413500;-2.8837356567382812;
29422500;-3.012176513671875;
29431500;-3.0719146728515625;
29440500;-2.8388671875;
29449500;-2.8462066650390625;
29458500;-2.9498519897460938;
29467500;-2.9652938842773437;
29476500;-3.0535430908203125;
29485500;-3.11798095703125;
29494500;-2.5946502685546875;
29503500;-2.872772216796875;
29512500;-2.8796005249023438;
29521500;-2.85589599609375;
29530500;-2.8495330810546875;
29539500;-2.859619140625;
29548500;-3.0944290161132813;
29557500;-3.2096710205078125;
29566500;-2.8367767333984375;
29575500;-2.8417739868164062;
29584500;-2.910400390625;
29593500;-2.8768997192382813;
29602500;-2.7616348266601562;
29611500;-2.730194091796875;
29620500;-3.1305465698242187;
29629500;-3.1623992919921875;
29638500;-3.1309967041015625;
29647500;-2.9334259033203125;
29656500;-3.1027679443359375;
29665500;-3.01263427734375;
29674500;-3.0254974365234375;
29683500;-3.0288619995117187;
29692500;-2.8856887817382813;
29701500;-2.88372802734375;
29710500;-2.8128433227539063;
29719500;-2.786468505859375;
29728500;-3.0931396484375;
29737500;-2.9808273315429687;
29746500;-3.0258560180664063;
29755500;-2.8490676879882813;
29764500;-2.9116897583007813;
29773500;-2.809661865234375;
29782500;-2.910369873046875;
29791500;-3.1269302368164062;
29800500;-2.9051589965820313;
29809500;-2.8675613403320312;
29818500;-2.8780670166015625;
29827500;-3.1046905517578125;
29836500;-3.13775634765625;
29845500;-3.0578689575195313;
29854500;-3.0854949951171875;
29863500;-3.0911712646484375;
29872500;-3.0697555541992187;
29881500;-2.9460525512695313;
29890500;-2.8702468872070312;
29899500;-2.9696807861328125;
29908500;-3.0245361328125;
29917500;-3.184600830078125;
29926500;-3.0783538818359375;
29935500;-3.17864990234375;
29944500;-3.170074462890625;
29953500;-3.0430526733398437;
29962500;-3.2210769653320313;
29971500;-2.9298171997070312;
29980500;-3.206298828125;
29989500;-3.1949462890625;
29998500;-3.11322021484375;
