Type;FSV-13;
Version;3.70;
Date;14.Mar 24;
Mode;ANALYZER;
Center Freq;15076500.000000;Hz
Freq Offset;0.000000;Hz
Span;29844000.000000;Hz
x-Axis;LIN;
Start;154500.000000;Hz
Stop;29998500.000000;Hz
Ref Level;61.000000;dBµV
Level Offset;0.000000;dB
Ref Position;100.000000;%
y-Axis;LOG;
Level Range;100.000000;dB
Rf Att;0.000000;dB
El Att;0.000000;dB
RBW;9000.000000;Hz
VBW;100000.000000;Hz
SWT;0.100000;s
Trace Mode;AVERAGE;
Detector;RMS;
Sweep Count;0;
Trace 1:;;
x-Unit;Hz;
y-Unit;dBµV;
Preamplifier;OFF;
Transducer;OFF;
Values;3317;
154500;11.968330383300781;
163500;12.060661315917969;
172500;3.45233154296875;
181500;1.0692138671875;
190500;1.3526535034179688;
199500;1.0422439575195312;
208500;0.83797454833984375;
217500;1.2926559448242187;
226500;2.4679336547851562;
235500;2.5797195434570312;
244500;3.3539505004882812;
253500;0.9568328857421875;
262500;0.6762847900390625;
271500;1.1715774536132812;
280500;0.79897308349609375;
289500;2.2247772216796875;
298500;1.4831466674804687;
307500;2.8206329345703125;
316500;6.5036163330078125;
325500;7.765472412109375;
334500;5.544158935546875;
343500;0.90116119384765625;
352500;0.05142974853515625;
361500;-0.1121063232421875;
370500;-0.0068511962890625;
379500;-1.0840682983398437;
388500;-1.0706253051757812;
397500;-0.6417236328125;
406500;0.2509918212890625;
415500;-0.30892181396484375;
424500;-1.2786636352539062;
433500;-1.1258544921875;
442500;-0.75072479248046875;
451500;0.4327392578125;
460500;1.874969482421875;
469500;2.0375213623046875;
478500;3.8583908081054687;
487500;5.9672088623046875;
496500;5.4996109008789062;
505500;2.8810195922851562;
514500;-0.3133087158203125;
523500;-1.2208175659179687;
532500;-0.3591156005859375;
541500;-1.2852249145507812;
550500;-1.6179275512695313;
559500;-1.4737701416015625;
568500;-0.14066314697265625;
577500;-0.64432525634765625;
586500;-1.4849853515625;
595500;0.3348541259765625;
604500;0.2751007080078125;
613500;2.7399139404296875;
622500;-0.18009185791015625;
631500;1.9349288940429688;
640500;3.3421478271484375;
649500;4.0990219116210937;
658500;4.5496673583984375;
667500;3.42144775390625;
676500;4.7167816162109375;
685500;0.68231964111328125;
694500;3.5593185424804687;
703500;1.97576904296875;
712500;2.9318923950195312;
721500;3.15032958984375;
730500;4.671112060546875;
739500;2.9766845703125;
748500;0.8097991943359375;
757500;5.9298629760742187;
766500;2.2133712768554687;
775500;1.4091796875;
784500;0.6993560791015625;
793500;6.8436660766601562;
802500;5.4139175415039062;
811500;6.473724365234375;
820500;4.3315963745117187;
829500;5.0030899047851563;
838500;8.4687347412109375;
847500;8.617156982421875;
856500;5.3989410400390625;
865500;2.272796630859375;
874500;7.8316497802734375;
883500;9.439056396484375;
892500;13.015480041503906;
901500;6.1823272705078125;
910500;3.79931640625;
919500;6.3915252685546875;
928500;13.922691345214844;
937500;9.095855712890625;
946500;5.1319503784179687;
955500;5.3289794921875;
964500;6.8170623779296875;
973500;9.8843841552734375;
982500;5.3443756103515625;
991500;5.4114990234375;
1000500;6.2526779174804687;
1009500;7.0896224975585938;
1018500;3.4326171875;
1027500;1.11383056640625;
1036500;7.4881439208984375;
1045500;2.8491287231445313;
1054500;3.0543212890625;
1063500;0.929962158203125;
1072500;4.9772872924804687;
1081500;6.3051681518554687;
1090500;2.006622314453125;
1099500;0.96605682373046875;
1108500;1.7303390502929687;
1117500;7.979949951171875;
1126500;2.1957244873046875;
1135500;2.108001708984375;
1144500;3.6650314331054687;
1153500;6.4182357788085938;
1162500;5.9171905517578125;
1171500;2.4117584228515625;
1180500;5.262176513671875;
1189500;12.721595764160156;
1198500;6.6391143798828125;
1207500;-0.000946044921875;
1216500;-0.027496337890625;
1225500;7.8609771728515625;
1234500;11.913177490234375;
1243500;1.9882049560546875;
1252500;0.9314422607421875;
1261500;0.98207855224609375;
1270500;1.847564697265625;
1279500;4.0322113037109375;
1288500;1.9936676025390625;
1297500;2.0929794311523437;
1306500;2.8828811645507813;
1315500;3.6309585571289062;
1324500;3.5876541137695313;
1333500;3.7317123413085938;
1342500;2.4691619873046875;
1351500;1.9755096435546875;
1360500;1.9938888549804687;
1369500;1.1079177856445313;
1378500;0.1717071533203125;
1387500;0.47576904296875;
1396500;2.6593170166015625;
1405500;1.0300750732421875;
1414500;1.6702194213867187;
1423500;0.7390289306640625;
1432500;1.4358062744140625;
1441500;2.2211151123046875;
1450500;1.7707366943359375;
1459500;1.8753128051757812;
1468500;3.08929443359375;
1477500;4.0654296875;
1486500;3.1494979858398437;
1495500;3.2257080078125;
1504500;2.7587509155273438;
1513500;2.7421035766601562;
1522500;2.350799560546875;
1531500;1.2299346923828125;
1540500;0.83123779296875;
1549500;0.3991546630859375;
1558500;1.8924331665039063;
1567500;0.76576995849609375;
1576500;0.347076416015625;
1585500;0.79763031005859375;
1594500;2.2824249267578125;
1603500;2.43658447265625;
1612500;1.715179443359375;
1621500;1.5860137939453125;
1630500;2.4361114501953125;
1639500;3.602996826171875;
1648500;3.1055831909179687;
1657500;3.034881591796875;
1666500;3.1159133911132812;
1675500;2.6106109619140625;
1684500;2.4182281494140625;
1693500;2.5092620849609375;
1702500;2.0444412231445313;
1711500;1.0997390747070313;
1720500;1.5941314697265625;
1729500;0.9529571533203125;
1738500;0.91461181640625;
1747500;1.0203933715820313;
1756500;1.863250732421875;
1765500;1.8337326049804687;
1774500;1.9470062255859375;
1783500;1.485076904296875;
1792500;1.9779281616210937;
1801500;2.7089767456054687;
1810500;2.56097412109375;
1819500;2.3553009033203125;
1828500;2.5372848510742187;
1837500;3.2272109985351562;
1846500;2.0716476440429687;
1855500;2.4067611694335937;
1864500;2.4668426513671875;
1873500;2.1269454956054687;
1882500;1.6333389282226563;
1891500;0.47989654541015625;
1900500;0.549652099609375;
1909500;1.3264007568359375;
1918500;2.013397216796875;
1927500;1.3118057250976562;
1936500;1.1696395874023437;
1945500;2.4135894775390625;
1954500;2.3372955322265625;
1963500;2.1178665161132813;
1972500;2.15643310546875;
1981500;2.2410888671875;
1990500;2.5334625244140625;
1999500;2.9429168701171875;
2008500;2.1045150756835937;
2017500;1.8356475830078125;
2026500;2.1558990478515625;
2035500;3.3761749267578125;
2044500;2.328033447265625;
2053500;1.1993789672851563;
2062500;0.9351654052734375;
2071500;1.6219482421875;
2080500;2.8067245483398438;
2089500;1.7640533447265625;
2098500;1.3768157958984375;
2107500;1.2617263793945312;
2116500;2.6797714233398438;
2125500;2.3443832397460937;
2134500;2.4784317016601562;
2143500;2.40875244140625;
2152500;2.6341323852539062;
2161500;3.7753448486328125;
2170500;2.734588623046875;
2179500;1.9397354125976563;
2188500;2.00592041015625;
2197500;3.0328445434570313;
2206500;2.482635498046875;
2215500;2.58843994140625;
2224500;1.7586822509765625;
2233500;2.0464935302734375;
2242500;2.8141098022460937;
2251500;2.1975631713867187;
2260500;1.6213150024414063;
2269500;1.8411407470703125;
2278500;2.9276580810546875;
2287500;2.500244140625;
2296500;3.4251174926757812;
2305500;6.9835968017578125;
2314500;3.6349716186523438;
2323500;3.5998458862304687;
2332500;3.345367431640625;
2341500;2.803558349609375;
2350500;2.1992645263671875;
2359500;3.0879592895507813;
2368500;2.1624832153320312;
2377500;5.755035400390625;
2386500;7.5951995849609375;
2395500;9.5095748901367187;
2404500;2.8705062866210938;
2413500;1.8341751098632813;
2422500;1.607513427734375;
2431500;1.7210617065429687;
2440500;2.9272613525390625;
2449500;2.0553970336914062;
2458500;2.3665847778320313;
2467500;5.651397705078125;
2476500;5.9235153198242187;
2485500;6.8235092163085938;
2494500;2.7402420043945312;
2503500;2.6074371337890625;
2512500;2.122894287109375;
2521500;3.18975830078125;
2530500;2.36651611328125;
2539500;2.2548904418945313;
2548500;2.1191253662109375;
2557500;2.7790679931640625;
2566500;3.3818206787109375;
2575500;3.1402435302734375;
2584500;1.2477798461914062;
2593500;0.9351959228515625;
2602500;1.9725494384765625;
2611500;1.488128662109375;
2620500;1.0962905883789062;
2629500;1.0098495483398437;
2638500;1.5596694946289063;
2647500;0.919830322265625;
2656500;1.140106201171875;
2665500;0.76412200927734375;
2674500;0.39855194091796875;
2683500;0.4499969482421875;
2692500;-0.11585235595703125;
2701500;-0.33980560302734375;
2710500;-0.43399810791015625;
2719500;-0.0246429443359375;
2728500;-0.4900360107421875;
2737500;-0.77274322509765625;
2746500;-0.6992645263671875;
2755500;-0.9926605224609375;
2764500;-1.0153427124023437;
2773500;-0.8929595947265625;
2782500;-0.78509521484375;
2791500;-0.4022674560546875;
2800500;-0.2957611083984375;
2809500;-0.47859954833984375;
2818500;-0.3765716552734375;
2827500;-0.3303070068359375;
2836500;1.214752197265625;
2845500;-0.43289947509765625;
2854500;-0.83642578125;
2863500;-0.81343841552734375;
2872500;-0.60399627685546875;
2881500;-0.4747161865234375;
2890500;-0.8036346435546875;
2899500;-0.9761199951171875;
2908500;-1.1997604370117187;
2917500;-1.1352310180664063;
2926500;0.8675384521484375;
2935500;-0.77510833740234375;
2944500;-0.49787139892578125;
2953500;-0.52727508544921875;
2962500;-0.19264984130859375;
2971500;-0.219268798828125;
2980500;0.1320343017578125;
2989500;-0.0047760009765625;
2998500;0.4613800048828125;
3007500;0.1184844970703125;
3016500;1.1052093505859375;
3025500;0.0139617919921875;
3034500;-0.06714630126953125;
3043500;0.17154693603515625;
3052500;0.18316650390625;
3061500;-0.28101348876953125;
3070500;-0.3636322021484375;
3079500;-0.5850830078125;
3088500;-0.33246612548828125;
3097500;-0.278717041015625;
3106500;0.38376617431640625;
3115500;-0.3088836669921875;
3124500;0.0044403076171875;
3133500;0.0369110107421875;
3142500;0.42426300048828125;
3151500;0.52587890625;
3160500;0.5503387451171875;
3169500;0.6544342041015625;
3178500;0.55458831787109375;
3187500;0.627685546875;
3196500;0.68587493896484375;
3205500;0.75658416748046875;
3214500;1.0032424926757812;
3223500;0.6871795654296875;
3232500;0.5634918212890625;
3241500;0.730224609375;
3250500;0.74063873291015625;
3259500;0.4862518310546875;
3268500;0.42011260986328125;
3277500;0.68633270263671875;
3286500;0.9948272705078125;
3295500;1.3415451049804687;
3304500;1.1029510498046875;
3313500;1.5208587646484375;
3322500;1.140106201171875;
3331500;1.4856185913085937;
3340500;1.800048828125;
3349500;1.5485305786132813;
3358500;1.6806640625;
3367500;2.3291168212890625;
3376500;2.0394973754882812;
3385500;1.7604522705078125;
3394500;1.626953125;
3403500;1.7601470947265625;
3412500;2.14300537109375;
3421500;2.1471633911132813;
3430500;1.5337982177734375;
3439500;1.5168609619140625;
3448500;1.7217483520507813;
3457500;4.2738265991210937;
3466500;2.2456207275390625;
3475500;1.7010726928710937;
3484500;1.778472900390625;
3493500;1.8031539916992187;
3502500;1.8396072387695312;
3511500;1.5396499633789063;
3520500;1.2608718872070313;
3529500;1.2389373779296875;
3538500;1.210845947265625;
3547500;5.2741546630859375;
3556500;1.4006576538085937;
3565500;0.93404388427734375;
3574500;2.9451217651367187;
3583500;1.260101318359375;
3592500;0.6774749755859375;
3601500;0.401336669921875;
3610500;0.070159912109375;
3619500;-0.17234039306640625;
3628500;0.22689056396484375;
3637500;3.5803756713867187;
3646500;0.2603759765625;
3655500;0.0072021484375;
3664500;0.271209716796875;
3673500;0.105010986328125;
3682500;0.1955718994140625;
3691500;0.1019134521484375;
3700500;0.028106689453125;
3709500;0.27657318115234375;
3718500;0.31868743896484375;
3727500;1.1047821044921875;
3736500;0.43061065673828125;
3745500;0.52771759033203125;
3754500;0.3910980224609375;
3763500;0.24376678466796875;
3772500;0.32305145263671875;
3781500;0.16002655029296875;
3790500;0.13872528076171875;
3799500;0.10886383056640625;
3808500;0.39029693603515625;
3817500;0.3079071044921875;
3826500;0.42577362060546875;
3835500;0.4291839599609375;
3844500;0.142303466796875;
3853500;0.19046783447265625;
3862500;-0.0509033203125;
3871500;-0.057098388671875;
3880500;-0.24274444580078125;
3889500;-0.233734130859375;
3898500;0.487213134765625;
3907500;0.4142913818359375;
3916500;0.00116729736328125;
3925500;-0.4124908447265625;
3934500;-0.70807647705078125;
3943500;-0.54944610595703125;
3952500;-0.82631683349609375;
3961500;-0.9813079833984375;
3970500;-0.85572052001953125;
3979500;-0.9303436279296875;
3988500;0.37915802001953125;
3997500;-0.16753387451171875;
4006500;-0.83365631103515625;
4015500;-0.973876953125;
4024500;-1.2068939208984375;
4033500;-1.1416778564453125;
4042500;-1.3023529052734375;
4051500;-1.4738998413085937;
4060500;-1.0938568115234375;
4069500;-1.1938858032226563;
4078500;0.80657196044921875;
4087500;-0.40763092041015625;
4096500;-1.1024932861328125;
4105500;-1.2847213745117187;
4114500;-1.3061904907226563;
4123500;-1.5209579467773438;
4132500;-1.4807052612304687;
4141500;-1.3294677734375;
4150500;-1.2162933349609375;
4159500;-0.81812286376953125;
4168500;1.0669174194335937;
4177500;-0.6021881103515625;
4186500;-1.2537460327148437;
4195500;-0.8078155517578125;
4204500;-0.9778594970703125;
4213500;-1.2861099243164063;
4222500;-0.7325592041015625;
4231500;-0.46836090087890625;
4240500;-0.313812255859375;
4249500;-0.5566253662109375;
4258500;0.49718475341796875;
4267500;-0.25514984130859375;
4276500;-0.3254852294921875;
4285500;-0.390411376953125;
4294500;-0.3751068115234375;
4303500;-0.21553802490234375;
4312500;0.17826080322265625;
4321500;0.2913665771484375;
4330500;0.5155029296875;
4339500;0.6862335205078125;
4348500;0.45047760009765625;
4357500;0.484130859375;
4366500;0.47959136962890625;
4375500;0.27108001708984375;
4384500;0.49813079833984375;
4393500;0.906036376953125;
4402500;0.992645263671875;
4411500;1.1362228393554687;
4420500;1.3036422729492187;
4429500;1.5438003540039063;
4438500;2.3011932373046875;
4447500;1.2794036865234375;
4456500;1.4470901489257813;
4465500;1.286865234375;
4474500;1.7365646362304688;
4483500;2.0862808227539062;
4492500;2.2655029296875;
4501500;2.294525146484375;
4510500;2.060791015625;
4519500;3.2058334350585938;
4528500;4.1006088256835938;
4537500;2.0392684936523437;
4546500;2.0706329345703125;
4555500;2.354949951171875;
4564500;2.4020004272460938;
4573500;2.69189453125;
4582500;2.768341064453125;
4591500;2.571319580078125;
4600500;2.5088653564453125;
4609500;5.0759658813476562;
4618500;4.744903564453125;
4627500;2.6641845703125;
4636500;3.10565185546875;
4645500;3.5637664794921875;
4654500;3.623443603515625;
4663500;3.5601654052734375;
4672500;3.5391311645507813;
4681500;3.334716796875;
4690500;3.3148040771484375;
4699500;5.8257598876953125;
4708500;4.8999176025390625;
4717500;3.6447372436523438;
4726500;3.8139495849609375;
4735500;3.8988037109375;
4744500;4.0096664428710938;
4753500;3.8739700317382812;
4762500;3.83624267578125;
4771500;3.6690216064453125;
4780500;4.1084823608398437;
4789500;5.5110321044921875;
4798500;4.780548095703125;
4807500;4.631072998046875;
4816500;4.7684555053710938;
4825500;4.728424072265625;
4834500;4.79595947265625;
4843500;4.938385009765625;
4852500;4.6823806762695313;
4861500;4.7741470336914062;
4870500;4.96490478515625;
4879500;4.8224639892578125;
4888500;5.0932464599609375;
4897500;4.8682479858398437;
4906500;5.183563232421875;
4915500;5.151275634765625;
4924500;4.9567184448242187;
4933500;4.8790054321289062;
4942500;5.3995819091796875;
4951500;5.4463882446289062;
4960500;5.5667953491210938;
4969500;7.4906158447265625;
4978500;5.602813720703125;
4987500;5.6190261840820313;
4996500;5.6354141235351563;
5005500;5.5072097778320313;
5014500;5.4460296630859375;
5023500;5.5826950073242188;
5032500;5.6658859252929687;
5041500;5.7610244750976562;
5050500;6.8294219970703125;
5059500;9.759857177734375;
5068500;5.2980194091796875;
5077500;5.4636993408203125;
5086500;5.3978958129882812;
5095500;5.300628662109375;
5104500;5.3819656372070313;
5113500;5.1184539794921875;
5122500;5.1973419189453125;
5131500;5.0582275390625;
5140500;7.7197799682617187;
5149500;9.8337860107421875;
5158500;4.9227294921875;
5167500;4.7294921875;
5176500;4.4679794311523437;
5185500;4.6431732177734375;
5194500;4.5679092407226563;
5203500;4.70538330078125;
5212500;4.3561019897460938;
5221500;4.1797103881835938;
5230500;7.093536376953125;
5239500;7.55450439453125;
5248500;4.0694580078125;
5257500;4.0391998291015625;
5266500;3.7237396240234375;
5275500;3.7225112915039062;
5284500;3.7409896850585937;
5293500;3.3682861328125;
5302500;3.1080856323242187;
5311500;3.463714599609375;
5320500;4.636016845703125;
5329500;4.2049026489257812;
5338500;3.1036605834960938;
5347500;3.0087661743164063;
5356500;3.1533126831054687;
5365500;3.287445068359375;
5374500;2.8481826782226562;
5383500;2.5798187255859375;
5392500;3.0435867309570312;
5401500;2.9991607666015625;
5410500;2.9702529907226562;
5419500;2.8030319213867187;
5428500;2.6092147827148438;
5437500;2.5433197021484375;
5446500;2.6034164428710938;
5455500;2.04595947265625;
5464500;1.8947372436523437;
5473500;1.9253921508789063;
5482500;1.7902908325195312;
5491500;1.845947265625;
5500500;2.1283340454101562;
5509500;1.5918502807617187;
5518500;1.4888687133789063;
5527500;1.5733489990234375;
5536500;1.0806198120117187;
5545500;0.7693939208984375;
5554500;1.0541915893554687;
5563500;1.38836669921875;
5572500;1.2711181640625;
5581500;1.13177490234375;
5590500;2.98895263671875;
5599500;0.8985595703125;
5608500;0.7957916259765625;
5617500;0.7479400634765625;
5626500;0.66826629638671875;
5635500;0.4579010009765625;
5644500;0.51480865478515625;
5653500;0.4842681884765625;
5662500;0.25250244140625;
5671500;0.86660003662109375;
5680500;3.556182861328125;
5689500;0.13112640380859375;
5698500;0.02626800537109375;
5707500;-0.36827850341796875;
5716500;-0.01068878173828125;
5725500;-0.03282928466796875;
5734500;-0.31250762939453125;
5743500;-0.0734710693359375;
5752500;-0.26393890380859375;
5761500;0.3360595703125;
5770500;2.6616058349609375;
5779500;-0.56732177734375;
5788500;-0.800140380859375;
5797500;-0.7917938232421875;
5806500;-0.95034027099609375;
5815500;-0.9358978271484375;
5824500;-0.97454833984375;
5833500;-1.160858154296875;
5842500;-1.1318206787109375;
5851500;-0.26641082763671875;
5860500;0.36923980712890625;
5869500;-1.3059310913085937;
5878500;-1.7946395874023437;
5887500;-1.4870452880859375;
5896500;-1.5061721801757812;
5905500;-1.6175613403320312;
5914500;-1.5006179809570313;
5923500;-1.595733642578125;
5932500;-1.7847213745117187;
5941500;-1.7314605712890625;
5950500;-1.7928466796875;
5959500;-1.6318817138671875;
5968500;-1.7836151123046875;
5977500;-1.9866409301757813;
5986500;-2.0634765625;
5995500;-2.0127944946289062;
6004500;-1.8581619262695313;
6013500;-2.0533065795898437;
6022500;-1.8637313842773437;
6031500;-1.1645278930664063;
6040500;-1.4327239990234375;
6049500;-1.6547470092773437;
6058500;-1.8271026611328125;
6067500;-1.7558975219726563;
6076500;-1.516021728515625;
6085500;-1.84539794921875;
6094500;-1.6477737426757812;
6103500;-1.59747314453125;
6112500;-1.7350616455078125;
6121500;1.1287307739257813;
6130500;-0.74561309814453125;
6139500;-1.418182373046875;
6148500;-1.6874542236328125;
6157500;-1.2854537963867187;
6166500;-1.3071975708007812;
6175500;-1.2676544189453125;
6184500;-1.2530059814453125;
6193500;-1.3132095336914063;
6202500;-1.1029434204101563;
6211500;2.6919403076171875;
6220500;-0.53498077392578125;
6229500;-1.0957489013671875;
6238500;-1.035491943359375;
6247500;-1.1248245239257812;
6256500;-0.9779815673828125;
6265500;-0.93305206298828125;
6274500;-1.0386886596679687;
6283500;-1.0070571899414062;
6292500;-0.64463043212890625;
6301500;2.8310089111328125;
6310500;-0.91014862060546875;
6319500;-0.99188995361328125;
6328500;-1.1029815673828125;
6337500;-1.175323486328125;
6346500;-1.014801025390625;
6355500;-1.2020416259765625;
6364500;-1.1292037963867187;
6373500;-1.1107330322265625;
6382500;-0.7253875732421875;
6391500;1.3965988159179688;
6400500;-1.086944580078125;
6409500;-1.316131591796875;
6418500;-1.4695968627929687;
6427500;-1.526824951171875;
6436500;-1.3771591186523437;
6445500;-1.717681884765625;
6454500;-1.4371795654296875;
6463500;-1.4339523315429687;
6472500;-1.3435211181640625;
6481500;-1.29595947265625;
6490500;-1.4767074584960938;
6499500;-1.7420272827148437;
6508500;-2.27618408203125;
6517500;-1.7342987060546875;
6526500;-1.7816085815429687;
6535500;-1.8677597045898437;
6544500;-1.7772750854492187;
6553500;-1.9435882568359375;
6562500;-1.4316864013671875;
6571500;-1.4941864013671875;
6580500;-1.784149169921875;
6589500;-1.7072296142578125;
6598500;-2.1423263549804687;
6607500;-1.6423416137695313;
6616500;-1.9038848876953125;
6625500;-1.683563232421875;
6634500;-1.4844284057617187;
6643500;-1.7593536376953125;
6652500;-0.02669525146484375;
6661500;-0.463409423828125;
6670500;-1.6111831665039062;
6679500;-1.437744140625;
6688500;-1.5260467529296875;
6697500;-1.4357223510742187;
6706500;-1.5731201171875;
6715500;-1.3555145263671875;
6724500;-1.254425048828125;
6733500;-1.4802932739257813;
6742500;1.4753036499023437;
6751500;-0.11870574951171875;
6760500;-1.1993789672851563;
6769500;-1.1099319458007812;
6778500;-1.2674713134765625;
6787500;-1.2579498291015625;
6796500;-1.5317230224609375;
6805500;-1.393463134765625;
6814500;-1.4544525146484375;
6823500;-1.27313232421875;
6832500;1.1939468383789062;
6841500;-0.80614471435546875;
6850500;-1.4290542602539063;
6859500;-1.413238525390625;
6868500;-1.5995712280273437;
6877500;-1.7334747314453125;
6886500;-1.5101394653320312;
6895500;-1.4586944580078125;
6904500;-1.7312164306640625;
6913500;-1.8970947265625;
6922500;-0.82324981689453125;
6931500;-1.72137451171875;
6940500;-1.4925994873046875;
6949500;-1.98956298828125;
6958500;-2.0943756103515625;
6967500;-2.170684814453125;
6976500;-2.107879638671875;
6985500;-1.936004638671875;
6994500;-2.1890869140625;
7003500;-2.0652999877929687;
7012500;-1.9041900634765625;
7021500;-2.3056564331054687;
7030500;-2.0269699096679687;
7039500;-2.2835540771484375;
7048500;-2.2188568115234375;
7057500;-2.2379379272460937;
7066500;-2.1798553466796875;
7075500;-2.2799530029296875;
7084500;-2.3386993408203125;
7093500;-2.28173828125;
7102500;-1.9543304443359375;
7111500;-2.2719955444335938;
7120500;-2.3028411865234375;
7129500;-2.36016845703125;
7138500;-2.288909912109375;
7147500;-2.362579345703125;
7156500;-1.9250030517578125;
7165500;-2.4756011962890625;
7174500;-2.4775390625;
7183500;-1.829376220703125;
7192500;-1.4585494995117188;
7201500;-2.6099319458007812;
7210500;-2.4493637084960937;
7219500;-2.46636962890625;
7228500;-2.47479248046875;
7237500;-2.63671875;
7246500;-2.7520980834960938;
7255500;-2.5764007568359375;
7264500;-2.5239105224609375;
7273500;-1.2970199584960937;
7282500;-1.3790054321289063;
7291500;-2.4770660400390625;
7300500;-2.3548507690429687;
7309500;-2.622955322265625;
7318500;-2.5591964721679687;
7327500;-2.743988037109375;
7336500;-2.4777603149414062;
7345500;-2.481048583984375;
7354500;-2.6425018310546875;
7363500;-1.0220184326171875;
7372500;-1.5809326171875;
7381500;-2.3201828002929687;
7390500;-2.3442459106445313;
7399500;-2.4642333984375;
7408500;-2.3638992309570312;
7417500;-2.5241012573242187;
7426500;-2.2843551635742187;
7435500;-2.2389297485351562;
7444500;-2.14923095703125;
7453500;-1.3308792114257812;
7462500;-1.9345474243164063;
7471500;-2.3343048095703125;
7480500;-2.2508010864257812;
7489500;-2.0310897827148437;
7498500;-2.0340499877929687;
7507500;-2.1437149047851562;
7516500;-1.995025634765625;
7525500;-1.9633941650390625;
7534500;-1.8689498901367187;
7543500;-1.6085357666015625;
7552500;-2.2665863037109375;
7561500;-1.9031982421875;
7570500;-1.8418121337890625;
7579500;-1.4398040771484375;
7588500;-1.7382125854492187;
7597500;-2.3105239868164062;
7606500;-1.75567626953125;
7615500;-1.9546127319335938;
7624500;-1.976104736328125;
7633500;-1.9267730712890625;
7642500;-2.09234619140625;
7651500;-2.0005874633789062;
7660500;-1.7888031005859375;
7669500;-2.0588226318359375;
7678500;-2.1987228393554687;
7687500;-1.808319091796875;
7696500;-1.9404449462890625;
7705500;-2.0590057373046875;
7714500;-2.3442230224609375;
7723500;-2.2350006103515625;
7732500;-2.1551666259765625;
7741500;-2.004730224609375;
7750500;-2.367767333984375;
7759500;-2.3779754638671875;
7768500;-2.2024002075195313;
7777500;-2.2918853759765625;
7786500;-2.2919769287109375;
7795500;-2.4695587158203125;
7804500;-2.2643203735351562;
7813500;-1.959136962890625;
7822500;-1.9482879638671875;
7831500;-2.2099990844726562;
7840500;-1.9607772827148437;
7849500;-1.9708099365234375;
7858500;-1.9799270629882813;
7867500;-1.938323974609375;
7876500;-2.0782546997070312;
7885500;-1.7526779174804687;
7894500;-1.7200775146484375;
7903500;-1.2503890991210937;
7912500;-1.9470901489257813;
7921500;-1.83465576171875;
7930500;-1.8139801025390625;
7939500;-1.4381484985351562;
7948500;-1.570892333984375;
7957500;-1.6976165771484375;
7966500;-1.3648910522460937;
7975500;-1.526580810546875;
7984500;-1.05108642578125;
7993500;-1.1165618896484375;
8002500;-1.0980911254882812;
8011500;-1.1036376953125;
8020500;-1.0359649658203125;
8029500;-1.3180465698242187;
8038500;-1.2424240112304687;
8047500;-0.93412017822265625;
8056500;-0.9974517822265625;
8065500;-0.95908355712890625;
8074500;-1.112213134765625;
8083500;-1.0176467895507813;
8092500;-1.0309906005859375;
8101500;-1.0435867309570313;
8110500;-0.93830108642578125;
8119500;-1.0622940063476563;
8128500;-1.1432342529296875;
8137500;-1.1953506469726563;
8146500;-1.1680984497070313;
8155500;-1.2291183471679687;
8164500;-1.0476226806640625;
8173500;-1.12921142578125;
8182500;-1.05877685546875;
8191500;-1.295928955078125;
8200500;-1.7492904663085937;
8209500;-1.5877227783203125;
8218500;-1.457977294921875;
8227500;-1.3897628784179687;
8236500;-1.50830078125;
8245500;-1.7324447631835938;
8254500;-0.24609375;
8263500;-1.5782546997070313;
8272500;-2.090545654296875;
8281500;-2.1793899536132812;
8290500;-2.0530166625976562;
8299500;-1.9853591918945313;
8308500;-2.3437347412109375;
8317500;-2.401397705078125;
8326500;-2.1596145629882813;
8335500;-1.9356231689453125;
8344500;0.678558349609375;
8353500;-2.2149505615234375;
8362500;-2.3081130981445313;
8371500;-2.1521987915039062;
8380500;-2.2015762329101562;
8389500;-2.2959671020507812;
8398500;-2.3254547119140625;
8407500;-2.3449630737304687;
8416500;-2.3320999145507813;
8425500;-1.6868133544921875;
8434500;-0.01827239990234375;
8443500;-2.15606689453125;
8452500;-2.1765670776367187;
8461500;-2.050323486328125;
8470500;-1.9420928955078125;
8479500;-1.8948822021484375;
8488500;-2.0306243896484375;
8497500;-2.0122833251953125;
8506500;-1.8591232299804687;
8515500;-1.2041778564453125;
8524500;-0.58342742919921875;
8533500;-1.90869140625;
8542500;-1.985015869140625;
8551500;-1.6798019409179688;
8560500;-1.7302703857421875;
8569500;-1.7290725708007813;
8578500;-1.845001220703125;
8587500;-1.7805557250976562;
8596500;-1.7415618896484375;
8605500;-1.7366943359375;
8614500;-1.5687942504882813;
8623500;-1.776519775390625;
8632500;-2.0161819458007813;
8641500;-2.1498794555664062;
8650500;-1.9676971435546875;
8659500;-1.8767242431640625;
8668500;-2.0958099365234375;
8677500;-2.1403274536132812;
8686500;-2.282684326171875;
8695500;-2.1556015014648437;
8704500;-2.3651504516601562;
8713500;-2.368988037109375;
8722500;-2.3569564819335937;
8731500;-2.481842041015625;
8740500;-2.3938751220703125;
8749500;-2.462188720703125;
8758500;-2.44140625;
8767500;-2.56085205078125;
8776500;-2.5819549560546875;
8785500;-2.0121612548828125;
8794500;-2.3682327270507813;
8803500;-2.656707763671875;
8812500;-2.7122421264648437;
8821500;-2.6695556640625;
8830500;-2.6607589721679687;
8839500;-2.8593826293945313;
8848500;-2.8753738403320313;
8857500;-2.781707763671875;
8866500;-2.971893310546875;
8875500;-1.773040771484375;
8884500;-2.709564208984375;
8893500;-2.9493026733398437;
8902500;-2.9096832275390625;
8911500;-3.0006179809570312;
8920500;-3.0618667602539063;
8929500;-2.99859619140625;
8938500;-3.0572509765625;
8947500;-2.9590225219726563;
8956500;-3.1148223876953125;
8965500;-2.050201416015625;
8974500;-3.2222747802734375;
8983500;-3.126708984375;
8992500;-3.051605224609375;
9001500;-3.04693603515625;
9010500;-2.8611602783203125;
9019500;-2.9777908325195313;
9028500;-3.0853347778320313;
9037500;-3.0631332397460937;
9046500;-3.1889190673828125;
9055500;-2.2926406860351562;
9064500;-2.9942779541015625;
9073500;-3.0536117553710938;
9082500;-3.2654953002929687;
9091500;-3.0490646362304687;
9100500;-3.3024368286132812;
9109500;-3.1749343872070313;
9118500;-3.0690155029296875;
9127500;-3.191162109375;
9136500;-3.0290451049804687;
9145500;-2.89605712890625;
9154500;-3.2978973388671875;
9163500;-3.1427764892578125;
9172500;-3.1126632690429687;
9181500;-2.947784423828125;
9190500;-3.0409698486328125;
9199500;-3.0795669555664063;
9208500;-3.32867431640625;
9217500;-3.175506591796875;
9226500;-3.1448898315429687;
9235500;-3.2530059814453125;
9244500;-3.1486663818359375;
9253500;-3.3040390014648437;
9262500;-3.1597671508789062;
9271500;-3.2744522094726562;
9280500;-3.22076416015625;
9289500;-3.2190933227539062;
9298500;-3.1301498413085938;
9307500;-3.2314453125;
9316500;-2.8263931274414062;
9325500;-3.0269393920898437;
9334500;-3.3727188110351562;
9343500;-3.4402694702148438;
9352500;-3.2847061157226562;
9361500;-3.2806854248046875;
9370500;-3.394134521484375;
9379500;-3.5098342895507813;
9388500;-3.3201522827148437;
9397500;-3.1108322143554687;
9406500;-2.8778915405273437;
9415500;-3.2179718017578125;
9424500;-3.4179763793945313;
9433500;-3.302734375;
9442500;-3.0763702392578125;
9451500;-3.2911605834960937;
9460500;-3.256683349609375;
9469500;-3.221466064453125;
9478500;-3.4793548583984375;
9487500;-3.4656219482421875;
9496500;-2.9936904907226562;
9505500;-3.1757125854492187;
9514500;-3.36761474609375;
9523500;-3.2738876342773438;
9532500;-3.2001419067382812;
9541500;-3.20928955078125;
9550500;-3.316192626953125;
9559500;-3.2280426025390625;
9568500;-3.1414566040039062;
9577500;-3.3263092041015625;
9586500;-3.0355987548828125;
9595500;-3.1164169311523438;
9604500;-3.2510986328125;
9613500;-3.3756332397460937;
9622500;-3.171142578125;
9631500;-3.2319793701171875;
9640500;-3.3607559204101562;
9649500;-3.3541946411132813;
9658500;-3.0748519897460937;
9667500;-3.156829833984375;
9676500;-3.1826553344726562;
9685500;-3.1799545288085938;
9694500;-3.4803085327148437;
9703500;-3.1008224487304687;
9712500;-3.2996673583984375;
9721500;-3.4265365600585938;
9730500;-3.2703018188476563;
9739500;-3.22760009765625;
9748500;-3.1016311645507812;
9757500;-3.1617965698242187;
9766500;-3.234893798828125;
9775500;-3.1083755493164062;
9784500;-2.76654052734375;
9793500;-3.0455322265625;
9802500;-3.0011978149414062;
9811500;-2.935150146484375;
9820500;-2.6617813110351563;
9829500;-2.8425369262695312;
9838500;-3.073577880859375;
9847500;-2.8699798583984375;
9856500;-2.7919082641601562;
9865500;-2.37359619140625;
9874500;-2.867279052734375;
9883500;-2.6024322509765625;
9892500;-2.3808364868164062;
9901500;-2.4741668701171875;
9910500;-2.2292098999023437;
9919500;-2.3926849365234375;
9928500;-2.2533340454101562;
9937500;-2.0196609497070312;
9946500;-1.3593597412109375;
9955500;-2.1020660400390625;
9964500;-2.1597061157226562;
9973500;-1.8483963012695313;
9982500;-1.2430496215820312;
9991500;-1.4990234375;
10000500;-1.861083984375;
10009500;-1.3914794921875;
10018500;-1.4579696655273437;
10027500;-0.6481170654296875;
10036500;-1.3771514892578125;
10045500;-1.18731689453125;
10054500;-1.0517959594726562;
10063500;-0.49591827392578125;
10072500;-1.0402069091796875;
10081500;-1.5125274658203125;
10090500;-1.5202560424804687;
10099500;-1.2909088134765625;
10108500;-0.9567108154296875;
10117500;-1.8885269165039063;
10126500;-2.0193023681640625;
10135500;-2.0956954956054687;
10144500;-1.6389312744140625;
10153500;-2.1949539184570312;
10162500;-2.6549148559570313;
10171500;-2.5268096923828125;
10180500;-2.78857421875;
10189500;-2.2369384765625;
10198500;-2.9152069091796875;
10207500;-2.6073074340820313;
10216500;-2.5994491577148438;
10225500;-2.45672607421875;
10234500;-2.9306182861328125;
10243500;-2.9445419311523437;
10252500;-2.688507080078125;
10261500;-2.6114959716796875;
10270500;-2.587890625;
10279500;-3.0485076904296875;
10288500;-2.928680419921875;
10297500;-2.8237075805664062;
10306500;-2.580535888671875;
10315500;-2.6072616577148437;
10324500;-2.69683837890625;
10333500;-2.6767120361328125;
10342500;-2.67193603515625;
10351500;-2.6187820434570312;
10360500;-2.9018173217773437;
10369500;-2.765533447265625;
10378500;-2.8848037719726562;
10387500;-2.608642578125;
10396500;-2.7159652709960937;
10405500;-2.823394775390625;
10414500;-2.9119033813476562;
10423500;-2.6989517211914062;
10432500;-2.6398773193359375;
10441500;-2.7806015014648437;
10450500;-2.888763427734375;
10459500;-2.727874755859375;
10468500;-2.7100296020507812;
10477500;-2.8927459716796875;
10486500;-2.6646728515625;
10495500;-2.5918807983398438;
10504500;-2.5630569458007813;
10513500;-2.7963714599609375;
10522500;-2.6668319702148437;
10531500;-2.7036285400390625;
10540500;-2.8314208984375;
10549500;-2.9043731689453125;
10558500;-2.9063873291015625;
10567500;-2.558929443359375;
10576500;-2.98876953125;
10585500;-3.0134429931640625;
10594500;-2.8285598754882813;
10603500;-2.8707199096679687;
10612500;-3.0942535400390625;
10621500;-2.8812942504882812;
10630500;-2.8276519775390625;
10639500;-2.86419677734375;
10648500;-2.8108901977539062;
10657500;-2.8815155029296875;
10666500;-3.1617507934570312;
10675500;-3.2700653076171875;
10684500;-3.14984130859375;
10693500;-3.1959762573242187;
10702500;-3.2483291625976563;
10711500;-3.2580490112304687;
10720500;-3.1785964965820313;
10729500;-3.260223388671875;
10738500;-3.1604156494140625;
10747500;-3.224517822265625;
10756500;-3.2705307006835938;
10765500;-3.2409896850585938;
10774500;-3.3281402587890625;
10783500;-3.1792373657226562;
10792500;-3.2555465698242187;
10801500;-3.348663330078125;
10810500;-3.3735275268554687;
10819500;-3.3374557495117187;
10828500;-2.9967575073242187;
10837500;-3.075958251953125;
10846500;-3.3257522583007813;
10855500;-3.2113037109375;
10864500;-3.191619873046875;
10873500;-3.21893310546875;
10882500;-3.2776107788085938;
10891500;-3.1583786010742187;
10900500;-3.037078857421875;
10909500;-2.7954254150390625;
10918500;-2.6610565185546875;
10927500;-2.6690521240234375;
10936500;-2.810150146484375;
10945500;-2.6294021606445313;
10954500;-2.734100341796875;
10963500;-2.969635009765625;
10972500;-2.6939773559570313;
10981500;-2.5995254516601563;
10990500;-2.6395263671875;
10999500;-2.6691970825195312;
11008500;-2.1315689086914062;
11017500;-2.60784912109375;
11026500;-2.4872055053710937;
11035500;-2.342742919921875;
11044500;-2.3319244384765625;
11053500;-2.4952621459960937;
11062500;-2.194000244140625;
11071500;-1.919281005859375;
11080500;-1.8961029052734375;
11089500;-1.9136886596679687;
11098500;-1.1264190673828125;
11107500;-1.9338455200195313;
11116500;-1.7233428955078125;
11125500;-1.4925918579101562;
11134500;-1.4517364501953125;
11143500;-1.3237380981445313;
11152500;-1.7021560668945313;
11161500;-1.5580062866210937;
11170500;-1.3465957641601562;
11179500;-1.3122940063476563;
11188500;-0.953399658203125;
11197500;-1.3571319580078125;
11206500;-1.2871017456054687;
11215500;-1.2949905395507812;
11224500;-1.45233154296875;
11233500;-1.478057861328125;
11242500;-1.56011962890625;
11251500;-1.4467086791992187;
11260500;-1.4356842041015625;
11269500;-1.3249130249023437;
11278500;-1.2175521850585937;
11287500;-1.5652847290039063;
11296500;-1.7303848266601563;
11305500;-1.6932601928710937;
11314500;-1.9495315551757813;
11323500;-2.041900634765625;
11332500;-2.0566024780273437;
11341500;-1.9346847534179687;
11350500;-2.0081253051757813;
11359500;-1.9612197875976562;
11368500;-2.0129013061523438;
11377500;-2.3597869873046875;
11386500;-2.2307205200195313;
11395500;-2.383148193359375;
11404500;-2.4593276977539062;
11413500;-2.4942474365234375;
11422500;-2.5359954833984375;
11431500;-2.4965591430664062;
11440500;-2.7332000732421875;
11449500;-2.3147735595703125;
11458500;-2.4078445434570312;
11467500;-2.6856155395507812;
11476500;-2.5268402099609375;
11485500;-2.6751022338867187;
11494500;-2.8268814086914063;
11503500;-2.600738525390625;
11512500;-2.4877548217773438;
11521500;-2.5826263427734375;
11530500;-2.5445785522460938;
11539500;-1.8244552612304688;
11548500;-2.3120651245117187;
11557500;-2.593658447265625;
11566500;-2.2846450805664062;
11575500;-2.3759002685546875;
11584500;-2.6115341186523437;
11593500;-2.4531707763671875;
11602500;-2.668853759765625;
11611500;-2.3881072998046875;
11620500;-2.458740234375;
11629500;-1.9527816772460938;
11638500;-2.4241485595703125;
11647500;-2.4854507446289062;
11656500;-2.5432815551757813;
11665500;-2.6455459594726562;
11674500;-2.573974609375;
11683500;-2.7539825439453125;
11692500;-2.5715408325195312;
11701500;-2.5058441162109375;
11710500;-2.6091384887695313;
11719500;-2.1075668334960937;
11728500;-2.9242706298828125;
11737500;-2.8354644775390625;
11746500;-2.6503982543945313;
11755500;-2.585205078125;
11764500;-2.9163360595703125;
11773500;-2.8904876708984375;
11782500;-3.078094482421875;
11791500;-2.9909515380859375;
11800500;-2.7056350708007813;
11809500;-2.5499191284179687;
11818500;-3.1304702758789062;
11827500;-3.06781005859375;
11836500;-3.08697509765625;
11845500;-2.9799728393554687;
11854500;-3.1560821533203125;
11863500;-3.231597900390625;
11872500;-3.1373214721679687;
11881500;-3.4362030029296875;
11890500;-3.2934799194335938;
11899500;-3.2580795288085938;
11908500;-3.2869110107421875;
11917500;-1.758148193359375;
11926500;-2.8699264526367187;
11935500;-3.19219970703125;
11944500;-3.3576278686523437;
11953500;-3.361083984375;
11962500;-3.26800537109375;
11971500;-3.124786376953125;
11980500;-3.056427001953125;
11989500;-2.766937255859375;
11998500;3.0386123657226562;
12007500;-1.850860595703125;
12016500;-3.2432632446289062;
12025500;-3.1352386474609375;
12034500;-3.0945663452148437;
12043500;-3.2040023803710938;
12052500;-3.4282455444335937;
12061500;-3.439544677734375;
12070500;-2.9757461547851562;
12079500;-3.0488204956054687;
12088500;-3.076568603515625;
12097500;-3.0198516845703125;
12106500;-2.9371109008789062;
12115500;-3.1322250366210937;
12124500;-3.1937103271484375;
12133500;-3.3167877197265625;
12142500;-3.1716079711914062;
12151500;-3.068878173828125;
12160500;-2.5150604248046875;
12169500;-2.9214859008789063;
12178500;-3.0679779052734375;
12187500;-3.0123748779296875;
12196500;-2.915008544921875;
12205500;-2.956146240234375;
12214500;-2.8297576904296875;
12223500;-2.9305038452148437;
12232500;-2.9375381469726562;
12241500;-3.0072250366210938;
12250500;-2.4204864501953125;
12259500;-2.8950958251953125;
12268500;-2.8236618041992187;
12277500;-2.8472824096679687;
12286500;-3.2083511352539063;
12295500;-3.3468246459960938;
12304500;-2.9560699462890625;
12313500;-2.7862777709960938;
12322500;-2.891571044921875;
12331500;-3.1287384033203125;
12340500;-2.898345947265625;
12349500;-3.0050735473632813;
12358500;-3.02020263671875;
12367500;-3.12786865234375;
12376500;-2.946624755859375;
12385500;-2.85638427734375;
12394500;-2.9729156494140625;
12403500;-2.8947601318359375;
12412500;-3.058349609375;
12421500;-2.82965087890625;
12430500;-2.9119033813476562;
12439500;-3.0365676879882812;
12448500;-3.052764892578125;
12457500;-3.3326416015625;
12466500;-3.1136322021484375;
12475500;-2.9719161987304687;
12484500;-2.8531646728515625;
12493500;-3.0453720092773438;
12502500;-3.1541366577148437;
12511500;-3.16656494140625;
12520500;-2.9652099609375;
12529500;-3.1580047607421875;
12538500;-3.2145919799804687;
12547500;-3.1505508422851562;
12556500;-3.0142288208007813;
12565500;-3.2379531860351563;
12574500;-3.2988128662109375;
12583500;-3.2301406860351562;
12592500;-3.13922119140625;
12601500;-2.8398895263671875;
12610500;-2.814300537109375;
12619500;-2.9596633911132812;
12628500;-3.1295623779296875;
12637500;-2.8737258911132813;
12646500;-3.0084304809570313;
12655500;-3.1809005737304687;
12664500;-3.0684661865234375;
12673500;-3.15704345703125;
12682500;-2.9773788452148437;
12691500;-2.7341690063476562;
12700500;-2.8051376342773438;
12709500;-2.9588470458984375;
12718500;-2.9020767211914062;
12727500;-3.1944427490234375;
12736500;-3.3811264038085937;
12745500;-3.0138931274414062;
12754500;-3.1248016357421875;
12763500;-2.9848098754882813;
12772500;-3.0617141723632813;
12781500;-2.865753173828125;
12790500;-3.0955963134765625;
12799500;-2.9711990356445313;
12808500;-2.9866790771484375;
12817500;-3.0437393188476562;
12826500;-2.9163436889648437;
12835500;-2.9936065673828125;
12844500;-2.8963623046875;
12853500;-2.9110946655273438;
12862500;-2.9863967895507813;
12871500;-2.9017410278320312;
12880500;-3.0503997802734375;
12889500;-2.9531021118164062;
12898500;-2.798980712890625;
12907500;-2.9015579223632813;
12916500;-2.9560470581054687;
12925500;-3.02130126953125;
12934500;-3.015472412109375;
12943500;-3.1495361328125;
12952500;-3.184539794921875;
12961500;-3.05377197265625;
12970500;-3.0125808715820313;
12979500;-3.0036163330078125;
12988500;-3.006011962890625;
12997500;-3.00347900390625;
13006500;-3.059967041015625;
13015500;-3.0010604858398438;
13024500;-2.902618408203125;
13033500;-3.0120620727539062;
13042500;-3.12567138671875;
13051500;-3.0121307373046875;
13060500;-3.0782089233398437;
13069500;-3.0787582397460937;
13078500;-3.1104736328125;
13087500;-3.1054611206054687;
13096500;-3.0263824462890625;
13105500;-2.85400390625;
13114500;-2.8141326904296875;
13123500;-2.7184829711914062;
13132500;-3.0681991577148438;
13141500;-2.873779296875;
13150500;-3.1209182739257813;
13159500;-3.1679611206054687;
13168500;-2.9261398315429687;
13177500;-3.111785888671875;
13186500;-3.2859039306640625;
13195500;-3.102813720703125;
13204500;-2.990234375;
13213500;-2.9135971069335937;
13222500;-3.1807785034179687;
13231500;-2.9744720458984375;
13240500;-3.0198822021484375;
13249500;-3.0214691162109375;
13258500;-3.0438308715820313;
13267500;-3.0888900756835937;
13276500;-3.182098388671875;
13285500;-2.9459304809570312;
13294500;-3.0408706665039062;
13303500;-2.9847335815429687;
13312500;-2.9107131958007813;
13321500;-2.7600250244140625;
13330500;-2.8991851806640625;
13339500;-2.8535308837890625;
13348500;-2.8871078491210937;
13357500;-2.8973846435546875;
13366500;-2.8509063720703125;
13375500;-2.9032440185546875;
13384500;-2.925384521484375;
13393500;-2.9563369750976562;
13402500;-2.832000732421875;
13411500;-2.8273162841796875;
13420500;-2.6668701171875;
13429500;-2.8047027587890625;
13438500;-2.9446868896484375;
13447500;-2.7673110961914062;
13456500;-2.82159423828125;
13465500;-2.8593215942382812;
13474500;-2.9985427856445313;
13483500;-2.962615966796875;
13492500;-2.9447174072265625;
13501500;-2.7093276977539062;
13510500;-2.903717041015625;
13519500;-2.9181442260742187;
13528500;-2.8680267333984375;
13537500;-2.9144439697265625;
13546500;-2.8319244384765625;
13555500;-2.8629913330078125;
13564500;-3.0077743530273438;
13573500;-2.8122406005859375;
13582500;-2.740966796875;
13591500;-2.6836929321289062;
13600500;-2.611480712890625;
13609500;-2.7154388427734375;
13618500;-2.7320480346679687;
13627500;-2.63580322265625;
13636500;-2.762481689453125;
13645500;-2.8613662719726563;
13654500;-2.9520339965820312;
13663500;-2.8025283813476562;
13672500;-2.5431137084960937;
13681500;-2.7210922241210937;
13690500;-2.6684112548828125;
13699500;-2.676788330078125;
13708500;-2.7635116577148437;
13717500;-2.9678421020507813;
13726500;-2.8945159912109375;
13735500;-2.7887725830078125;
13744500;-2.7912826538085937;
13753500;-2.6072006225585937;
13762500;-2.659942626953125;
13771500;-2.8120346069335937;
13780500;-2.8341522216796875;
13789500;-2.7940139770507812;
13798500;-2.8690185546875;
13807500;-2.5758438110351562;
13816500;-2.5785903930664062;
13825500;-2.8643951416015625;
13834500;-2.8220672607421875;
13843500;-2.6132888793945312;
13852500;-2.8953018188476562;
13861500;-2.9420928955078125;
13870500;-2.777099609375;
13879500;-2.544219970703125;
13888500;-2.8167953491210938;
13897500;-2.8156509399414062;
13906500;-2.6046981811523438;
13915500;-2.8641357421875;
13924500;-2.8631134033203125;
13933500;-2.7669830322265625;
13942500;-2.597259521484375;
13951500;-2.6044158935546875;
13960500;-2.7886276245117187;
13969500;-2.590728759765625;
13978500;-2.6898117065429687;
13987500;-2.791351318359375;
13996500;-2.5092315673828125;
14005500;-2.7610931396484375;
14014500;-2.9092559814453125;
14023500;-2.6339645385742187;
14032500;-2.7971420288085937;
14041500;-2.8599624633789062;
14050500;-2.7709732055664062;
14059500;-2.6725921630859375;
14068500;-2.7365036010742187;
14077500;-2.67474365234375;
14086500;-2.5633544921875;
14095500;-2.512054443359375;
14104500;-2.5402908325195313;
14113500;-2.8330841064453125;
14122500;-2.70855712890625;
14131500;-2.7238006591796875;
14140500;-2.4798583984375;
14149500;-2.7873687744140625;
14158500;-2.6349868774414062;
14167500;-2.4077529907226562;
14176500;-2.698638916015625;
14185500;-2.40643310546875;
14194500;-2.5148696899414062;
14203500;-2.4552993774414062;
14212500;-2.3073654174804687;
14221500;-2.2888641357421875;
14230500;-2.461273193359375;
14239500;-2.4888763427734375;
14248500;-2.4529037475585937;
14257500;-2.3781204223632813;
14266500;-2.6137542724609375;
14275500;-2.6680679321289062;
14284500;-2.4488143920898437;
14293500;-2.4994659423828125;
14302500;-2.519134521484375;
14311500;-2.4734649658203125;
14320500;-2.4381027221679687;
14329500;-2.4615325927734375;
14338500;-2.49957275390625;
14347500;-2.4692764282226562;
14356500;-2.4374847412109375;
14365500;-2.4057159423828125;
14374500;-2.4988250732421875;
14383500;-2.4945297241210937;
14392500;-2.5529937744140625;
14401500;-2.5312042236328125;
14410500;-2.2739410400390625;
14419500;-2.4116363525390625;
14428500;-2.3779220581054687;
14437500;-2.436370849609375;
14446500;-2.4543609619140625;
14455500;-2.4120635986328125;
14464500;-2.4073562622070312;
14473500;-2.7668914794921875;
14482500;-2.43695068359375;
14491500;-2.4944686889648438;
14500500;-2.4145584106445312;
14509500;-2.295867919921875;
14518500;-2.5685806274414062;
14527500;-2.6450653076171875;
14536500;-2.2880706787109375;
14545500;-2.19439697265625;
14554500;-2.3418655395507813;
14563500;-2.334014892578125;
14572500;-2.38641357421875;
14581500;-2.1501235961914062;
14590500;-2.2938079833984375;
14599500;-2.4389266967773438;
14608500;-2.0730972290039062;
14617500;-2.3219070434570312;
14626500;-2.2299118041992187;
14635500;-2.253692626953125;
14644500;-2.368927001953125;
14653500;-2.32183837890625;
14662500;-2.29522705078125;
14671500;-2.2484817504882813;
14680500;-2.2650604248046875;
14689500;-2.2141876220703125;
14698500;-2.4249725341796875;
14707500;-2.3383331298828125;
14716500;-2.3313217163085937;
14725500;-2.3292160034179687;
14734500;-2.131072998046875;
14743500;-2.2853622436523437;
14752500;-2.3001861572265625;
14761500;-2.26470947265625;
14770500;-2.2991790771484375;
14779500;-2.1868057250976562;
14788500;-2.0913848876953125;
14797500;-2.1565933227539062;
14806500;-2.1266708374023437;
14815500;-2.14947509765625;
14824500;-2.1953048706054687;
14833500;-2.401519775390625;
14842500;-2.2403945922851562;
14851500;-2.1201858520507812;
14860500;-2.2796173095703125;
14869500;-2.35479736328125;
14878500;-2.257171630859375;
14887500;-2.2316741943359375;
14896500;-2.0344772338867187;
14905500;-2.2952804565429687;
14914500;-2.3146591186523437;
14923500;-2.3112106323242187;
14932500;-1.9659652709960937;
14941500;-2.046875;
14950500;-1.9845046997070313;
14959500;-2.2250595092773437;
14968500;-2.3629302978515625;
14977500;-2.31787109375;
14986500;-2.2795944213867187;
14995500;-2.1371002197265625;
15004500;-1.8018035888671875;
15013500;-1.933441162109375;
15022500;-2.12762451171875;
15031500;-2.042205810546875;
15040500;-2.1553497314453125;
15049500;-2.2433090209960938;
15058500;-2.0132980346679687;
15067500;-2.2330703735351562;
15076500;-2.2448196411132813;
15085500;-2.1081161499023438;
15094500;-2.2223281860351562;
15103500;-2.15716552734375;
15112500;-2.06585693359375;
15121500;-2.1397476196289062;
15130500;-1.9773483276367188;
15139500;-2.0090103149414062;
15148500;-2.1224212646484375;
15157500;-2.3101654052734375;
15166500;-1.9673919677734375;
15175500;-1.9615631103515625;
15184500;-1.9650192260742187;
15193500;-2.0685806274414062;
15202500;-1.860809326171875;
15211500;-1.7318496704101562;
15220500;-1.9274139404296875;
15229500;-2.0483474731445312;
15238500;-1.9896392822265625;
15247500;-1.9993438720703125;
15256500;-2.1583404541015625;
15265500;-2.1165084838867187;
15274500;-1.8939590454101563;
15283500;-1.9679412841796875;
15292500;-2.108062744140625;
15301500;-2.0723648071289062;
15310500;-2.1529388427734375;
15319500;-1.9447021484375;
15328500;-1.826568603515625;
15337500;-1.8114776611328125;
15346500;-1.8704147338867187;
15355500;-1.8393402099609375;
15364500;-1.7619781494140625;
15373500;-2.0853500366210937;
15382500;-1.9691390991210937;
15391500;-2.023651123046875;
15400500;-2.0212631225585937;
15409500;-1.8523101806640625;
15418500;-2.0454330444335937;
15427500;-1.973175048828125;
15436500;-2.1797637939453125;
15445500;-1.7281723022460938;
15454500;-1.75482177734375;
15463500;-2.0574111938476562;
15472500;-1.876739501953125;
15481500;-1.987335205078125;
15490500;-1.9908065795898437;
15499500;-1.90875244140625;
15508500;-1.8521728515625;
15517500;-1.9369354248046875;
15526500;-2.091339111328125;
15535500;-1.7347869873046875;
15544500;-1.8835906982421875;
15553500;-1.888031005859375;
15562500;-1.7383041381835937;
15571500;-1.969940185546875;
15580500;-1.8490753173828125;
15589500;-1.8557891845703125;
15598500;-1.9084243774414062;
15607500;-1.789825439453125;
15616500;-2.1013870239257813;
15625500;-1.7924041748046875;
15634500;-1.8686752319335937;
15643500;-1.795440673828125;
15652500;-1.71942138671875;
15661500;-1.8732376098632813;
15670500;-1.8870010375976563;
15679500;-2.0130233764648437;
15688500;-1.9983749389648437;
15697500;-1.9435272216796875;
15706500;-1.9336700439453125;
15715500;-1.6874160766601563;
15724500;-1.8966522216796875;
15733500;-2.0146942138671875;
15742500;-1.5945205688476562;
15751500;-1.9334259033203125;
15760500;-2.0716400146484375;
15769500;-1.8312530517578125;
15778500;-1.7812728881835938;
15787500;-1.8909683227539063;
15796500;-1.8361587524414063;
15805500;-1.6600570678710937;
15814500;-1.7618408203125;
15823500;-1.7729339599609375;
15832500;-1.7119369506835937;
15841500;-1.9730987548828125;
15850500;-1.763580322265625;
15859500;-1.7212066650390625;
15868500;-1.6230545043945312;
15877500;-1.867034912109375;
15886500;-1.6876296997070312;
15895500;-1.613677978515625;
15904500;-1.8524169921875;
15913500;-1.6737518310546875;
15922500;-1.8333206176757812;
15931500;-1.81103515625;
15940500;-1.896881103515625;
15949500;-1.81219482421875;
15958500;-1.6115264892578125;
15967500;-1.5400772094726562;
15976500;-1.5303573608398437;
15985500;-1.7945556640625;
15994500;-1.78997802734375;
16003500;-1.5308380126953125;
16012500;-1.4455337524414063;
16021500;-1.69244384765625;
16030500;-1.75225830078125;
16039500;-1.8070449829101563;
16048500;-1.77850341796875;
16057500;-1.62921142578125;
16066500;-1.5173797607421875;
16075500;-1.7591094970703125;
16084500;-1.7104873657226562;
16093500;-1.6737213134765625;
16102500;-1.6496124267578125;
16111500;-1.7306747436523437;
16120500;-1.7435836791992188;
16129500;-1.60211181640625;
16138500;-1.8784713745117188;
16147500;-1.7757339477539063;
16156500;-1.5769500732421875;
16165500;-1.6743011474609375;
16174500;-1.760009765625;
16183500;-2.1679153442382813;
16192500;-1.8791427612304687;
16201500;-1.8316802978515625;
16210500;-1.72967529296875;
16219500;-1.5598831176757812;
16228500;-1.8029937744140625;
16237500;-1.82611083984375;
16246500;-1.7481460571289063;
16255500;-1.8692855834960937;
16264500;-1.7024765014648437;
16273500;-1.6216583251953125;
16282500;-1.73956298828125;
16291500;-1.6330642700195313;
16300500;-1.6127090454101562;
16309500;-1.77203369140625;
16318500;-1.8324432373046875;
16327500;-1.7246627807617188;
16336500;-1.7754592895507813;
16345500;-1.77215576171875;
16354500;-1.7273941040039063;
16363500;-1.7717666625976563;
16372500;-1.9484634399414063;
16381500;-1.7113494873046875;
16390500;-1.6411819458007813;
16399500;-1.7896270751953125;
16408500;-1.5475616455078125;
16417500;-1.5090103149414063;
16426500;-1.5313034057617187;
16435500;-1.67535400390625;
16444500;-1.61517333984375;
16453500;-1.7806015014648437;
16462500;-1.9069366455078125;
16471500;-1.7450790405273437;
16480500;-1.6933135986328125;
16489500;-1.7337799072265625;
16498500;-1.8350601196289063;
16507500;-1.8624267578125;
16516500;-1.8351287841796875;
16525500;-1.6836471557617187;
16534500;-1.5997467041015625;
16543500;-1.7578964233398437;
16552500;-1.9051589965820313;
16561500;-1.663055419921875;
16570500;-1.8106765747070313;
16579500;-1.821624755859375;
16588500;-1.86865234375;
16597500;-1.7172088623046875;
16606500;-1.5587310791015625;
16615500;-1.7537460327148437;
16624500;-1.83990478515625;
16633500;-1.8117599487304687;
16642500;-1.74053955078125;
16651500;-1.8146438598632813;
16660500;-1.7942581176757812;
16669500;-1.8682937622070312;
16678500;-1.8848724365234375;
16687500;-1.881256103515625;
16696500;-1.8936996459960937;
16705500;-1.8383026123046875;
16714500;-1.6458206176757812;
16723500;-1.8509063720703125;
16732500;-1.7476654052734375;
16741500;-1.6697311401367188;
16750500;-1.76116943359375;
16759500;-1.7654953002929687;
16768500;-1.6846542358398437;
16777500;-1.5442733764648437;
16786500;-1.6636123657226563;
16795500;-1.7482986450195313;
16804500;-1.8656463623046875;
16813500;-1.8943252563476563;
16822500;-1.663238525390625;
16831500;-1.6976776123046875;
16840500;-1.8404464721679687;
16849500;-1.6440811157226563;
16858500;-1.6816482543945312;
16867500;-1.89154052734375;
16876500;-1.5988006591796875;
16885500;-1.6666107177734375;
16894500;-1.7921295166015625;
16903500;-1.9362564086914063;
16912500;-1.9422225952148437;
16921500;-1.7779693603515625;
16930500;-1.7960586547851563;
16939500;-1.823974609375;
16948500;-1.752166748046875;
16957500;-1.6461029052734375;
16966500;-1.73565673828125;
16975500;-1.9071731567382812;
16984500;-1.9319915771484375;
16993500;-1.8511886596679687;
17002500;-1.5313720703125;
17011500;-1.7792205810546875;
17020500;-1.8660507202148437;
17029500;-1.792144775390625;
17038500;-1.8279647827148438;
17047500;-1.8228607177734375;
17056500;-1.6753616333007813;
17065500;-1.9311981201171875;
17074500;-1.9692153930664063;
17083500;-2.1251449584960937;
17092500;-2.010650634765625;
17101500;-1.8687362670898437;
17110500;-2.002655029296875;
17119500;-1.945465087890625;
17128500;-1.9183349609375;
17137500;-1.8009185791015625;
17146500;-1.8938140869140625;
17155500;-1.7625350952148437;
17164500;-1.8713836669921875;
17173500;-1.9270172119140625;
17182500;-1.974761962890625;
17191500;-1.9552536010742187;
17200500;-2.0039520263671875;
17209500;-2.0484466552734375;
17218500;-1.9145660400390625;
17227500;-1.954620361328125;
17236500;-1.94390869140625;
17245500;-2.0117340087890625;
17254500;-1.9434051513671875;
17263500;-1.8472137451171875;
17272500;-1.9315567016601563;
17281500;-1.995025634765625;
17290500;-1.906158447265625;
17299500;-2.0475616455078125;
17308500;-2.0348052978515625;
17317500;-2.0120697021484375;
17326500;-2.1717758178710937;
17335500;-2.0655059814453125;
17344500;-2.074005126953125;
17353500;-2.0112533569335937;
17362500;-2.18756103515625;
17371500;-2.1173934936523437;
17380500;-2.2600860595703125;
17389500;-2.3197021484375;
17398500;-2.136749267578125;
17407500;-2.0557174682617187;
17416500;-1.9894638061523437;
17425500;-2.1966781616210937;
17434500;-2.0741424560546875;
17443500;-2.0845489501953125;
17452500;-2.080596923828125;
17461500;-2.114013671875;
17470500;-2.1622161865234375;
17479500;-2.1791915893554687;
17488500;-2.1105422973632813;
17497500;-2.0470657348632813;
17506500;-1.9981460571289062;
17515500;-2.062774658203125;
17524500;-2.1395645141601562;
17533500;-1.9466476440429687;
17542500;-2.1332244873046875;
17551500;-2.0896453857421875;
17560500;-2.0647735595703125;
17569500;-2.2145767211914062;
17578500;-2.1162261962890625;
17587500;-2.2089157104492187;
17596500;-2.1234207153320312;
17605500;-2.1402359008789062;
17614500;-2.3818588256835938;
17623500;-2.190338134765625;
17632500;-2.1477203369140625;
17641500;-2.2400665283203125;
17650500;-2.2689437866210938;
17659500;-1.9801177978515625;
17668500;-2.0166244506835937;
17677500;-2.2509918212890625;
17686500;-2.24957275390625;
17695500;-2.221832275390625;
17704500;-2.377960205078125;
17713500;-2.3597030639648437;
17722500;-2.1604843139648437;
17731500;-2.2410888671875;
17740500;-2.255706787109375;
17749500;-2.296600341796875;
17758500;-2.2324600219726562;
17767500;-2.327178955078125;
17776500;-2.317840576171875;
17785500;-2.2859268188476562;
17794500;-2.2989044189453125;
17803500;-2.1817245483398437;
17812500;-2.2459945678710937;
17821500;-2.2570877075195312;
17830500;-2.2062225341796875;
17839500;-2.234100341796875;
17848500;-2.3976821899414062;
17857500;-2.2249221801757813;
17866500;-2.1259689331054687;
17875500;-2.1330337524414062;
17884500;-2.29034423828125;
17893500;-2.1874465942382813;
17902500;-2.3205947875976562;
17911500;-2.334442138671875;
17920500;-2.4566421508789062;
17929500;-2.4639129638671875;
17938500;-2.0202789306640625;
17947500;-2.3680419921875;
17956500;-2.5422286987304687;
17965500;-2.2070465087890625;
17974500;-2.3582916259765625;
17983500;-2.3084030151367187;
17992500;-2.335174560546875;
18001500;-2.3524932861328125;
18010500;-2.393585205078125;
18019500;-2.319427490234375;
18028500;-2.1520538330078125;
18037500;-2.2729110717773438;
18046500;-2.4454193115234375;
18055500;-2.3676605224609375;
18064500;-2.3155670166015625;
18073500;-2.5703964233398437;
18082500;-2.6538848876953125;
18091500;-2.2940292358398437;
18100500;-2.339385986328125;
18109500;-2.393585205078125;
18118500;-2.2104644775390625;
18127500;-2.4919052124023437;
18136500;-2.44488525390625;
18145500;-2.5127334594726562;
18154500;-2.3705291748046875;
18163500;-2.2589263916015625;
18172500;-2.4415664672851562;
18181500;-2.4744796752929687;
18190500;-2.5401763916015625;
18199500;-2.3286819458007813;
18208500;-2.345428466796875;
18217500;-2.5428314208984375;
18226500;-2.5292510986328125;
18235500;-2.5243377685546875;
18244500;-2.6586074829101562;
18253500;-2.5379486083984375;
18262500;-2.4763259887695312;
18271500;-2.373046875;
18280500;-2.5099334716796875;
18289500;-2.3498077392578125;
18298500;-2.0961074829101562;
18307500;-2.5279998779296875;
18316500;-2.4739227294921875;
18325500;-2.406402587890625;
18334500;-2.3991851806640625;
18343500;-2.38427734375;
18352500;-2.540985107421875;
18361500;-2.47021484375;
18370500;-2.4405059814453125;
18379500;-2.59332275390625;
18388500;-2.6848220825195313;
18397500;-2.5403289794921875;
18406500;-2.599365234375;
18415500;-2.5671768188476563;
18424500;-2.7012557983398437;
18433500;-2.6113052368164062;
18442500;-2.6658477783203125;
18451500;-2.5813674926757813;
18460500;-2.410736083984375;
18469500;0.7445068359375;
18478500;-1.6263504028320313;
18487500;-2.4178619384765625;
18496500;-2.440399169921875;
18505500;-2.761688232421875;
18514500;-2.638031005859375;
18523500;-2.6701431274414062;
18532500;-2.7021636962890625;
18541500;-2.4646835327148437;
18550500;-2.7264480590820313;
18559500;-2.7048873901367187;
18568500;-2.6309661865234375;
18577500;-2.5713653564453125;
18586500;-2.6754302978515625;
18595500;-2.5639801025390625;
18604500;-2.52215576171875;
18613500;-2.6553497314453125;
18622500;-2.4673690795898437;
18631500;-2.5229949951171875;
18640500;-2.347900390625;
18649500;-2.5310897827148438;
18658500;-2.6311416625976562;
18667500;-2.5104522705078125;
18676500;-2.5808029174804687;
18685500;-2.7619400024414062;
18694500;-2.6921920776367187;
18703500;-2.5873794555664062;
18712500;-2.522247314453125;
18721500;-2.4494552612304687;
18730500;-2.7035980224609375;
18739500;-2.540283203125;
18748500;-2.616302490234375;
18757500;-2.6432113647460937;
18766500;-2.729644775390625;
18775500;-2.8792953491210938;
18784500;-2.8562850952148437;
18793500;-2.7054824829101562;
18802500;-2.673126220703125;
18811500;-2.7210693359375;
18820500;-2.7342071533203125;
18829500;-2.7080535888671875;
18838500;-2.720611572265625;
18847500;-2.8849945068359375;
18856500;-2.673614501953125;
18865500;-2.763671875;
18874500;-2.9264450073242187;
18883500;-2.7814178466796875;
18892500;-2.7205963134765625;
18901500;-2.7942428588867187;
18910500;-2.4654006958007813;
18919500;-2.9120407104492187;
18928500;-2.8828277587890625;
18937500;-2.6984024047851563;
18946500;-2.8247909545898437;
18955500;-2.5919647216796875;
18964500;-2.82574462890625;
18973500;-2.8366775512695312;
18982500;-2.70989990234375;
18991500;-2.891326904296875;
19000500;-2.6568756103515625;
19009500;-2.6907882690429687;
19018500;-2.9191741943359375;
19027500;-2.825592041015625;
19036500;-2.8337478637695313;
19045500;-2.7059478759765625;
19054500;-2.6141204833984375;
19063500;-2.9808349609375;
19072500;-2.84991455078125;
19081500;-2.5779876708984375;
19090500;-2.66033935546875;
19099500;-2.8501358032226562;
19108500;-3.054443359375;
19117500;-3.044281005859375;
19126500;-2.84307861328125;
19135500;-2.6299896240234375;
19144500;-2.719757080078125;
19153500;-2.7200241088867187;
19162500;-2.6742477416992187;
19171500;-2.983673095703125;
19180500;-3.1741561889648438;
19189500;-2.9081954956054687;
19198500;-2.9661788940429687;
19207500;-2.9560012817382812;
19216500;-2.973236083984375;
19225500;-2.8194046020507813;
19234500;-2.8702545166015625;
19243500;-3.0043106079101562;
19252500;-2.7966995239257812;
19261500;-2.7909011840820312;
19270500;-2.877838134765625;
19279500;-3.16522216796875;
19288500;-2.886566162109375;
19297500;-3.00250244140625;
19306500;-2.9632492065429687;
19315500;-2.9331893920898437;
19324500;-3.0430221557617187;
19333500;-3.102874755859375;
19342500;-2.8484878540039062;
19351500;-2.7624359130859375;
19360500;-2.8310699462890625;
19369500;-2.9840621948242187;
19378500;-2.8155441284179687;
19387500;-3.0113983154296875;
19396500;-2.8802032470703125;
19405500;-2.908050537109375;
19414500;-2.95574951171875;
19423500;-3.0138397216796875;
19432500;-3.1008377075195313;
19441500;-3.16912841796875;
19450500;-2.9661178588867187;
19459500;-2.914581298828125;
19468500;-2.951202392578125;
19477500;-3.0371322631835938;
19486500;-3.0376739501953125;
19495500;-3.07147216796875;
19504500;-3.0616836547851562;
19513500;-3.0662918090820313;
19522500;-2.980377197265625;
19531500;-2.9222793579101562;
19540500;-2.890289306640625;
19549500;-2.9084396362304687;
19558500;-2.9915390014648437;
19567500;-2.9750900268554687;
19576500;-3.0781097412109375;
19585500;-3.1011199951171875;
19594500;-3.107391357421875;
19603500;-3.1162338256835937;
19612500;-3.14495849609375;
19621500;-2.8327560424804687;
19630500;-3.095947265625;
19639500;-3.139190673828125;
19648500;-2.977203369140625;
19657500;-2.8159637451171875;
19666500;-2.9529953002929687;
19675500;-3.2392425537109375;
19684500;-3.106903076171875;
19693500;-3.0129165649414062;
19702500;-3.1044464111328125;
19711500;-2.9438018798828125;
19720500;-3.0367889404296875;
19729500;-3.0453872680664063;
19738500;-2.8842544555664063;
19747500;-3.066650390625;
19756500;-3.123443603515625;
19765500;-3.1064376831054687;
19774500;-2.8073196411132813;
19783500;-3.2973556518554687;
19792500;-3.1815185546875;
19801500;-2.8627090454101562;
19810500;-3.0976409912109375;
19819500;-3.3235092163085937;
19828500;-3.2701339721679687;
19837500;-3.3909149169921875;
19846500;-3.1433486938476563;
19855500;-3.1606597900390625;
19864500;-3.0791015625;
19873500;-3.0634384155273437;
19882500;-2.9454498291015625;
19891500;-3.036285400390625;
19900500;-3.12249755859375;
19909500;-3.2335739135742187;
19918500;-3.117584228515625;
19927500;-3.1299972534179687;
19936500;-3.2951736450195313;
19945500;-2.9502105712890625;
19954500;-3.0692596435546875;
19963500;-3.238555908203125;
19972500;-3.1615753173828125;
19981500;-3.1080474853515625;
19990500;-3.169921875;
19999500;-3.2346725463867187;
20008500;-3.0091934204101562;
20017500;-3.0214614868164062;
20026500;-3.2179031372070312;
20035500;-3.119049072265625;
20044500;-3.2583389282226562;
20053500;-3.3137435913085937;
20062500;-3.3495254516601562;
20071500;-3.252349853515625;
20080500;-3.1530609130859375;
20089500;-3.4046401977539062;
20098500;-3.1774520874023438;
20107500;-3.2566680908203125;
20116500;-2.942596435546875;
20125500;-3.150421142578125;
20134500;-3.1388473510742187;
20143500;-3.2782058715820313;
20152500;-3.2621841430664062;
20161500;-3.1197586059570313;
20170500;-3.4174118041992187;
20179500;-3.2901458740234375;
20188500;-3.2321014404296875;
20197500;-3.2427749633789062;
20206500;-3.1819610595703125;
20215500;-2.9671707153320313;
20224500;-3.2898178100585938;
20233500;-3.1769485473632812;
20242500;-3.0830307006835937;
20251500;-3.228668212890625;
20260500;-3.3940048217773437;
20269500;-3.0983123779296875;
20278500;-3.1243820190429687;
20287500;-3.0347213745117187;
20296500;-3.1492462158203125;
20305500;-3.2700347900390625;
20314500;-3.0442428588867187;
20323500;-3.1842803955078125;
20332500;-3.1469879150390625;
20341500;-3.3259124755859375;
20350500;-3.4376449584960937;
20359500;-3.1249542236328125;
20368500;-3.4818496704101562;
20377500;-3.2851409912109375;
20386500;-3.4220504760742187;
20395500;-3.1638412475585937;
20404500;-3.0615234375;
20413500;-3.2853546142578125;
20422500;-3.2482070922851562;
20431500;-3.39483642578125;
20440500;-3.1142044067382813;
20449500;-3.1094512939453125;
20458500;-3.24322509765625;
20467500;-3.2555770874023438;
20476500;-3.0428314208984375;
20485500;-3.165496826171875;
20494500;-3.2018508911132813;
20503500;-3.3198776245117187;
20512500;-3.3340072631835938;
20521500;-2.9989471435546875;
20530500;-3.255615234375;
20539500;-3.3618850708007812;
20548500;-3.1004409790039062;
20557500;-3.30035400390625;
20566500;-3.080352783203125;
20575500;-3.2740478515625;
20584500;-3.37908935546875;
20593500;-3.4218063354492187;
20602500;-3.071533203125;
20611500;-3.3397064208984375;
20620500;-3.37432861328125;
20629500;-3.4362411499023438;
20638500;-3.2953643798828125;
20647500;-3.4107666015625;
20656500;-3.3860549926757812;
20665500;-3.2787704467773438;
20674500;-3.2052459716796875;
20683500;-3.0336227416992187;
20692500;-3.07012939453125;
20701500;-3.285614013671875;
20710500;-3.3462295532226562;
20719500;-3.1486892700195313;
20728500;-3.2221603393554687;
20737500;-3.0853805541992187;
20746500;-3.17510986328125;
20755500;-3.3758697509765625;
20764500;-3.2588882446289062;
20773500;-3.2208023071289062;
20782500;-3.2721328735351563;
20791500;-3.4824142456054687;
20800500;-3.160919189453125;
20809500;-3.3428268432617187;
20818500;-3.3836822509765625;
20827500;-3.4874038696289062;
20836500;-3.319488525390625;
20845500;-3.2845230102539062;
20854500;-3.0959320068359375;
20863500;-3.3386306762695313;
20872500;-3.5454788208007813;
20881500;-3.490325927734375;
20890500;-3.2486572265625;
20899500;-3.204437255859375;
20908500;-3.3406448364257813;
20917500;-3.41815185546875;
20926500;-3.2491912841796875;
20935500;-3.2999725341796875;
20944500;-3.3239974975585938;
20953500;-3.3601226806640625;
20962500;-3.3012847900390625;
20971500;-3.442047119140625;
20980500;-3.45526123046875;
20989500;-3.4384078979492187;
20998500;-3.4143142700195313;
21007500;-3.351104736328125;
21016500;-3.271392822265625;
21025500;-3.25616455078125;
21034500;-3.4676513671875;
21043500;-3.269744873046875;
21052500;-3.298492431640625;
21061500;-3.2662506103515625;
21070500;-3.3687744140625;
21079500;-3.1787338256835938;
21088500;-3.3183212280273437;
21097500;-3.3711624145507813;
21106500;-3.53961181640625;
21115500;-3.2164993286132813;
21124500;-3.1919784545898437;
21133500;-3.636627197265625;
21142500;-3.447967529296875;
21151500;-3.226531982421875;
21160500;-3.1722259521484375;
21169500;-3.1196823120117187;
21178500;-3.2742767333984375;
21187500;-3.341644287109375;
21196500;-3.46435546875;
21205500;-3.4079360961914063;
21214500;-3.4491806030273437;
21223500;-3.3875274658203125;
21232500;-3.1709365844726562;
21241500;-2.9373550415039063;
21250500;-3.4022140502929687;
21259500;-3.3379058837890625;
21268500;-3.2451934814453125;
21277500;-3.3928375244140625;
21286500;-3.3963165283203125;
21295500;-3.1649703979492187;
21304500;-3.3006515502929687;
21313500;-3.3532257080078125;
21322500;-3.4590530395507813;
21331500;-3.4980850219726562;
21340500;-3.3476333618164062;
21349500;-3.452117919921875;
21358500;-3.33306884765625;
21367500;-3.191192626953125;
21376500;-3.149322509765625;
21385500;-3.321197509765625;
21394500;-3.4434967041015625;
21403500;-3.19793701171875;
21412500;-3.3609771728515625;
21421500;-3.4269027709960937;
21430500;-3.1515960693359375;
21439500;-3.3888702392578125;
21448500;-3.2924423217773437;
21457500;-3.36920166015625;
21466500;-3.3154525756835938;
21475500;-3.3389129638671875;
21484500;-3.1494827270507812;
21493500;-3.1133270263671875;
21502500;-3.252044677734375;
21511500;-3.20758056640625;
21520500;-3.0784149169921875;
21529500;-2.99798583984375;
21538500;-3.084747314453125;
21547500;-3.1288604736328125;
21556500;-2.917327880859375;
21565500;-2.9605789184570312;
21574500;-3.0411453247070312;
21583500;-2.96875;
21592500;-3.068084716796875;
21601500;-3.1229248046875;
21610500;-3.1419906616210937;
21619500;-3.1314926147460937;
21628500;-2.9853897094726562;
21637500;-3.214630126953125;
21646500;-3.1239776611328125;
21655500;-3.3707046508789063;
21664500;-3.1896133422851562;
21673500;-3.2398605346679687;
21682500;-3.2071990966796875;
21691500;-3.2071609497070312;
21700500;-3.0186080932617187;
21709500;-3.0470428466796875;
21718500;-3.0543975830078125;
21727500;-3.0571823120117187;
21736500;-3.3494033813476562;
21745500;-3.381072998046875;
21754500;-3.1056060791015625;
21763500;-3.2025604248046875;
21772500;-3.0337371826171875;
21781500;-3.0428466796875;
21790500;-3.26947021484375;
21799500;-3.2336044311523438;
21808500;-3.05615234375;
21817500;-3.0169677734375;
21826500;-3.077117919921875;
21835500;-3.328521728515625;
21844500;-3.326446533203125;
21853500;-3.23883056640625;
21862500;-3.0425796508789062;
21871500;-3.00799560546875;
21880500;-3.2791900634765625;
21889500;-3.1824493408203125;
21898500;-2.9668045043945313;
21907500;-3.0206146240234375;
21916500;-3.0081634521484375;
21925500;-3.0713043212890625;
21934500;-3.08953857421875;
21943500;-3.1979522705078125;
21952500;-3.1696548461914062;
21961500;-3.2450714111328125;
21970500;-3.2863616943359375;
21979500;-3.2625808715820313;
21988500;-3.180145263671875;
21997500;-3.164794921875;
22006500;-2.965301513671875;
22015500;-2.9913406372070313;
22024500;-3.0221023559570313;
22033500;-3.1377334594726562;
22042500;-3.107818603515625;
22051500;-3.1501693725585937;
22060500;-3.0645294189453125;
22069500;-3.0413742065429687;
22078500;-3.2050857543945312;
22087500;-3.1600265502929687;
22096500;-3.22393798828125;
22105500;-3.2657394409179687;
22114500;-3.2123565673828125;
22123500;-3.1895828247070313;
22132500;-3.30267333984375;
22141500;-3.1601638793945312;
22150500;-3.1096954345703125;
22159500;-3.1344985961914063;
22168500;-3.0939559936523437;
22177500;-3.0141448974609375;
22186500;-3.2594146728515625;
22195500;-3.1141128540039062;
22204500;-3.2800445556640625;
22213500;-3.070098876953125;
22222500;-3.1876907348632812;
22231500;-3.06280517578125;
22240500;-3.1056594848632813;
22249500;-3.0734176635742187;
22258500;-3.0664215087890625;
22267500;-3.1956863403320313;
22276500;-3.3781967163085937;
22285500;-3.2026824951171875;
22294500;-3.0927810668945312;
22303500;-3.1996841430664062;
22312500;-3.3626251220703125;
22321500;-3.319915771484375;
22330500;-3.0016555786132813;
22339500;-2.9166259765625;
22348500;-3.4019622802734375;
22357500;-3.1853866577148438;
22366500;-3.0778884887695313;
22375500;-3.1478424072265625;
22384500;-3.1449203491210937;
22393500;-3.1465606689453125;
22402500;-3.046112060546875;
22411500;-3.1359176635742187;
22420500;-3.11419677734375;
22429500;-3.3672637939453125;
22438500;-3.1323471069335938;
22447500;-3.1464614868164062;
22456500;-3.3285446166992187;
22465500;-3.1412200927734375;
22474500;-3.1545257568359375;
22483500;-3.0530166625976563;
22492500;-3.261871337890625;
22501500;-3.2743988037109375;
22510500;-3.1169357299804687;
22519500;-3.1726760864257812;
22528500;-3.1773605346679687;
22537500;-3.0959320068359375;
22546500;-3.132232666015625;
22555500;-3.2300033569335938;
22564500;-3.1980209350585937;
22573500;-3.4159011840820312;
22582500;-3.33148193359375;
22591500;-3.1272964477539062;
22600500;-3.186859130859375;
22609500;-3.2917251586914062;
22618500;-3.2811660766601562;
22627500;-3.1061477661132812;
22636500;-2.9960098266601562;
22645500;-2.9487152099609375;
22654500;-3.1400680541992187;
22663500;-3.3088302612304687;
22672500;-3.3134765625;
22681500;-3.247344970703125;
22690500;-3.2116470336914062;
22699500;-3.1229629516601562;
22708500;-3.0947418212890625;
22717500;-3.0717849731445313;
22726500;-3.1241073608398438;
22735500;-3.156524658203125;
22744500;-3.2813949584960937;
22753500;-3.2300949096679687;
22762500;-3.1947174072265625;
22771500;-3.076690673828125;
22780500;-3.0660400390625;
22789500;-2.99493408203125;
22798500;-3.1068115234375;
22807500;-3.256011962890625;
22816500;-2.97698974609375;
22825500;-3.1626968383789062;
22834500;-3.0235824584960937;
22843500;-3.0272293090820313;
22852500;-3.1967086791992187;
22861500;-3.3294448852539062;
22870500;-3.310821533203125;
22879500;-3.3021469116210937;
22888500;-3.024871826171875;
22897500;-3.238494873046875;
22906500;-3.2392425537109375;
22915500;-3.0660324096679687;
22924500;-3.1663284301757812;
22933500;-3.186920166015625;
22942500;-3.208831787109375;
22951500;-3.2282485961914062;
22960500;-3.2164993286132813;
22969500;-3.21661376953125;
22978500;-3.0682601928710938;
22987500;-3.1108856201171875;
22996500;-3.1895751953125;
23005500;-3.2779693603515625;
23014500;-3.0270309448242187;
23023500;-3.079071044921875;
23032500;-3.1362533569335938;
23041500;-3.2147903442382812;
23050500;-3.1257247924804687;
23059500;-3.0574493408203125;
23068500;-2.999359130859375;
23077500;-3.2558441162109375;
23086500;-3.2836837768554687;
23095500;-3.0466079711914063;
23104500;-2.8955764770507812;
23113500;-2.9457931518554687;
23122500;-3.2557830810546875;
23131500;-3.1201171875;
23140500;-2.9810028076171875;
23149500;-3.1203842163085938;
23158500;-3.1513290405273437;
23167500;-3.1378555297851563;
23176500;-3.1550750732421875;
23185500;-3.2659530639648438;
23194500;-3.1196060180664062;
23203500;-2.9979782104492187;
23212500;-2.9335098266601562;
23221500;-3.24395751953125;
23230500;-3.2566909790039062;
23239500;-3.3281784057617187;
23248500;-3.1767730712890625;
23257500;-3.2660675048828125;
23266500;-3.1668472290039063;
23275500;-3.0049972534179687;
23284500;-3.1018753051757812;
23293500;-3.2579116821289062;
23302500;-3.2131500244140625;
23311500;-3.1386489868164062;
23320500;-3.04327392578125;
23329500;-3.0952682495117187;
23338500;-3.1102981567382813;
23347500;-3.2072067260742187;
23356500;-3.184051513671875;
23365500;-3.2193603515625;
23374500;-2.8567657470703125;
23383500;-2.7124252319335938;
23392500;-3.189117431640625;
23401500;-2.9964981079101562;
23410500;-3.0660858154296875;
23419500;-2.945556640625;
23428500;-2.9843063354492187;
23437500;-3.1174468994140625;
23446500;-2.8310699462890625;
23455500;-3.1665191650390625;
23464500;-3.2575607299804687;
23473500;-3.3005599975585937;
23482500;-2.947479248046875;
23491500;-3.104827880859375;
23500500;-3.0041961669921875;
23509500;-2.9981918334960937;
23518500;-3.0664901733398437;
23527500;-2.9915008544921875;
23536500;-2.8802413940429687;
23545500;-3.049560546875;
23554500;-3.1085357666015625;
23563500;-3.016448974609375;
23572500;-3.2027435302734375;
23581500;-3.16058349609375;
23590500;-3.0898590087890625;
23599500;-3.2680740356445313;
23608500;-3.164703369140625;
23617500;-2.9628829956054687;
23626500;-3.1006317138671875;
23635500;-3.0517425537109375;
23644500;-3.0690231323242187;
23653500;-3.0238113403320312;
23662500;-3.0802993774414062;
23671500;-3.0208892822265625;
23680500;-2.85015869140625;
23689500;-2.9495162963867187;
23698500;-2.81170654296875;
23707500;-3.049896240234375;
23716500;-2.9170989990234375;
23725500;-3.2276382446289062;
23734500;-3.1808929443359375;
23743500;-3.186614990234375;
23752500;-2.6989212036132813;
23761500;-2.7561111450195312;
23770500;-2.9744644165039062;
23779500;-3.0347061157226563;
23788500;-3.1326446533203125;
23797500;-2.91998291015625;
23806500;-2.788970947265625;
23815500;-2.749664306640625;
23824500;-2.8680496215820313;
23833500;-2.95428466796875;
23842500;-2.8974533081054687;
23851500;-2.93389892578125;
23860500;-2.771087646484375;
23869500;-2.9197616577148437;
23878500;-3.1402435302734375;
23887500;-2.7829360961914063;
23896500;-2.9375152587890625;
23905500;-3.0187301635742187;
23914500;-3.0769424438476562;
23923500;-2.9924163818359375;
23932500;-2.9571380615234375;
23941500;-2.99365234375;
23950500;-2.956329345703125;
23959500;-2.9490737915039062;
23968500;-2.9461212158203125;
23977500;-2.678192138671875;
23986500;-2.69781494140625;
23995500;-1.6878814697265625;
24004500;3.771575927734375;
24013500;-2.2958831787109375;
24022500;-2.745025634765625;
24031500;-2.949798583984375;
24040500;-2.8980712890625;
24049500;-2.894866943359375;
24058500;-2.9089584350585938;
24067500;-2.8985061645507813;
24076500;-3.1353683471679687;
24085500;-2.9940338134765625;
24094500;-2.737884521484375;
24103500;-2.8825836181640625;
24112500;-2.8101730346679687;
24121500;-2.8088760375976563;
24130500;-2.8723526000976563;
24139500;-3.1016159057617187;
24148500;-2.9415969848632813;
24157500;-2.9286956787109375;
24166500;-2.9598007202148437;
24175500;-2.7035140991210938;
24184500;-2.864593505859375;
24193500;-2.7893600463867187;
24202500;-2.9979782104492187;
24211500;-3.0578384399414062;
24220500;-3.2572174072265625;
24229500;-2.632720947265625;
24238500;-2.8079376220703125;
24247500;-2.858917236328125;
24256500;-2.769500732421875;
24265500;-2.7378692626953125;
24274500;-2.9281234741210938;
24283500;-2.7298431396484375;
24292500;-2.8945236206054687;
24301500;-2.86199951171875;
24310500;-2.77606201171875;
24319500;-2.7286224365234375;
24328500;-2.784454345703125;
24337500;-2.643157958984375;
24346500;-2.93988037109375;
24355500;-2.8783950805664062;
24364500;-2.8900909423828125;
24373500;-2.8751144409179687;
24382500;-3.0324859619140625;
24391500;-2.9297332763671875;
24400500;-2.7859039306640625;
24409500;-2.9324417114257813;
24418500;-3.0279617309570313;
24427500;-2.9625244140625;
24436500;-2.9226455688476562;
24445500;-2.7415924072265625;
24454500;-2.7095718383789062;
24463500;-2.8833999633789062;
24472500;-2.7789840698242187;
24481500;-2.586517333984375;
24490500;-2.8262786865234375;
24499500;-2.9317550659179687;
24508500;-2.723052978515625;
24517500;-2.7198867797851562;
24526500;-2.7710800170898437;
24535500;-2.7841873168945312;
24544500;-2.8740310668945313;
24553500;-2.8009796142578125;
24562500;-2.8033447265625;
24571500;-2.7135162353515625;
24580500;-2.5834503173828125;
24589500;-2.8586502075195312;
24598500;-2.8905487060546875;
24607500;-2.7892913818359375;
24616500;-2.5541229248046875;
24625500;-2.6576309204101562;
24634500;-2.8133010864257813;
24643500;-2.8790206909179687;
24652500;-2.71746826171875;
24661500;-2.7549057006835937;
24670500;-2.5548782348632813;
24679500;-2.5101776123046875;
24688500;-2.500152587890625;
24697500;-2.8162918090820312;
24706500;-2.8128433227539063;
24715500;-2.6895904541015625;
24724500;-2.641082763671875;
24733500;-2.61322021484375;
24742500;-2.7143630981445312;
24751500;-2.7718658447265625;
24760500;-2.7687454223632813;
24769500;-2.748779296875;
24778500;-2.6797409057617187;
24787500;-2.564300537109375;
24796500;-2.5544891357421875;
24805500;-2.5207672119140625;
24814500;-2.4843826293945313;
24823500;-2.4634170532226562;
24832500;-2.6612548828125;
24841500;-2.7909164428710937;
24850500;-2.6880874633789062;
24859500;-2.6614761352539063;
24868500;-2.7508697509765625;
24877500;-2.569610595703125;
24886500;-2.4016952514648438;
24895500;-2.57666015625;
24904500;-2.5035400390625;
24913500;-2.6782379150390625;
24922500;-2.5387954711914063;
24931500;-2.4897613525390625;
24940500;-2.5435943603515625;
24949500;-2.7593765258789062;
24958500;-2.7383880615234375;
24967500;-2.4971160888671875;
24976500;-2.5056991577148437;
24985500;-2.5783462524414062;
24994500;-2.5275726318359375;
25003500;-2.5957183837890625;
25012500;-2.4491653442382812;
25021500;-2.6972274780273437;
25030500;-2.77801513671875;
25039500;-2.6773910522460937;
25048500;-2.6342697143554687;
25057500;-2.5316925048828125;
25066500;-2.6242752075195312;
25075500;-2.637786865234375;
25084500;-2.54705810546875;
25093500;-2.4045486450195313;
25102500;-2.4811477661132813;
25111500;-2.641357421875;
25120500;-2.829193115234375;
25129500;-2.795684814453125;
25138500;-2.6448516845703125;
25147500;-2.54339599609375;
25156500;-2.298431396484375;
25165500;-2.5020904541015625;
25174500;-2.5709609985351562;
25183500;-2.5298690795898438;
25192500;-2.5397186279296875;
25201500;-2.556427001953125;
25210500;-2.494903564453125;
25219500;-2.5065994262695313;
25228500;-2.5438079833984375;
25237500;-2.3613967895507813;
25246500;-2.3202438354492187;
25255500;-2.3665237426757813;
25264500;-2.7060165405273438;
25273500;-2.628631591796875;
25282500;-2.76800537109375;
25291500;-2.2963943481445313;
25300500;-2.5578994750976562;
25309500;-2.2851715087890625;
25318500;-2.4677886962890625;
25327500;-2.4740142822265625;
25336500;-2.3887481689453125;
25345500;-2.3910446166992187;
25354500;-2.43359375;
25363500;-2.40625;
25372500;-2.3889617919921875;
25381500;-2.5660934448242187;
25390500;-2.5056228637695312;
25399500;-2.5846023559570312;
25408500;-2.506378173828125;
25417500;-2.301055908203125;
25426500;-2.4289932250976562;
25435500;-2.4890518188476562;
25444500;-2.354278564453125;
25453500;-2.1583404541015625;
25462500;-2.1719436645507812;
25471500;-2.4569473266601562;
25480500;-2.3967132568359375;
25489500;-2.0915374755859375;
25498500;-2.1827316284179687;
25507500;-2.2677459716796875;
25516500;-2.2728042602539062;
25525500;-2.2728805541992187;
25534500;-2.3358383178710937;
25543500;-2.3524017333984375;
25552500;-2.53546142578125;
25561500;-2.2929534912109375;
25570500;-2.2987289428710937;
25579500;-2.358917236328125;
25588500;-2.44866943359375;
25597500;-2.2564544677734375;
25606500;-2.2669296264648437;
25615500;-2.2628936767578125;
25624500;-2.3464584350585938;
25633500;-2.3829193115234375;
25642500;-2.2890167236328125;
25651500;-2.194091796875;
25660500;-2.2670135498046875;
25669500;-2.3514480590820313;
25678500;-2.2586135864257812;
25687500;-2.4608230590820313;
25696500;-2.3539505004882812;
25705500;-2.4060592651367187;
25714500;-2.3935699462890625;
25723500;-2.2207870483398437;
25732500;-2.2734909057617187;
25741500;-2.1574020385742187;
25750500;-2.2697219848632812;
25759500;-2.3752899169921875;
25768500;-2.2383880615234375;
25777500;-2.1090316772460938;
25786500;-2.1784210205078125;
25795500;-2.118438720703125;
25804500;-2.1363296508789062;
25813500;-2.405242919921875;
25822500;-2.1706466674804687;
25831500;-1.9876174926757812;
25840500;-2.0822296142578125;
25849500;-2.2824935913085937;
25858500;-2.1362075805664062;
25867500;-2.0520782470703125;
25876500;-2.2027740478515625;
25885500;-2.1103973388671875;
25894500;-2.0544281005859375;
25903500;-2.125335693359375;
25912500;-2.0864791870117187;
25921500;-1.9520263671875;
25930500;-1.9930877685546875;
25939500;-2.1571197509765625;
25948500;-1.9550933837890625;
25957500;-1.995086669921875;
25966500;-1.9960708618164063;
25975500;-1.7921524047851562;
25984500;-1.9001922607421875;
25993500;-2.2637481689453125;
26002500;-2.2284393310546875;
26011500;-2.1746673583984375;
26020500;-2.076812744140625;
26029500;-2.2417755126953125;
26038500;-2.3082427978515625;
26047500;-2.1595230102539062;
26056500;-1.9272308349609375;
26065500;-2.0425872802734375;
26074500;-1.9794235229492187;
26083500;-2.244354248046875;
26092500;-2.1162338256835937;
26101500;-2.009124755859375;
26110500;-2.0217819213867187;
26119500;-1.9381866455078125;
26128500;-2.04046630859375;
26137500;-1.8974838256835937;
26146500;-2.0819931030273437;
26155500;-2.0978317260742187;
26164500;-2.0099945068359375;
26173500;-2.0543975830078125;
26182500;-1.9890060424804687;
26191500;-2.1251373291015625;
26200500;-2.2613449096679687;
26209500;-2.278228759765625;
26218500;-2.0671768188476562;
26227500;-2.0771408081054687;
26236500;-2.0280303955078125;
26245500;-1.998199462890625;
26254500;-2.1672744750976562;
26263500;-2.2223968505859375;
26272500;-2.342803955078125;
26281500;-2.2094802856445312;
26290500;-1.9858474731445313;
26299500;-2.00482177734375;
26308500;-1.9463729858398438;
26317500;-2.1677703857421875;
26326500;-1.9663467407226563;
26335500;-1.9014739990234375;
26344500;-1.931427001953125;
26353500;-1.9774246215820313;
26362500;-2.2246017456054687;
26371500;-1.9181747436523437;
26380500;-1.6864166259765625;
26389500;-2.0815582275390625;
26398500;-1.9795455932617187;
26407500;-1.938873291015625;
26416500;-1.7977218627929687;
26425500;-2.2041778564453125;
26434500;-2.0336685180664062;
26443500;-2.1497650146484375;
26452500;-2.0775070190429687;
26461500;-1.973052978515625;
26470500;-1.8830413818359375;
26479500;-2.2704925537109375;
26488500;-1.9305419921875;
26497500;-1.9770889282226562;
26506500;-1.9653701782226563;
26515500;-1.9381790161132812;
26524500;-1.72979736328125;
26533500;-1.885589599609375;
26542500;-2.1147232055664062;
26551500;-2.0803146362304687;
26560500;-1.978302001953125;
26569500;-1.98681640625;
26578500;-1.953033447265625;
26587500;-1.9355850219726562;
26596500;-1.888885498046875;
26605500;-1.8580856323242187;
26614500;-1.8419570922851563;
26623500;-1.87762451171875;
26632500;-1.9471282958984375;
26641500;-2.0504302978515625;
26650500;-1.9845733642578125;
26659500;-2.1877593994140625;
26668500;-2.07177734375;
26677500;-1.823638916015625;
26686500;-2.0658187866210937;
26695500;-1.9835281372070313;
26704500;-1.82586669921875;
26713500;-1.9017868041992187;
26722500;-1.8033676147460937;
26731500;-2.0160293579101562;
26740500;-1.7894210815429687;
26749500;-1.9550857543945312;
26758500;-1.8482208251953125;
26767500;-1.9448471069335938;
26776500;-1.95361328125;
26785500;-2.009857177734375;
26794500;-2.125;
26803500;-1.93621826171875;
26812500;-2.0587539672851562;
26821500;-1.947509765625;
26830500;-2.1742477416992187;
26839500;-1.9751129150390625;
26848500;-1.8500747680664063;
26857500;-1.9748764038085937;
26866500;-2.0408477783203125;
26875500;-1.9340896606445313;
26884500;-1.9055328369140625;
26893500;-2.1591262817382812;
26902500;-1.9601974487304687;
26911500;-1.876617431640625;
26920500;-2.00830078125;
26929500;-2.0294265747070312;
26938500;-2.1307830810546875;
26947500;-2.024932861328125;
26956500;-2.1742706298828125;
26965500;-1.9080123901367187;
26974500;-1.9034042358398437;
26983500;-1.9547195434570313;
26992500;-1.7571258544921875;
27001500;-1.7579574584960937;
27010500;-1.851776123046875;
27019500;-1.8272857666015625;
27028500;-1.9098129272460937;
27037500;-1.8287200927734375;
27046500;-1.8974151611328125;
27055500;-1.8635406494140625;
27064500;-2.1828994750976562;
27073500;-2.2019119262695313;
27082500;-1.7877655029296875;
27091500;-1.8378982543945312;
27100500;-2.1621932983398437;
27109500;-2.0167007446289062;
27118500;-1.7971343994140625;
27127500;-2.1169357299804687;
27136500;-2.2069854736328125;
27145500;-2.0584487915039062;
27154500;-2.2035675048828125;
27163500;-2.1868057250976562;
27172500;-1.9900054931640625;
27181500;-2.0952606201171875;
27190500;-1.880035400390625;
27199500;-2.1518402099609375;
27208500;-2.1153030395507812;
27217500;-2.0592803955078125;
27226500;-2.2314529418945312;
27235500;-2.1623001098632812;
27244500;-2.1447982788085937;
27253500;-2.1170425415039062;
27262500;-2.0912246704101562;
27271500;-2.25537109375;
27280500;-2.262451171875;
27289500;-2.1721038818359375;
27298500;-2.185638427734375;
27307500;-2.1721954345703125;
27316500;-2.0673980712890625;
27325500;-2.1195449829101562;
27334500;-2.280731201171875;
27343500;-2.1392822265625;
27352500;-2.0173873901367187;
27361500;-2.1534957885742187;
27370500;-2.0460052490234375;
27379500;-2.2083587646484375;
27388500;-2.1332855224609375;
27397500;-2.2119216918945312;
27406500;-2.4159469604492187;
27415500;-2.485687255859375;
27424500;-2.3408432006835937;
27433500;-2.132843017578125;
27442500;-1.9521484375;
27451500;-2.09259033203125;
27460500;-2.129852294921875;
27469500;-2.12957763671875;
27478500;-2.0155868530273437;
27487500;-2.1311416625976562;
27496500;-2.1109237670898437;
27505500;-2.214813232421875;
27514500;-2.2392501831054687;
27523500;-2.1588058471679687;
27532500;-2.1294631958007813;
27541500;-2.3061599731445313;
27550500;-2.2417755126953125;
27559500;-2.3870391845703125;
27568500;-2.217132568359375;
27577500;-2.1813278198242187;
27586500;-2.0826950073242187;
27595500;-2.1734161376953125;
27604500;-2.3405609130859375;
27613500;-2.1952743530273437;
27622500;-2.1598281860351562;
27631500;-2.1736373901367187;
27640500;-2.164459228515625;
27649500;-2.2643661499023438;
27658500;-2.3913421630859375;
27667500;-2.2897262573242187;
27676500;-2.2577590942382813;
27685500;-2.3758926391601562;
27694500;-2.16729736328125;
27703500;-2.3050613403320313;
27712500;-2.103118896484375;
27721500;-2.3719329833984375;
27730500;-2.3731689453125;
27739500;-2.1865997314453125;
27748500;-2.2207794189453125;
27757500;-2.1792984008789062;
27766500;-2.1635665893554687;
27775500;-2.1985702514648437;
27784500;-2.349853515625;
27793500;-2.2441482543945313;
27802500;-2.2938308715820312;
27811500;-2.2636184692382812;
27820500;-2.2057266235351562;
27829500;-2.3479156494140625;
27838500;-2.3713150024414062;
27847500;-2.2566604614257813;
27856500;-2.1617279052734375;
27865500;-2.3132553100585937;
27874500;-2.1363296508789062;
27883500;-2.0874099731445312;
27892500;-2.1116561889648437;
27901500;-2.4409332275390625;
27910500;-2.3581695556640625;
27919500;-2.2520675659179687;
27928500;-2.24249267578125;
27937500;-2.4029769897460937;
27946500;-2.2764129638671875;
27955500;-2.2680587768554687;
27964500;-2.2931671142578125;
27973500;-2.1289596557617187;
27982500;-2.5637588500976562;
27991500;-2.4359817504882813;
28000500;-2.0162811279296875;
28009500;-2.2751388549804687;
28018500;-2.2755889892578125;
28027500;-2.3455047607421875;
28036500;-2.48858642578125;
28045500;-2.4607391357421875;
28054500;-2.5347061157226562;
28063500;-2.40032958984375;
28072500;-2.2314071655273438;
28081500;-2.2067718505859375;
28090500;-2.060211181640625;
28099500;-2.3395538330078125;
28108500;-2.401519775390625;
28117500;-2.4380569458007812;
28126500;-2.3225173950195312;
28135500;-2.1828384399414062;
28144500;-2.3228378295898437;
28153500;-2.3155899047851562;
28162500;-2.406951904296875;
28171500;-2.62091064453125;
28180500;-2.7074203491210937;
28189500;-2.4382247924804687;
28198500;-2.2232208251953125;
28207500;-2.423614501953125;
28216500;-2.3934173583984375;
28225500;-2.3088607788085937;
28234500;-2.4196395874023437;
28243500;-2.7343521118164062;
28252500;-2.625579833984375;
28261500;-2.321319580078125;
28270500;-2.2613677978515625;
28279500;-2.4050445556640625;
28288500;-2.4895477294921875;
28297500;-2.4865264892578125;
28306500;-2.2427825927734375;
28315500;-2.4349212646484375;
28324500;-2.6193466186523438;
28333500;-2.5223236083984375;
28342500;-2.7602005004882813;
28351500;-2.579803466796875;
28360500;-2.5995101928710938;
28369500;-2.4101715087890625;
28378500;-2.40545654296875;
28387500;-2.5245132446289062;
28396500;-2.5568084716796875;
28405500;-2.35101318359375;
28414500;-2.2949295043945312;
28423500;-2.4069595336914062;
28432500;-2.3741378784179687;
28441500;-2.5797576904296875;
28450500;-2.5999603271484375;
28459500;-2.5715408325195312;
28468500;-2.5492401123046875;
28477500;-2.4857177734375;
28486500;-2.3974838256835937;
28495500;-2.4307708740234375;
28504500;-2.2529754638671875;
28513500;-2.5431289672851562;
28522500;-2.5266799926757812;
28531500;-2.8263092041015625;
28540500;-2.5343399047851562;
28549500;-2.6188430786132812;
28558500;-2.4654312133789062;
28567500;-2.7340011596679687;
28576500;-2.8177108764648438;
28585500;-2.5453720092773437;
28594500;-2.485260009765625;
28603500;-2.7499465942382813;
28612500;-2.6045303344726562;
28621500;-2.5243759155273438;
28630500;-2.4329605102539062;
28639500;-2.6149444580078125;
28648500;-2.6651763916015625;
28657500;-2.5911331176757813;
28666500;-2.5386199951171875;
28675500;-2.6987457275390625;
28684500;-2.4444961547851562;
28693500;-2.5723495483398438;
28702500;-2.4805526733398437;
28711500;-2.5441207885742187;
28720500;-2.7851715087890625;
28729500;-2.863189697265625;
28738500;-2.603118896484375;
28747500;-2.6233901977539062;
28756500;-2.792877197265625;
28765500;-2.7088165283203125;
28774500;-2.4510116577148437;
28783500;-2.5821380615234375;
28792500;-2.6285552978515625;
28801500;-2.699676513671875;
28810500;-2.6050796508789062;
28819500;-2.6918792724609375;
28828500;-2.4933319091796875;
28837500;-2.548614501953125;
28846500;-2.4525985717773437;
28855500;-2.5965499877929687;
28864500;-2.7409820556640625;
28873500;-2.8083114624023437;
28882500;-2.7809906005859375;
28891500;-2.5295562744140625;
28900500;-2.6398086547851563;
28909500;-2.7994384765625;
28918500;-2.7068252563476562;
28927500;-2.6393814086914062;
28936500;-2.580718994140625;
28945500;-2.6506271362304687;
28954500;-2.6972579956054687;
28963500;-2.791961669921875;
28972500;-2.9384689331054687;
28981500;-2.6980743408203125;
28990500;-2.7648391723632813;
28999500;-2.7289276123046875;
29008500;-2.9110107421875;
29017500;-2.9582595825195313;
29026500;-2.8079452514648438;
29035500;-2.7449874877929687;
29044500;-2.9239730834960937;
29053500;-2.5600433349609375;
29062500;-2.591094970703125;
29071500;-2.7770233154296875;
29080500;-2.6425933837890625;
29089500;-2.9172744750976562;
29098500;-2.7269744873046875;
29107500;-2.8307876586914062;
29116500;-2.5408477783203125;
29125500;-2.9764633178710937;
29134500;-2.82012939453125;
29143500;-2.7380294799804687;
29152500;-2.6116409301757813;
29161500;-2.7641830444335937;
29170500;-2.7480697631835938;
29179500;-2.840576171875;
29188500;-2.9722366333007812;
29197500;-2.8141326904296875;
29206500;-2.802947998046875;
29215500;-2.7923431396484375;
29224500;-2.7914962768554687;
29233500;-2.6932525634765625;
29242500;-2.811065673828125;
29251500;-2.736602783203125;
29260500;-2.9935302734375;
29269500;-2.871429443359375;
29278500;-2.7699050903320312;
29287500;-2.898223876953125;
29296500;-2.901123046875;
29305500;-2.8094024658203125;
29314500;-2.897125244140625;
29323500;-2.7596893310546875;
29332500;-2.8493881225585938;
29341500;-2.930328369140625;
29350500;-2.796051025390625;
29359500;-2.7965850830078125;
29368500;-2.9166946411132812;
29377500;-2.9226913452148438;
29386500;-2.7811050415039063;
29395500;-2.859619140625;
29404500;-2.8600997924804687;
29413500;-2.8230209350585937;
29422500;-2.8052825927734375;
29431500;-2.9885101318359375;
29440500;-3.0496978759765625;
29449500;-2.9984130859375;
29458500;-2.9031448364257813;
29467500;-2.8385162353515625;
29476500;-3.0960540771484375;
29485500;-3.0419082641601562;
29494500;-3.0426254272460938;
29503500;-3.0219268798828125;
29512500;-3.0848846435546875;
29521500;-2.8125839233398437;
29530500;-2.94158935546875;
29539500;-2.7673721313476563;
29548500;-2.8807296752929687;
29557500;-2.9295578002929687;
29566500;-2.9863510131835937;
29575500;-2.985687255859375;
29584500;-3.0166549682617187;
29593500;-2.756011962890625;
29602500;-2.8622817993164063;
29611500;-3.01397705078125;
29620500;-2.8988037109375;
29629500;-2.8781051635742187;
29638500;-3.0220489501953125;
29647500;-2.9098968505859375;
29656500;-2.8352890014648437;
29665500;-2.9549942016601562;
29674500;-2.82330322265625;
29683500;-2.9668121337890625;
29692500;-3.005584716796875;
29701500;-3.0584259033203125;
29710500;-2.8898086547851562;
29719500;-2.7757186889648437;
29728500;-2.773590087890625;
29737500;-2.812286376953125;
29746500;-3.0334014892578125;
29755500;-2.9177474975585938;
29764500;-3.0074615478515625;
29773500;-3.1305389404296875;
29782500;-3.057586669921875;
29791500;-3.04644775390625;
29800500;-3.1841354370117187;
29809500;-3.1087799072265625;
29818500;-2.9560928344726562;
29827500;-3.066314697265625;
29836500;-2.9881057739257812;
29845500;-2.8891448974609375;
29854500;-3.0459823608398438;
29863500;-3.0068283081054687;
29872500;-3.0235671997070313;
29881500;-2.9666366577148438;
29890500;-2.9376907348632812;
29899500;-3.0823516845703125;
29908500;-3.092437744140625;
29917500;-2.8701248168945313;
29926500;-3.0817718505859375;
29935500;-2.9809341430664062;
29944500;-3.0012893676757813;
29953500;-3.1813430786132813;
29962500;-2.9676895141601562;
29971500;-3.237701416015625;
29980500;-3.100830078125;
29989500;-3.0637588500976562;
29998500;-3.317474365234375;
