Type;FSV-13;
Version;3.70;
Date;14.Mar 24;
Mode;ANALYZER;
Center Freq;15076500.000000;Hz
Freq Offset;0.000000;Hz
Span;29844000.000000;Hz
x-Axis;LIN;
Start;154500.000000;Hz
Stop;29998500.000000;Hz
Ref Level;69.000000;dBµV
Level Offset;0.000000;dB
Ref Position;100.000000;%
y-Axis;LOG;
Level Range;100.000000;dB
Rf Att;0.000000;dB
El Att;0.000000;dB
RBW;9000.000000;Hz
VBW;100000.000000;Hz
SWT;0.100000;s
Trace Mode;AVERAGE;
Detector;RMS;
Sweep Count;0;
Trace 1:;;
x-Unit;Hz;
y-Unit;dBµV;
Preamplifier;OFF;
Transducer;OFF;
Values;3317;
154500;11.011589050292969;
163500;12.42535400390625;
172500;2.5996322631835937;
181500;0.88663482666015625;
190500;0.9831695556640625;
199500;0.8889923095703125;
208500;0.78127288818359375;
217500;1.4927902221679687;
226500;3.7515792846679687;
235500;2.3440170288085938;
244500;2.1482086181640625;
253500;0.71259307861328125;
262500;0.43743896484375;
271500;1.1592330932617187;
280500;0.46681976318359375;
289500;0.021728515625;
298500;-0.07428741455078125;
307500;0.619415283203125;
316500;5.6772994995117188;
325500;9.7681732177734375;
334500;6.3532028198242187;
343500;0.8559112548828125;
352500;-0.5320281982421875;
361500;-0.68585205078125;
370500;-0.6723480224609375;
379500;-0.8829345703125;
388500;-0.94203948974609375;
397500;-0.56800079345703125;
406500;0.1538848876953125;
415500;-0.7888031005859375;
424500;-1.1214218139648437;
433500;-1.5252761840820312;
442500;-1.5074691772460937;
451500;-1.0847320556640625;
460500;1.3135986328125;
469500;1.328826904296875;
478500;3.9818496704101562;
487500;7.4716033935546875;
496500;7.4278793334960938;
505500;2.863494873046875;
514500;-0.3129730224609375;
523500;-2.1503753662109375;
532500;-2.1934738159179687;
541500;-2.1087722778320312;
550500;-2.2669219970703125;
559500;-2.1119384765625;
568500;-1.9307403564453125;
577500;-1.5648040771484375;
586500;-2.2750701904296875;
595500;-2.3915252685546875;
604500;-1.0076675415039062;
613500;1.0258331298828125;
622500;-2.10345458984375;
631500;-0.01735687255859375;
640500;2.5689620971679687;
649500;5.50018310546875;
658500;6.72906494140625;
667500;4.3292083740234375;
676500;1.3972930908203125;
685500;3.2285919189453125;
694500;9.3597259521484375;
703500;4.5897369384765625;
712500;-2.3118438720703125;
721500;-2.0616836547851562;
730500;-2.4130325317382812;
739500;-2.5641555786132812;
748500;-2.6579055786132812;
757500;-2.5021743774414063;
766500;-2.97119140625;
775500;-3.0093994140625;
784500;-1.9519195556640625;
793500;-0.07544708251953125;
802500;1.60626220703125;
811500;4.4327850341796875;
820500;5.6076202392578125;
829500;5.6187973022460938;
838500;2.2884597778320313;
847500;0.25347900390625;
856500;-0.951568603515625;
865500;-2.2421188354492187;
874500;-0.3897247314453125;
883500;1.3802566528320313;
892500;4.36431884765625;
901500;0.410888671875;
910500;-0.71907806396484375;
919500;0.87493133544921875;
928500;8.1408767700195313;
937500;4.3306961059570313;
946500;1.0225753784179687;
955500;1.2657318115234375;
964500;3.5983123779296875;
973500;6.5426712036132813;
982500;4.9378890991210937;
991500;5.925262451171875;
1000500;4.5232620239257812;
1009500;2.5461502075195312;
1018500;-0.23838043212890625;
1027500;-1.5237197875976562;
1036500;0.412689208984375;
1045500;-1.6764297485351563;
1054500;-1.7680587768554687;
1063500;-2.04656982421875;
1072500;-0.93941497802734375;
1081500;-0.69171905517578125;
1090500;-2.2504119873046875;
1099500;-1.8380966186523437;
1108500;-1.0216140747070313;
1117500;0.470672607421875;
1126500;0.834381103515625;
1135500;2.6096343994140625;
1144500;3.4991378784179687;
1153500;4.7755203247070312;
1162500;5.1256179809570313;
1171500;2.2014541625976562;
1180500;4.4560089111328125;
1189500;12.974212646484375;
1198500;1.3959426879882813;
1207500;-1.8165283203125;
1216500;-1.8091278076171875;
1225500;7.7097015380859375;
1234500;11.555397033691406;
1243500;-1.6173477172851563;
1252500;-1.720428466796875;
1261500;-1.0478668212890625;
1270500;-0.55968475341796875;
1279500;0.1508941650390625;
1288500;0.579376220703125;
1297500;2.119842529296875;
1306500;2.5328521728515625;
1315500;3.432159423828125;
1324500;4.326873779296875;
1333500;3.2145614624023437;
1342500;1.0380706787109375;
1351500;-0.31017303466796875;
1360500;-0.660003662109375;
1369500;0.8671417236328125;
1378500;-0.65299224853515625;
1387500;-1.2181625366210937;
1396500;4.7551193237304687;
1405500;0.50272369384765625;
1414500;-0.82619476318359375;
1423500;-0.5278778076171875;
1432500;-0.4510040283203125;
1441500;-0.40660858154296875;
1450500;0.37078094482421875;
1459500;1.503143310546875;
1468500;2.203704833984375;
1477500;2.7071151733398437;
1486500;3.6042861938476562;
1495500;3.4948196411132813;
1504500;2.3162918090820312;
1513500;1.3190231323242187;
1522500;0.35028076171875;
1531500;-0.36114501953125;
1540500;-0.4922637939453125;
1549500;-0.51610565185546875;
1558500;-0.5178985595703125;
1567500;-0.7495269775390625;
1576500;-0.29885101318359375;
1585500;-0.20543670654296875;
1594500;-0.1981353759765625;
1603500;-0.031768798828125;
1612500;0.49322509765625;
1621500;1.3437118530273437;
1630500;1.9467315673828125;
1639500;2.0555267333984375;
1648500;2.526397705078125;
1657500;3.0844955444335937;
1666500;2.247161865234375;
1675500;1.4483718872070312;
1684500;0.91751861572265625;
1693500;0.2522125244140625;
1702500;0.0976104736328125;
1711500;-0.01068115234375;
1720500;0.07923126220703125;
1729500;-0.1476898193359375;
1738500;0.034942626953125;
1747500;-0.1135406494140625;
1756500;-0.12563323974609375;
1765500;0.147491455078125;
1774500;0.62506103515625;
1783500;0.700836181640625;
1792500;0.97021484375;
1801500;1.5980987548828125;
1810500;1.7384109497070312;
1819500;2.25189208984375;
1828500;2.1898193359375;
1837500;2.082000732421875;
1846500;1.199615478515625;
1855500;0.62776947021484375;
1864500;0.39751434326171875;
1873500;-0.16986846923828125;
1882500;-0.134918212890625;
1891500;-0.37635040283203125;
1900500;-0.354156494140625;
1909500;-0.1193389892578125;
1918500;-0.3407745361328125;
1927500;-0.31151580810546875;
1936500;-0.23089599609375;
1945500;0.95073699951171875;
1954500;0.91660308837890625;
1963500;0.9682769775390625;
1972500;1.0221481323242187;
1981500;1.3433380126953125;
1990500;1.6617584228515625;
1999500;1.206268310546875;
2008500;0.63983154296875;
2017500;0.3096771240234375;
2026500;-0.04534912109375;
2035500;0.1267242431640625;
2044500;-0.14361572265625;
2053500;-0.41909027099609375;
2062500;-0.1339111328125;
2071500;-0.30609893798828125;
2080500;-0.52239990234375;
2089500;-0.38694000244140625;
2098500;0.26019287109375;
2107500;0.38745880126953125;
2116500;0.2765655517578125;
2125500;0.60262298583984375;
2134500;0.7081298828125;
2143500;1.0590057373046875;
2152500;1.2438888549804687;
2161500;1.3703231811523437;
2170500;0.660797119140625;
2179500;-0.0173492431640625;
2188500;0.05279541015625;
2197500;-0.013031005859375;
2206500;-0.4806671142578125;
2215500;-0.4011383056640625;
2224500;-0.45244598388671875;
2233500;-0.31219482421875;
2242500;-0.4322052001953125;
2251500;-0.3525390625;
2260500;-0.1739044189453125;
2269500;0.38818359375;
2278500;0.42490386962890625;
2287500;0.201263427734375;
2296500;0.72021484375;
2305500;3.4525680541992187;
2314500;0.797271728515625;
2323500;0.8762054443359375;
2332500;0.71685791015625;
2341500;0.19866180419921875;
2350500;-0.22528076171875;
2359500;-0.128326416015625;
2368500;-0.77263641357421875;
2377500;5.09844970703125;
2386500;6.1875686645507812;
2395500;5.7674102783203125;
2404500;-0.53842926025390625;
2413500;-0.42572784423828125;
2422500;-0.10601806640625;
2431500;0.06668853759765625;
2440500;0.210601806640625;
2449500;0.071441650390625;
2458500;0.67134857177734375;
2467500;4.7603530883789062;
2476500;3.0159912109375;
2485500;4.271087646484375;
2494500;0.7061614990234375;
2503500;0.3039703369140625;
2512500;-0.08113861083984375;
2521500;-0.2661895751953125;
2530500;-0.6429290771484375;
2539500;-0.84192657470703125;
2548500;-0.9323272705078125;
2557500;-0.820281982421875;
2566500;0.053314208984375;
2575500;0.78807830810546875;
2584500;-0.2131805419921875;
2593500;0.14359283447265625;
2602500;0.56528472900390625;
2611500;0.31122589111328125;
2620500;0.3905181884765625;
2629500;0.20204925537109375;
2638500;0.8663787841796875;
2647500;0.8150787353515625;
2656500;1.0944442749023437;
2665500;0.7148590087890625;
2674500;0.206024169921875;
2683500;0.14223480224609375;
2692500;-0.37918853759765625;
2701500;-0.6069183349609375;
2710500;-0.87157440185546875;
2719500;-0.564849853515625;
2728500;-0.92961883544921875;
2737500;-0.68637847900390625;
2746500;-0.7563018798828125;
2755500;-0.52251434326171875;
2764500;-0.258453369140625;
2773500;-0.44188690185546875;
2782500;-0.398712158203125;
2791500;-0.278656005859375;
2800500;0.11301422119140625;
2809500;0.0001678466796875;
2818500;0.26509857177734375;
2827500;0.27495574951171875;
2836500;0.26595306396484375;
2845500;-0.40350341796875;
2854500;-0.741851806640625;
2863500;-1.3799285888671875;
2872500;-1.4485321044921875;
2881500;-1.4983062744140625;
2890500;-1.2020797729492187;
2899500;-1.1408538818359375;
2908500;-1.192230224609375;
2917500;-0.9319305419921875;
2926500;-0.0394134521484375;
2935500;-0.860626220703125;
2944500;-0.6962738037109375;
2953500;-0.79666900634765625;
2962500;-0.82849884033203125;
2971500;-0.30448150634765625;
2980500;-0.10152435302734375;
2989500;0.069122314453125;
2998500;0.0726776123046875;
3007500;-0.28781890869140625;
3016500;-0.120208740234375;
3025500;-1.0804443359375;
3034500;-1.3141098022460937;
3043500;-1.389923095703125;
3052500;-1.5600433349609375;
3061500;-1.14013671875;
3070500;-1.1920623779296875;
3079500;-1.3982467651367187;
3088500;-0.897857666015625;
3097500;-0.95967864990234375;
3106500;-0.4864501953125;
3115500;-0.72536468505859375;
3124500;-0.5309295654296875;
3133500;-0.45789337158203125;
3142500;-0.2294769287109375;
3151500;-0.1508941650390625;
3160500;0.05523681640625;
3169500;-0.4162139892578125;
3178500;-0.6051025390625;
3187500;-0.84703826904296875;
3196500;-0.91909027099609375;
3205500;-1.1188201904296875;
3214500;-1.2751541137695312;
3223500;-1.341217041015625;
3232500;-1.4181060791015625;
3241500;-1.1010360717773437;
3250500;-1.0873641967773437;
3259500;-1.0155487060546875;
3268500;-0.83850860595703125;
3277500;-0.59923553466796875;
3286500;-0.55701446533203125;
3295500;-0.453857421875;
3304500;-0.260894775390625;
3313500;0.20456695556640625;
3322500;0.1051025390625;
3331500;0.13275909423828125;
3340500;-0.18035125732421875;
3349500;-0.6516265869140625;
3358500;-0.75653839111328125;
3367500;-0.31809234619140625;
3376500;-0.591094970703125;
3385500;-0.4037322998046875;
3394500;-0.6051177978515625;
3403500;-0.332275390625;
3412500;-0.19467926025390625;
3421500;-0.64580535888671875;
3430500;-0.7623443603515625;
3439500;-0.8957366943359375;
3448500;-0.65969085693359375;
3457500;1.2115020751953125;
3466500;0.11468505859375;
3475500;-0.304534912109375;
3484500;-0.01082611083984375;
3493500;-0.073211669921875;
3502500;-0.24720001220703125;
3511500;-0.45770263671875;
3520500;-0.501678466796875;
3529500;-0.81034088134765625;
3538500;-0.69622039794921875;
3547500;0.76576995849609375;
3556500;-0.74945831298828125;
3565500;-0.7742919921875;
3574500;2.0410003662109375;
3583500;-0.32971954345703125;
3592500;-0.83428192138671875;
3601500;-0.9127197265625;
3610500;-0.83769989013671875;
3619500;-0.83458709716796875;
3628500;-0.51488494873046875;
3637500;0.3742218017578125;
3646500;-0.36487579345703125;
3655500;0.09583282470703125;
3664500;0.0405731201171875;
3673500;-0.249114990234375;
3682500;-0.35633087158203125;
3691500;-0.542510986328125;
3700500;-0.69010162353515625;
3709500;-0.41547393798828125;
3718500;-0.61791229248046875;
3727500;-0.2764892578125;
3736500;-0.14229583740234375;
3745500;-0.36940765380859375;
3754500;-0.565460205078125;
3763500;-0.35895538330078125;
3772500;-0.23433685302734375;
3781500;0.01351165771484375;
3790500;0.18265533447265625;
3799500;0.31354522705078125;
3808500;0.832305908203125;
3817500;1.0198135375976562;
3826500;1.038604736328125;
3835500;0.76401519775390625;
3844500;0.48268890380859375;
3853500;0.6240234375;
3862500;0.50836944580078125;
3871500;0.4593963623046875;
3880500;0.533538818359375;
3889500;0.6214447021484375;
3898500;1.7127609252929688;
3907500;1.8839111328125;
3916500;0.0633392333984375;
3925500;0.306365966796875;
3934500;-0.10276031494140625;
3943500;-0.0305938720703125;
3952500;-0.25684356689453125;
3961500;0.05034637451171875;
3970500;0.0119781494140625;
3979500;0.03789520263671875;
3988500;3.0044631958007813;
3997500;2.42083740234375;
4006500;-0.6646575927734375;
4015500;-0.7722625732421875;
4024500;-0.529205322265625;
4033500;-0.83563995361328125;
4042500;-0.74200439453125;
4051500;-0.716766357421875;
4060500;-0.4017486572265625;
4069500;-0.7017822265625;
4078500;2.9120559692382812;
4087500;0.7818450927734375;
4096500;-0.9496917724609375;
4105500;-0.853851318359375;
4114500;-1.0090560913085937;
4123500;-0.629364013671875;
4132500;-0.50748443603515625;
4141500;-0.6042633056640625;
4150500;-0.21933746337890625;
4159500;-0.65692901611328125;
4168500;2.015106201171875;
4177500;-0.00665283203125;
4186500;-0.670654296875;
4195500;-0.84348297119140625;
4204500;-0.83927154541015625;
4213500;-0.59957122802734375;
4222500;-0.70880126953125;
4231500;-0.75919342041015625;
4240500;-0.87995147705078125;
4249500;-0.83908843994140625;
4258500;0.2478790283203125;
4267500;-0.4818267822265625;
4276500;-0.63164520263671875;
4285500;-0.5867462158203125;
4294500;-0.35791778564453125;
4303500;-0.3552093505859375;
4312500;0.009246826171875;
4321500;-0.0459747314453125;
4330500;-0.160888671875;
4339500;-0.0756683349609375;
4348500;-0.1139373779296875;
4357500;-0.37755584716796875;
4366500;-0.5458526611328125;
4375500;-0.429351806640625;
4384500;-0.255889892578125;
4393500;-0.4223480224609375;
4402500;-0.52100372314453125;
4411500;-0.3092193603515625;
4420500;-0.2808837890625;
4429500;-0.02344512939453125;
4438500;1.0473556518554687;
4447500;-0.3682708740234375;
4456500;-0.2302398681640625;
4465500;0.0151519775390625;
4474500;0.1524810791015625;
4483500;0.16538238525390625;
4492500;0.096893310546875;
4501500;0.07830810546875;
4510500;0.0471954345703125;
4519500;1.014251708984375;
4528500;2.3416900634765625;
4537500;-0.174224853515625;
4546500;-0.08376312255859375;
4555500;-0.13995361328125;
4564500;-0.0601654052734375;
4573500;0.0329742431640625;
4582500;0.02915191650390625;
4591500;-0.1398468017578125;
4600500;-0.192626953125;
4609500;2.3233184814453125;
4618500;2.3348541259765625;
4627500;0.4456024169921875;
4636500;0.523681640625;
4645500;0.448333740234375;
4654500;0.59781646728515625;
4663500;0.69518280029296875;
4672500;0.6382598876953125;
4681500;0.330291748046875;
4690500;0.07602691650390625;
4699500;2.47772216796875;
4708500;1.6750946044921875;
4717500;0.234222412109375;
4726500;0.1410980224609375;
4735500;0.19719696044921875;
4744500;0.417572021484375;
4753500;0.400054931640625;
4762500;0.28875732421875;
4771500;0.491851806640625;
4780500;0.24485015869140625;
4789500;1.888763427734375;
4798500;1.2906494140625;
4807500;0.780548095703125;
4816500;0.92547607421875;
4825500;0.86089324951171875;
4834500;0.606201171875;
4843500;0.64394378662109375;
4852500;0.5017852783203125;
4861500;0.393829345703125;
4870500;0.38401031494140625;
4879500;0.30693817138671875;
4888500;0.27716827392578125;
4897500;0.4555206298828125;
4906500;0.69840240478515625;
4915500;0.73291015625;
4924500;0.5735931396484375;
4933500;0.57839202880859375;
4942500;0.59554290771484375;
4951500;0.730224609375;
4960500;0.7839813232421875;
4969500;3.117034912109375;
4978500;1.2027587890625;
4987500;1.0044479370117187;
4996500;1.1514968872070312;
5005500;0.91762542724609375;
5014500;1.0603485107421875;
5023500;0.706451416015625;
5032500;0.762420654296875;
5041500;0.67946624755859375;
5050500;1.9919815063476563;
5059500;6.3128433227539062;
5068500;1.0609817504882813;
5077500;0.8937225341796875;
5086500;0.91501617431640625;
5095500;0.88220977783203125;
5104500;0.6402435302734375;
5113500;0.69907379150390625;
5122500;0.88172149658203125;
5131500;0.99201202392578125;
5140500;4.0282135009765625;
5149500;7.4217147827148437;
5158500;1.1068267822265625;
5167500;1.0682449340820313;
5176500;1.0628509521484375;
5185500;0.84731292724609375;
5194500;0.68289947509765625;
5203500;0.47486114501953125;
5212500;0.39592742919921875;
5221500;0.4767303466796875;
5230500;3.7808990478515625;
5239500;5.5623550415039062;
5248500;0.343505859375;
5257500;0.242919921875;
5266500;0.14333343505859375;
5275500;0.12181854248046875;
5284500;0.41611480712890625;
5293500;-0.000732421875;
5302500;-0.0432891845703125;
5311500;0.10399627685546875;
5320500;1.9761199951171875;
5329500;1.736663818359375;
5338500;-0.02576446533203125;
5347500;0.034149169921875;
5356500;0.06845855712890625;
5365500;0.2170867919921875;
5374500;0.156463623046875;
5383500;0.37290191650390625;
5392500;0.063232421875;
5401500;-0.2027130126953125;
5410500;-0.11888885498046875;
5419500;0.1091461181640625;
5428500;0.22240447998046875;
5437500;-0.11188507080078125;
5446500;-0.29984283447265625;
5455500;-0.2433624267578125;
5464500;-0.15692138671875;
5473500;-0.16585540771484375;
5482500;0.03092193603515625;
5491500;0.192291259765625;
5500500;0.98392486572265625;
5509500;0.2480926513671875;
5518500;0.103759765625;
5527500;-0.021240234375;
5536500;0.0927581787109375;
5545500;0.208587646484375;
5554500;0.24404144287109375;
5563500;0.2723388671875;
5572500;0.2079620361328125;
5581500;0.2897186279296875;
5590500;3.608734130859375;
5599500;0.72122955322265625;
5608500;0.26912689208984375;
5617500;0.36743927001953125;
5626500;0.23870086669921875;
5635500;0.3272705078125;
5644500;0.39424896240234375;
5653500;0.51983642578125;
5662500;0.77318572998046875;
5671500;1.3461837768554687;
5680500;6.1802215576171875;
5689500;1.420013427734375;
5698500;0.863525390625;
5707500;0.893157958984375;
5716500;1.0079421997070312;
5725500;1.64605712890625;
5734500;1.0843734741210937;
5743500;1.41217041015625;
5752500;1.8773651123046875;
5761500;3.5722885131835937;
5770500;8.274566650390625;
5779500;2.2510452270507813;
5788500;2.2529373168945312;
5797500;2.4419021606445313;
5806500;2.7124252319335938;
5815500;3.0095596313476562;
5824500;3.1945114135742187;
5833500;3.0642852783203125;
5842500;3.2934188842773438;
5851500;5.4798965454101563;
5860500;8.0484390258789063;
5869500;3.1119308471679687;
5878500;3.5024948120117187;
5887500;3.52874755859375;
5896500;3.2553482055664063;
5905500;3.676910400390625;
5914500;2.8873825073242187;
5923500;3.4517135620117187;
5932500;2.7965850830078125;
5941500;3.31927490234375;
5950500;3.64300537109375;
5959500;2.2920989990234375;
5968500;2.8889389038085937;
5977500;1.6781005859375;
5986500;2.2412948608398437;
5995500;1.857147216796875;
6004500;1.460296630859375;
6013500;1.8648834228515625;
6022500;0.72341156005859375;
6031500;2.9643325805664062;
6040500;2.2010726928710937;
6049500;0.4198150634765625;
6058500;0.59136962890625;
6067500;-0.0808868408203125;
6076500;0.13402557373046875;
6085500;-0.0355224609375;
6094500;0.30245208740234375;
6103500;-0.21749114990234375;
6112500;-0.54659271240234375;
6121500;5.7747116088867187;
6130500;2.8042068481445313;
6139500;-0.58026885986328125;
6148500;-0.83254241943359375;
6157500;-0.8254241943359375;
6166500;-0.85259246826171875;
6175500;-0.8299407958984375;
6184500;-1.1961212158203125;
6193500;-1.1220016479492187;
6202500;-0.989105224609375;
6211500;6.7418975830078125;
6220500;1.3736114501953125;
6229500;-1.6725311279296875;
6238500;-1.2425003051757813;
6247500;-1.6121063232421875;
6256500;-1.4437255859375;
6265500;-1.6365509033203125;
6274500;-1.4831390380859375;
6283500;-1.04742431640625;
6292500;-1.2289199829101563;
6301500;5.9656295776367187;
6310500;-0.66678619384765625;
6319500;-1.3216629028320313;
6328500;-1.2288055419921875;
6337500;-1.5713577270507812;
6346500;-0.97307586669921875;
6355500;-1.5055694580078125;
6364500;-1.0713958740234375;
6373500;-1.3931350708007812;
6382500;-0.68524932861328125;
6391500;3.6505508422851563;
6400500;-1.212799072265625;
6409500;-0.9600982666015625;
6418500;-1.2992706298828125;
6427500;-0.97040557861328125;
6436500;-1.056915283203125;
6445500;-1.241607666015625;
6454500;-0.9058685302734375;
6463500;-1.4425582885742187;
6472500;-0.69069671630859375;
6481500;-0.01703643798828125;
6490500;-0.80081939697265625;
6499500;-0.7896728515625;
6508500;-1.0999526977539062;
6517500;-0.69622802734375;
6526500;-0.79111480712890625;
6535500;-0.95269775390625;
6544500;-0.755340576171875;
6553500;-0.48555755615234375;
6562500;-0.44189453125;
6571500;-0.0105743408203125;
6580500;-0.4018707275390625;
6589500;-0.49609375;
6598500;-0.5035247802734375;
6607500;-0.692718505859375;
6616500;-0.6388092041015625;
6625500;-0.74481201171875;
6634500;-0.538055419921875;
6643500;-0.707977294921875;
6652500;1.7749786376953125;
6661500;1.9213714599609375;
6670500;-0.77509307861328125;
6679500;-0.552032470703125;
6688500;-0.8883209228515625;
6697500;-0.63970947265625;
6706500;-0.799163818359375;
6715500;-0.73785400390625;
6724500;-0.66255950927734375;
6733500;-0.81848907470703125;
6742500;3.2077407836914063;
6751500;1.8749465942382813;
6760500;-1.0172500610351562;
6769500;-0.86627197265625;
6778500;-1.2736282348632812;
6787500;-1.0757827758789063;
6796500;-1.3638687133789063;
6805500;-1.4667205810546875;
6814500;-1.2561111450195312;
6823500;-1.5174179077148437;
6832500;2.2700271606445312;
6841500;-0.56658935546875;
6850500;-1.6845779418945312;
6859500;-1.460540771484375;
6868500;-1.972259521484375;
6877500;-1.7654571533203125;
6886500;-1.9171829223632813;
6895500;-1.9542999267578125;
6904500;-1.8726348876953125;
6913500;-1.9123382568359375;
6922500;-0.3720703125;
6931500;-1.8650054931640625;
6940500;-1.8612747192382812;
6949500;-1.9920272827148437;
6958500;-2.170745849609375;
6967500;-1.8631362915039063;
6976500;-2.1301040649414062;
6985500;-2.1245040893554687;
6994500;-2.044769287109375;
7003500;-2.3233489990234375;
7012500;-1.878570556640625;
7021500;-2.4761505126953125;
7030500;-2.0395278930664062;
7039500;-2.293731689453125;
7048500;-2.3072433471679687;
7057500;-1.8310165405273438;
7066500;-2.2654647827148437;
7075500;-1.8728561401367187;
7084500;-2.2850112915039062;
7093500;-2.2597122192382813;
7102500;-1.6791229248046875;
7111500;-2.1194000244140625;
7120500;-2.0608367919921875;
7129500;-2.2843093872070313;
7138500;-2.214263916015625;
7147500;-2.0324935913085937;
7156500;-1.9560928344726563;
7165500;-1.984893798828125;
7174500;-2.4410400390625;
7183500;-1.546722412109375;
7192500;-0.6956939697265625;
7201500;-2.1739425659179687;
7210500;-2.1630783081054687;
7219500;-2.3158493041992187;
7228500;-2.1851959228515625;
7237500;-1.9969329833984375;
7246500;-2.1287841796875;
7255500;-2.2464675903320313;
7264500;-2.4030685424804687;
7273500;-1.1710739135742187;
7282500;-0.80895233154296875;
7291500;-2.2602081298828125;
7300500;-2.207763671875;
7309500;-2.43072509765625;
7318500;-2.1071243286132813;
7327500;-1.9591293334960937;
7336500;-2.21502685546875;
7345500;-2.054046630859375;
7354500;-2.3194580078125;
7363500;-1.3682327270507812;
7372500;-1.2424163818359375;
7381500;-2.2005386352539062;
7390500;-2.2464752197265625;
7399500;-2.5589447021484375;
7408500;-2.300445556640625;
7417500;-2.3593292236328125;
7426500;-2.2332000732421875;
7435500;-2.1994476318359375;
7444500;-2.50701904296875;
7453500;-1.4064788818359375;
7462500;-1.7005996704101562;
7471500;-2.3138427734375;
7480500;-2.1646728515625;
7489500;-2.1933975219726562;
7498500;-2.3771286010742187;
7507500;-2.185943603515625;
7516500;-2.4197845458984375;
7525500;-2.24554443359375;
7534500;-2.1980133056640625;
7543500;-2.2394027709960937;
7552500;-2.351043701171875;
7561500;-2.1017074584960938;
7570500;-2.4049911499023437;
7579500;-2.242919921875;
7588500;-2.1361083984375;
7597500;-2.3200836181640625;
7606500;-2.2341156005859375;
7615500;-2.3752212524414062;
7624500;-2.3041534423828125;
7633500;-2.080322265625;
7642500;-2.2852859497070312;
7651500;-2.328033447265625;
7660500;-2.3736801147460937;
7669500;-2.2192153930664062;
7678500;-2.2045822143554687;
7687500;-2.13446044921875;
7696500;-2.018218994140625;
7705500;-2.0871353149414062;
7714500;-2.3120193481445312;
7723500;-1.4548110961914063;
7732500;-2.2347259521484375;
7741500;-2.2570724487304687;
7750500;-2.1340713500976562;
7759500;-2.3342742919921875;
7768500;-2.5397186279296875;
7777500;-2.3633499145507813;
7786500;-2.402557373046875;
7795500;-2.6749343872070312;
7804500;-2.2216644287109375;
7813500;-1.7817916870117187;
7822500;-2.2350387573242187;
7831500;-2.3923492431640625;
7840500;-2.5193023681640625;
7849500;-2.3714447021484375;
7858500;-2.5024185180664062;
7867500;-2.61102294921875;
7876500;-2.3560028076171875;
7885500;-2.3505935668945312;
7894500;-2.1469497680664062;
7903500;-1.7045059204101563;
7912500;-2.56927490234375;
7921500;-2.575836181640625;
7930500;-2.3828353881835937;
7939500;-2.25140380859375;
7948500;-2.6029815673828125;
7957500;-2.6038665771484375;
7966500;-2.4823455810546875;
7975500;-2.6449203491210938;
7984500;-2.0759963989257813;
7993500;-2.0552291870117187;
8002500;-2.6068878173828125;
8011500;-2.4037017822265625;
8020500;-2.160400390625;
8029500;-2.426239013671875;
8038500;-2.455078125;
8047500;-2.306182861328125;
8056500;-2.4689407348632813;
8065500;-2.6427383422851562;
8074500;-2.1555938720703125;
8083500;-2.2185821533203125;
8092500;-2.4950103759765625;
8101500;-2.4160079956054687;
8110500;-2.5243148803710937;
8119500;-2.282684326171875;
8128500;-2.28253173828125;
8137500;-2.4826202392578125;
8146500;-2.4623260498046875;
8155500;-2.69439697265625;
8164500;-2.426666259765625;
8173500;-2.39373779296875;
8182500;-2.145751953125;
8191500;-2.306396484375;
8200500;-2.2496871948242187;
8209500;-2.381622314453125;
8218500;-2.3246841430664062;
8227500;-2.3895721435546875;
8236500;-2.4349822998046875;
8245500;-2.3525543212890625;
8254500;-1.4857330322265625;
8263500;-2.2059555053710937;
8272500;-2.4279861450195312;
8281500;-2.4129104614257813;
8290500;-2.2208786010742187;
8299500;-2.0807876586914062;
8308500;-2.2975006103515625;
8317500;-2.307098388671875;
8326500;-2.4176101684570312;
8335500;-2.3490753173828125;
8344500;0.1398773193359375;
8353500;-2.0970687866210937;
8362500;-2.2429046630859375;
8371500;-2.3887176513671875;
8380500;-2.34979248046875;
8389500;-2.065521240234375;
8398500;-2.234466552734375;
8407500;-2.180694580078125;
8416500;-2.3139495849609375;
8425500;-1.6740264892578125;
8434500;0.36197662353515625;
8443500;-2.2150802612304687;
8452500;-2.158447265625;
8461500;-2.338134765625;
8470500;-2.2035064697265625;
8479500;-2.2780075073242187;
8488500;-2.2820816040039062;
8497500;-2.3005218505859375;
8506500;-2.2701873779296875;
8515500;-1.7052764892578125;
8524500;-0.0969390869140625;
8533500;-2.1586380004882812;
8542500;-2.2952728271484375;
8551500;-2.149017333984375;
8560500;-2.4844741821289062;
8569500;-2.23486328125;
8578500;-2.1814651489257813;
8587500;-2.08349609375;
8596500;-2.1653060913085937;
8605500;-2.065155029296875;
8614500;-1.6563262939453125;
8623500;-2.1978378295898438;
8632500;-2.15728759765625;
8641500;-2.331756591796875;
8650500;-1.9537200927734375;
8659500;-2.1295394897460937;
8668500;-2.394287109375;
8677500;-2.1456527709960938;
8686500;-2.2298355102539062;
8695500;-2.0612411499023437;
8704500;-2.1042709350585937;
8713500;-2.2305145263671875;
8722500;-2.1830062866210937;
8731500;-2.2024993896484375;
8740500;-2.1717453002929687;
8749500;-2.2599029541015625;
8758500;-2.018707275390625;
8767500;-2.0451507568359375;
8776500;-2.3216094970703125;
8785500;-1.2116470336914062;
8794500;-1.6742095947265625;
8803500;-2.2345809936523437;
8812500;-2.1718826293945313;
8821500;-2.0936508178710937;
8830500;-2.1153564453125;
8839500;-2.3182220458984375;
8848500;-1.9429931640625;
8857500;-2.32806396484375;
8866500;-2.169342041015625;
8875500;0.4320831298828125;
8884500;-1.3720855712890625;
8893500;-2.05804443359375;
8902500;-2.1339645385742187;
8911500;-1.9898452758789063;
8920500;-1.7403717041015625;
8929500;-1.8863754272460937;
8938500;-1.6888504028320312;
8947500;-1.6949081420898438;
8956500;-1.3942794799804687;
8965500;1.3733139038085937;
8974500;-1.1175765991210937;
8983500;-1.302215576171875;
8992500;-1.6060791015625;
9001500;-1.6120758056640625;
9010500;-1.5144500732421875;
9019500;-1.1994857788085937;
9028500;-1.407440185546875;
9037500;-1.6055068969726562;
9046500;-1.0557861328125;
9055500;1.6113052368164062;
9064500;-0.81754302978515625;
9073500;-1.4583663940429687;
9082500;-1.2516326904296875;
9091500;-1.0626602172851563;
9100500;-1.254119873046875;
9109500;-1.1742935180664063;
9118500;-1.156280517578125;
9127500;-1.0567550659179687;
9136500;-0.96912384033203125;
9145500;0.10326385498046875;
9154500;-1.0364990234375;
9163500;-1.1710205078125;
9172500;-0.9408111572265625;
9181500;-1.008148193359375;
9190500;-0.96367645263671875;
9199500;-1.06402587890625;
9208500;-1.0452957153320312;
9217500;-0.884857177734375;
9226500;-0.78273773193359375;
9235500;-0.5043792724609375;
9244500;-1.0473175048828125;
9253500;-0.76200103759765625;
9262500;-1.0345916748046875;
9271500;-1.6420135498046875;
9280500;-1.3159103393554687;
9289500;-1.119110107421875;
9298500;-1.188629150390625;
9307500;-0.85486602783203125;
9316500;0.40064239501953125;
9325500;1.0159759521484375;
9334500;-1.0714569091796875;
9343500;-0.93831634521484375;
9352500;-0.79880523681640625;
9361500;-1.0958480834960937;
9370500;-0.8860321044921875;
9379500;-0.947235107421875;
9388500;-0.25748443603515625;
9397500;-1.0641021728515625;
9406500;2.0228424072265625;
9415500;1.6239013671875;
9424500;-0.77863311767578125;
9433500;-0.87226104736328125;
9442500;-0.9707183837890625;
9451500;-0.39717864990234375;
9460500;-0.62059783935546875;
9469500;-0.8797454833984375;
9478500;-0.9501190185546875;
9487500;-0.526092529296875;
9496500;2.5272750854492187;
9505500;1.0370330810546875;
9514500;-0.40222930908203125;
9523500;-0.54158782958984375;
9532500;-0.3989410400390625;
9541500;-0.30724334716796875;
9550500;-0.5244293212890625;
9559500;-0.77310943603515625;
9568500;-0.57277679443359375;
9577500;-0.5950775146484375;
9586500;2.6488800048828125;
9595500;0.2978973388671875;
9604500;-0.69366455078125;
9613500;-0.7089691162109375;
9622500;-0.222869873046875;
9631500;-0.7570343017578125;
9640500;-1.12890625;
9649500;-0.17646026611328125;
9658500;-0.6279754638671875;
9667500;-0.70461273193359375;
9676500;-0.115386962890625;
9685500;-0.79866790771484375;
9694500;-1.105072021484375;
9703500;-0.8929595947265625;
9712500;-1.1303634643554687;
9721500;-0.85650634765625;
9730500;-1.3774566650390625;
9739500;-1.689544677734375;
9748500;-1.320220947265625;
9757500;-1.7854156494140625;
9766500;-1.7766647338867187;
9775500;-1.8256149291992187;
9784500;-1.3435745239257813;
9793500;-2.0645523071289062;
9802500;-1.9989089965820312;
9811500;-1.963104248046875;
9820500;-1.8435516357421875;
9829500;-1.7639312744140625;
9838500;-2.1581344604492187;
9847500;-2.0579986572265625;
9856500;-1.9463348388671875;
9865500;-1.6093063354492188;
9874500;-2.3308792114257813;
9883500;-2.368194580078125;
9892500;-1.9513702392578125;
9901500;-1.6944808959960937;
9910500;-1.4609298706054687;
9919500;-2.01263427734375;
9928500;-1.8437652587890625;
9937500;-1.771514892578125;
9946500;-0.59127044677734375;
9955500;-1.733612060546875;
9964500;-1.7217178344726563;
9973500;-1.5910873413085937;
9982500;-0.91127777099609375;
9991500;-1.0567550659179687;
10000500;-1.4560623168945313;
10009500;-1.288818359375;
10018500;-1.245697021484375;
10027500;-0.019439697265625;
10036500;-1.0906906127929687;
10045500;-1.0157241821289062;
10054500;-0.83132171630859375;
10063500;-0.3050384521484375;
10072500;-0.73645782470703125;
10081500;-1.45562744140625;
10090500;-1.0713043212890625;
10099500;-1.314971923828125;
10108500;-0.83246612548828125;
10117500;-1.7462158203125;
10126500;-1.8625259399414063;
10135500;-2.0104293823242187;
10144500;-1.7768096923828125;
10153500;-2.160797119140625;
10162500;-2.4664230346679687;
10171500;-2.75244140625;
10180500;-2.6456680297851562;
10189500;-2.3583984375;
10198500;-2.9135589599609375;
10207500;-2.8506317138671875;
10216500;-3.0370330810546875;
10225500;-2.7405624389648437;
10234500;-2.8009033203125;
10243500;-3.0664825439453125;
10252500;-3.0709609985351562;
10261500;-2.9281997680664063;
10270500;-3.0374298095703125;
10279500;-3.1329345703125;
10288500;-3.081787109375;
10297500;-3.070281982421875;
10306500;-3.0983505249023437;
10315500;-2.9586715698242187;
10324500;-3.1523361206054687;
10333500;-3.1485748291015625;
10342500;-3.3198013305664062;
10351500;-3.0972213745117187;
10360500;-3.2101287841796875;
10369500;-3.0799789428710937;
10378500;-2.8210372924804687;
10387500;-2.8216629028320313;
10396500;-3.1658172607421875;
10405500;-3.2859115600585937;
10414500;-3.2619400024414062;
10423500;-3.1707534790039062;
10432500;-2.8804931640625;
10441500;-3.1125869750976562;
10450500;-2.6898345947265625;
10459500;-2.97027587890625;
10468500;-2.7338714599609375;
10477500;-2.6339569091796875;
10486500;-2.3713607788085937;
10495500;-2.3956527709960937;
10504500;-2.623077392578125;
10513500;-2.436920166015625;
10522500;-2.2127456665039062;
10531500;-2.5191726684570313;
10540500;-2.5501556396484375;
10549500;-2.395263671875;
10558500;-2.4671707153320312;
10567500;-1.895263671875;
10576500;-2.1571807861328125;
10585500;-2.0107803344726562;
10594500;-2.044342041015625;
10603500;-2.16259765625;
10612500;-2.0759201049804687;
10621500;-1.9573287963867187;
10630500;-1.9359893798828125;
10639500;-2.0261001586914062;
10648500;-1.428009033203125;
10657500;-0.900726318359375;
10666500;-1.4810256958007812;
10675500;-1.5698699951171875;
10684500;-1.2726211547851563;
10693500;-1.3952560424804687;
10702500;-1.2173004150390625;
10711500;-1.0664215087890625;
10720500;-0.86011505126953125;
10729500;-1.10919189453125;
10738500;-0.2379150390625;
10747500;-0.0433807373046875;
10756500;-0.46515655517578125;
10765500;-0.8479766845703125;
10774500;-0.5871124267578125;
10783500;-0.00800323486328125;
10792500;-0.37764739990234375;
10801500;-0.56915283203125;
10810500;-0.3695068359375;
10819500;0.48337554931640625;
10828500;0.6496429443359375;
10837500;0.41272735595703125;
10846500;0.16982269287109375;
10855500;0.62250518798828125;
10864500;0.39337921142578125;
10873500;0.22988128662109375;
10882500;1.1106338500976562;
10891500;0.8488922119140625;
10900500;0.3365631103515625;
10909500;0.364990234375;
10918500;2.7820587158203125;
10927500;0.9173126220703125;
10936500;0.3262939453125;
10945500;0.6765289306640625;
10954500;0.736175537109375;
10963500;0.4676361083984375;
10972500;0.319915771484375;
10981500;0.9619293212890625;
10990500;0.7567901611328125;
10999500;0.873748779296875;
11008500;4.3064193725585938;
11017500;1.3638916015625;
11026500;0.81145477294921875;
11035500;0.530029296875;
11044500;0.54571533203125;
11053500;0.77043914794921875;
11062500;0.5228729248046875;
11071500;0.18868255615234375;
11080500;0.27841949462890625;
11089500;0.603607177734375;
11098500;4.5899505615234375;
11107500;0.4117279052734375;
11116500;0.1490478515625;
11125500;-0.03659820556640625;
11134500;-0.03501129150390625;
11143500;-0.18102264404296875;
11152500;0.59105682373046875;
11161500;-0.33150482177734375;
11170500;-0.387847900390625;
11179500;0.470489501953125;
11188500;3.3212661743164063;
11197500;-0.45639801025390625;
11206500;-0.279693603515625;
11215500;-0.00154876708984375;
11224500;-0.5803680419921875;
11233500;-0.72918701171875;
11242500;-0.94972991943359375;
11251500;-0.7947540283203125;
11260500;-1.0386276245117187;
11269500;-0.664764404296875;
11278500;0.65627288818359375;
11287500;-0.89061737060546875;
11296500;-1.2724533081054687;
11305500;-1.5736236572265625;
11314500;-1.2095870971679687;
11323500;-1.2198562622070312;
11332500;-1.38427734375;
11341500;-1.4317092895507812;
11350500;-1.558624267578125;
11359500;-1.4125518798828125;
11368500;-1.249267578125;
11377500;-1.792938232421875;
11386500;-1.6084518432617187;
11395500;-1.8460845947265625;
11404500;-1.9180908203125;
11413500;-2.0890655517578125;
11422500;-2.1033782958984375;
11431500;-1.8811798095703125;
11440500;-2.0614089965820313;
11449500;-1.8115386962890625;
11458500;-1.9790878295898437;
11467500;-1.9992141723632812;
11476500;-2.1698837280273437;
11485500;-2.0105056762695312;
11494500;-2.1357345581054687;
11503500;-2.18072509765625;
11512500;-2.1464157104492187;
11521500;-2.1058349609375;
11530500;-2.340911865234375;
11539500;-0.90958404541015625;
11548500;-1.7385406494140625;
11557500;-2.2088088989257813;
11566500;-2.4789886474609375;
11575500;-2.3710174560546875;
11584500;-2.2653656005859375;
11593500;-2.5166168212890625;
11602500;-2.2352828979492187;
11611500;-2.553924560546875;
11620500;-2.2281036376953125;
11629500;-0.8834228515625;
11638500;-2.2362518310546875;
11647500;-2.5020523071289062;
11656500;-2.70098876953125;
11665500;-2.5438385009765625;
11674500;-2.5119705200195312;
11683500;-2.5539016723632813;
11692500;-2.5919723510742187;
11701500;-2.8291015625;
11710500;-2.5299530029296875;
11719500;-0.98921966552734375;
11728500;-2.5086898803710937;
11737500;-2.6754074096679687;
11746500;-2.6202011108398438;
11755500;-2.4879531860351562;
11764500;-2.6944198608398438;
11773500;-2.82244873046875;
11782500;-2.6240386962890625;
11791500;-2.6498794555664063;
11800500;-2.449798583984375;
11809500;-1.7708587646484375;
11818500;-2.4871978759765625;
11827500;-2.6268310546875;
11836500;-2.8580169677734375;
11845500;-2.6624298095703125;
11854500;-2.6718902587890625;
11863500;-2.2757186889648437;
11872500;-2.7165603637695313;
11881500;-2.7870101928710937;
11890500;-2.4702911376953125;
11899500;-2.241912841796875;
11908500;-2.5241470336914063;
11917500;-2.1144561767578125;
11926500;-2.2255096435546875;
11935500;-2.6216201782226562;
11944500;-2.94866943359375;
11953500;-2.5517730712890625;
11962500;-2.63446044921875;
11971500;-2.5137786865234375;
11980500;-2.6291427612304687;
11989500;-2.2690963745117187;
11998500;2.1923904418945312;
12007500;-1.7741241455078125;
12016500;-2.6169281005859375;
12025500;-2.4918899536132812;
12034500;-2.6350250244140625;
12043500;-2.6636199951171875;
12052500;-2.89892578125;
12061500;-2.7163619995117187;
12070500;-1.85009765625;
12079500;-1.4780197143554687;
12088500;-2.7747650146484375;
12097500;-2.6947708129882812;
12106500;-2.564178466796875;
12115500;-2.5541152954101562;
12124500;-2.6876220703125;
12133500;-2.55694580078125;
12142500;-2.6132736206054687;
12151500;-2.3066787719726562;
12160500;-0.9708251953125;
12169500;-1.4384765625;
12178500;-2.683349609375;
12187500;-2.5757369995117187;
12196500;-2.3686599731445313;
12205500;-2.4146041870117187;
12214500;-2.448333740234375;
12223500;-2.6019515991210938;
12232500;-2.3552398681640625;
12241500;-2.5954513549804687;
12250500;-0.42127227783203125;
12259500;-1.5199432373046875;
12268500;-2.476837158203125;
12277500;-2.5224456787109375;
12286500;-2.3238067626953125;
12295500;-2.6003875732421875;
12304500;-2.52862548828125;
12313500;-2.4784088134765625;
12322500;-2.3616409301757813;
12331500;-2.2822418212890625;
12340500;-1.346282958984375;
12349500;-2.026336669921875;
12358500;-2.0117416381835937;
12367500;-2.2725067138671875;
12376500;-2.4178390502929687;
12385500;-2.5124053955078125;
12394500;-2.44207763671875;
12403500;-2.315399169921875;
12412500;-2.2287445068359375;
12421500;-2.3298492431640625;
12430500;-2.1677780151367187;
12439500;-2.1988754272460937;
12448500;-2.3101654052734375;
12457500;-2.5369338989257813;
12466500;-2.2209320068359375;
12475500;-2.256683349609375;
12484500;-2.1617813110351562;
12493500;-2.247528076171875;
12502500;-2.1245956420898438;
12511500;-2.0665054321289062;
12520500;-1.737457275390625;
12529500;-2.088409423828125;
12538500;-2.2907638549804687;
12547500;-2.0862960815429687;
12556500;-1.9986343383789063;
12565500;-1.99920654296875;
12574500;-2.14324951171875;
12583500;-2.10211181640625;
12592500;-2.0136795043945312;
12601500;-1.438232421875;
12610500;-0.57346343994140625;
12619500;-1.6592178344726562;
12628500;-2.1102142333984375;
12637500;-2.2671890258789062;
12646500;-2.01605224609375;
12655500;-1.8828277587890625;
12664500;-1.9819869995117187;
12673500;-1.9096832275390625;
12682500;-1.75994873046875;
12691500;-1.2033538818359375;
12700500;-0.72589111328125;
12709500;-1.9423065185546875;
12718500;-1.9080581665039063;
12727500;-1.9160003662109375;
12736500;-2.0616989135742187;
12745500;-1.897125244140625;
12754500;-1.9484024047851562;
12763500;-2.0520553588867187;
12772500;-1.8592987060546875;
12781500;-1.2887420654296875;
12790500;-1.2401962280273437;
12799500;-1.8718948364257813;
12808500;-1.9500961303710937;
12817500;-1.8613510131835937;
12826500;-1.9510650634765625;
12835500;-1.9734878540039063;
12844500;-1.9854812622070312;
12853500;-2.0823898315429687;
12862500;-1.9264755249023437;
12871500;-1.7386398315429687;
12880500;-1.7239227294921875;
12889500;-1.7673187255859375;
12898500;-1.9771270751953125;
12907500;-1.9359054565429687;
12916500;-2.0447006225585937;
12925500;-2.0619735717773437;
12934500;-2.0910873413085937;
12943500;-2.1813201904296875;
12952500;-2.055023193359375;
12961500;-1.92645263671875;
12970500;-2.0332260131835937;
12979500;-2.1013336181640625;
12988500;-2.085662841796875;
12997500;-2.0372314453125;
13006500;-2.2060775756835938;
13015500;-1.9659805297851563;
13024500;-2.2824172973632812;
13033500;-2.1892318725585937;
13042500;-2.2310943603515625;
13051500;-2.1446304321289062;
13060500;-2.2933349609375;
13069500;-2.2807846069335937;
13078500;-2.2765350341796875;
13087500;-2.1106033325195312;
13096500;-2.218841552734375;
13105500;-1.98974609375;
13114500;-2.141448974609375;
13123500;-1.9003448486328125;
13132500;-2.2555160522460938;
13141500;-2.2544631958007812;
13150500;-2.2127456665039062;
13159500;-2.2750015258789062;
13168500;-2.24493408203125;
13177500;-2.2345199584960937;
13186500;-2.3340072631835937;
13195500;-2.3476333618164062;
13204500;-2.3420333862304687;
13213500;-2.2134323120117187;
13222500;-2.21624755859375;
13231500;-2.0502395629882813;
13240500;-2.2219390869140625;
13249500;-2.295562744140625;
13258500;-2.3248291015625;
13267500;-2.1905288696289062;
13276500;-2.3176651000976562;
13285500;-2.2730331420898437;
13294500;-2.5737991333007813;
13303500;-2.506195068359375;
13312500;-2.2481231689453125;
13321500;-2.101776123046875;
13330500;-1.852325439453125;
13339500;-1.8904876708984375;
13348500;-2.0559616088867187;
13357500;-2.149993896484375;
13366500;-2.3057708740234375;
13375500;-2.1557159423828125;
13384500;-2.3391647338867187;
13393500;-2.1849441528320313;
13402500;-2.1534347534179687;
13411500;-2.1321258544921875;
13420500;-1.975433349609375;
13429500;-2.1751327514648437;
13438500;-2.1098175048828125;
13447500;-1.952301025390625;
13456500;-1.7932891845703125;
13465500;-1.8001022338867187;
13474500;-2.0155181884765625;
13483500;-1.8013381958007813;
13492500;-1.8142013549804687;
13501500;-1.736785888671875;
13510500;-1.7132339477539062;
13519500;-1.9269866943359375;
13528500;-1.8544235229492187;
13537500;-1.8566207885742187;
13546500;-1.826904296875;
13555500;-1.748565673828125;
13564500;-1.8823089599609375;
13573500;-1.9331741333007813;
13582500;-1.842315673828125;
13591500;-1.8060150146484375;
13600500;-1.5502166748046875;
13609500;-1.8001708984375;
13618500;-1.7842636108398437;
13627500;-1.746368408203125;
13636500;-1.6171340942382812;
13645500;-1.542938232421875;
13654500;-1.512847900390625;
13663500;-1.29827880859375;
13672500;-1.4794540405273438;
13681500;-1.2906570434570313;
13690500;-1.3966140747070312;
13699500;-1.6817474365234375;
13708500;-1.6595535278320312;
13717500;-1.4105377197265625;
13726500;-1.3452835083007813;
13735500;-1.455108642578125;
13744500;-1.4478073120117187;
13753500;-1.4376983642578125;
13762500;-1.3819427490234375;
13771500;-1.5489883422851563;
13780500;-1.4444198608398437;
13789500;-1.4157943725585937;
13798500;-1.294769287109375;
13807500;-1.4356155395507813;
13816500;-1.3541641235351563;
13825500;-1.3110885620117187;
13834500;-1.5157699584960938;
13843500;-1.209686279296875;
13852500;-1.3804931640625;
13861500;-1.3380813598632813;
13870500;-1.3371429443359375;
13879500;-1.1558609008789062;
13888500;-1.0448379516601562;
13897500;-1.1890487670898437;
13906500;-1.2176742553710937;
13915500;-1.0589141845703125;
13924500;-1.20355224609375;
13933500;-1.2903213500976563;
13942500;-1.4345016479492187;
13951500;-1.301605224609375;
13960500;-1.3460693359375;
13969500;-1.3166122436523437;
13978500;-1.1563339233398437;
13987500;-1.1365585327148437;
13996500;-1.0322799682617187;
14005500;-1.2499542236328125;
14014500;-1.2261123657226562;
14023500;-1.124725341796875;
14032500;-1.455108642578125;
14041500;-1.2320709228515625;
14050500;-1.2456588745117187;
14059500;-1.2802352905273437;
14068500;-1.0024032592773437;
14077500;-1.0740127563476562;
14086500;-1.151580810546875;
14095500;-1.1052398681640625;
14104500;-1.2525177001953125;
14113500;-1.17388916015625;
14122500;-1.26519775390625;
14131500;-1.1915283203125;
14140500;-1.215301513671875;
14149500;-1.0675735473632812;
14158500;-1.2791061401367188;
14167500;-1.3249282836914062;
14176500;-1.2926483154296875;
14185500;-1.4579238891601563;
14194500;-1.2993011474609375;
14203500;-1.1113662719726562;
14212500;-1.0393753051757812;
14221500;-1.1194534301757812;
14230500;-1.4827423095703125;
14239500;-1.3010025024414063;
14248500;-1.1821212768554687;
14257500;-1.2280960083007812;
14266500;-1.2814865112304687;
14275500;-1.259033203125;
14284500;-1.26611328125;
14293500;-1.3765182495117187;
14302500;-1.347381591796875;
14311500;-1.326873779296875;
14320500;-1.1747665405273437;
14329500;-1.1605453491210937;
14338500;-1.20916748046875;
14347500;-1.365966796875;
14356500;-1.2670059204101563;
14365500;-1.5621337890625;
14374500;-1.4089508056640625;
14383500;-1.43389892578125;
14392500;-1.23309326171875;
14401500;-1.2409515380859375;
14410500;-1.4348907470703125;
14419500;-1.4401397705078125;
14428500;-1.4100723266601562;
14437500;-1.327728271484375;
14446500;-1.2563629150390625;
14455500;-1.5074539184570313;
14464500;-1.2949142456054687;
14473500;-1.1725311279296875;
14482500;-1.2465438842773437;
14491500;-1.5504302978515625;
14500500;-1.570648193359375;
14509500;-1.5072555541992187;
14518500;-1.3578338623046875;
14527500;-1.3918380737304687;
14536500;-1.4164657592773437;
14545500;-1.4241180419921875;
14554500;-1.3324432373046875;
14563500;-1.4930877685546875;
14572500;-1.4183578491210937;
14581500;-1.3997421264648437;
14590500;-1.3843231201171875;
14599500;-1.3878250122070313;
14608500;-1.2023696899414063;
14617500;-1.2969131469726563;
14626500;-1.5624542236328125;
14635500;-1.3809661865234375;
14644500;-1.3977584838867187;
14653500;-1.3448257446289063;
14662500;-1.48663330078125;
14671500;-1.3468399047851563;
14680500;-1.3098602294921875;
14689500;-1.5485458374023437;
14698500;-1.481170654296875;
14707500;-1.5072784423828125;
14716500;-1.3334274291992188;
14725500;-1.3240509033203125;
14734500;-1.44403076171875;
14743500;-1.4495315551757813;
14752500;-1.4941635131835937;
14761500;-1.5760269165039063;
14770500;-1.3575592041015625;
14779500;-1.32598876953125;
14788500;-1.5915374755859375;
14797500;-1.4171371459960937;
14806500;-1.3952255249023438;
14815500;-1.3332595825195313;
14824500;-1.314605712890625;
14833500;-1.4551620483398437;
14842500;-1.4714584350585937;
14851500;-1.3527069091796875;
14860500;-1.4559249877929687;
14869500;-1.4726409912109375;
14878500;-1.3791046142578125;
14887500;-1.4969100952148437;
14896500;-1.252685546875;
14905500;-1.332122802734375;
14914500;-1.118804931640625;
14923500;-1.3189620971679687;
14932500;-1.4774322509765625;
14941500;-1.313995361328125;
14950500;-1.0861663818359375;
14959500;-1.2165985107421875;
14968500;-1.4715728759765625;
14977500;-1.3081436157226562;
14986500;-1.297515869140625;
14995500;-1.472442626953125;
15004500;-1.225738525390625;
15013500;-1.092193603515625;
15022500;-1.4609451293945313;
15031500;-1.5692520141601563;
15040500;-1.60406494140625;
15049500;-1.3965911865234375;
15058500;-1.4172210693359375;
15067500;-1.3891830444335937;
15076500;-1.4384613037109375;
15085500;-1.339813232421875;
15094500;-1.20147705078125;
15103500;-1.4056167602539062;
15112500;-1.409210205078125;
15121500;-1.29046630859375;
15130500;-1.2245635986328125;
15139500;-1.1699447631835937;
15148500;-1.444854736328125;
15157500;-1.3091278076171875;
15166500;-1.4720916748046875;
15175500;-1.477447509765625;
15184500;-1.450103759765625;
15193500;-1.3570938110351562;
15202500;-1.2083282470703125;
15211500;-1.2829513549804687;
15220500;-1.4683456420898437;
15229500;-1.3231353759765625;
15238500;-1.3299713134765625;
15247500;-1.3847808837890625;
15256500;-1.2682113647460937;
15265500;-1.138671875;
15274500;-1.193603515625;
15283500;-1.3824081420898438;
15292500;-1.3860931396484375;
15301500;-1.1546096801757813;
15310500;-1.2073516845703125;
15319500;-1.45233154296875;
15328500;-1.5709228515625;
15337500;-1.490509033203125;
15346500;-1.094940185546875;
15355500;-0.985198974609375;
15364500;-0.5594329833984375;
15373500;-1.0737075805664062;
15382500;-1.1062850952148437;
15391500;-1.152862548828125;
15400500;-1.5091323852539063;
15409500;-1.329315185546875;
15418500;-1.4180755615234375;
15427500;-1.348968505859375;
15436500;-1.4567108154296875;
15445500;-0.97586822509765625;
15454500;-0.6988067626953125;
15463500;-1.1245346069335937;
15472500;-1.2896041870117187;
15481500;-1.2997512817382812;
15490500;-1.326080322265625;
15499500;-1.4749908447265625;
15508500;-1.3538818359375;
15517500;-1.0820083618164062;
15526500;-1.156585693359375;
15535500;-0.82987213134765625;
15544500;-1.0560073852539062;
15553500;-1.426605224609375;
15562500;-1.4197769165039063;
15571500;-1.10833740234375;
15580500;-1.398193359375;
15589500;-1.465118408203125;
15598500;-1.436492919921875;
15607500;-1.3967208862304687;
15616500;-1.0787887573242187;
15625500;-1.2244110107421875;
15634500;-1.4064865112304687;
15643500;-1.4567337036132812;
15652500;-1.3662643432617187;
15661500;-1.2931060791015625;
15670500;-1.4711227416992187;
15679500;-1.3941497802734375;
15688500;-1.5651473999023437;
15697500;-1.6632080078125;
15706500;-1.5932235717773437;
15715500;-1.2649612426757812;
15724500;-1.3724136352539063;
15733500;-1.22674560546875;
15742500;-1.35015869140625;
15751500;-1.3669281005859375;
15760500;-1.4128875732421875;
15769500;-1.5199356079101562;
15778500;-1.399261474609375;
15787500;-1.5495834350585937;
15796500;-1.5481109619140625;
15805500;-1.3020553588867187;
15814500;-1.3951416015625;
15823500;-1.518157958984375;
15832500;-1.3327789306640625;
15841500;-1.560302734375;
15850500;-1.3445663452148438;
15859500;-1.5288543701171875;
15868500;-1.251617431640625;
15877500;-1.500701904296875;
15886500;-1.51898193359375;
15895500;-1.2410736083984375;
15904500;-1.2977752685546875;
15913500;-1.3140106201171875;
15922500;-1.570098876953125;
15931500;-1.562286376953125;
15940500;-1.483489990234375;
15949500;-1.5694732666015625;
15958500;-1.548858642578125;
15967500;-1.6529922485351562;
15976500;-1.6068344116210937;
15985500;-1.3382110595703125;
15994500;-1.4651947021484375;
16003500;-1.7089767456054687;
16012500;-1.4529953002929687;
16021500;-1.5360794067382812;
16030500;-1.5828704833984375;
16039500;-1.5916748046875;
16048500;-1.286895751953125;
16057500;-1.3604888916015625;
16066500;-1.394317626953125;
16075500;-1.64990234375;
16084500;-1.5775527954101563;
16093500;-1.7157440185546875;
16102500;-1.5738296508789063;
16111500;-1.2493057250976562;
16120500;-1.23583984375;
16129500;-1.5064697265625;
16138500;-1.5652084350585938;
16147500;-1.4746017456054687;
16156500;-1.567718505859375;
16165500;-1.220001220703125;
16174500;-1.3136138916015625;
16183500;-1.4542007446289063;
16192500;-1.5400390625;
16201500;-1.5821914672851562;
16210500;-1.60162353515625;
16219500;-1.4586105346679687;
16228500;-1.5932464599609375;
16237500;-1.5626907348632813;
16246500;-1.5211639404296875;
16255500;-1.688018798828125;
16264500;-1.5564041137695312;
16273500;-1.402862548828125;
16282500;-1.3224334716796875;
16291500;-1.5736846923828125;
16300500;-1.6367111206054687;
16309500;-1.5467147827148437;
16318500;-1.465576171875;
16327500;-1.55841064453125;
16336500;-1.5106353759765625;
16345500;-1.4321670532226562;
16354500;-1.4843215942382813;
16363500;-1.6274566650390625;
16372500;-1.5653152465820313;
16381500;-1.5248641967773437;
16390500;-1.27972412109375;
16399500;-1.4193038940429687;
16408500;-1.3358840942382812;
16417500;-1.5800628662109375;
16426500;-1.4203643798828125;
16435500;-1.5186614990234375;
16444500;-1.6682510375976562;
16453500;-1.6279144287109375;
16462500;-1.5623703002929687;
16471500;-1.571990966796875;
16480500;-1.1614990234375;
16489500;-1.3816375732421875;
16498500;-1.3719406127929687;
16507500;-1.580535888671875;
16516500;-1.3253555297851562;
16525500;-1.420623779296875;
16534500;-1.4696807861328125;
16543500;-1.1561126708984375;
16552500;-1.2375106811523437;
16561500;-1.33599853515625;
16570500;-1.6116104125976562;
16579500;-1.6987457275390625;
16588500;-1.409423828125;
16597500;-1.6868667602539062;
16606500;-1.2392120361328125;
16615500;-1.5204544067382813;
16624500;-1.3066635131835937;
16633500;-1.48748779296875;
16642500;-1.7238388061523437;
16651500;-1.56768798828125;
16660500;-1.6215362548828125;
16669500;-1.7919235229492187;
16678500;-1.5781326293945313;
16687500;-1.3687896728515625;
16696500;-1.2839279174804687;
16705500;-1.5352325439453125;
16714500;-1.2527618408203125;
16723500;-1.43463134765625;
16732500;-1.7161941528320313;
16741500;-1.6407546997070312;
16750500;-1.5798873901367187;
16759500;-1.6772384643554687;
16768500;-1.60040283203125;
16777500;-1.652313232421875;
16786500;-1.7259445190429687;
16795500;-1.8448257446289063;
16804500;-1.5363388061523437;
16813500;-1.5875015258789062;
16822500;-1.5299835205078125;
16831500;-1.505889892578125;
16840500;-1.55523681640625;
16849500;-1.7710494995117188;
16858500;-1.618988037109375;
16867500;-1.571441650390625;
16876500;-1.5532608032226563;
16885500;-1.718597412109375;
16894500;-1.7003555297851563;
16903500;-1.7748336791992187;
16912500;-1.72137451171875;
16921500;-1.5267868041992187;
16930500;-1.6699295043945312;
16939500;-1.6967010498046875;
16948500;-1.6093215942382812;
16957500;-1.6548233032226562;
16966500;-1.6220474243164063;
16975500;-1.5135955810546875;
16984500;-1.6640548706054687;
16993500;-1.7555084228515625;
17002500;-1.68658447265625;
17011500;-1.768707275390625;
17020500;-1.5933609008789063;
17029500;-1.289703369140625;
17038500;-1.5560226440429687;
17047500;-1.6626663208007813;
17056500;-1.7386474609375;
17065500;-1.5784225463867187;
17074500;-1.7440261840820313;
17083500;-1.7755584716796875;
17092500;-1.6374282836914062;
17101500;-1.679779052734375;
17110500;-1.7956466674804687;
17119500;-1.5769729614257812;
17128500;-1.6828689575195312;
17137500;-1.6487884521484375;
17146500;-1.633026123046875;
17155500;-1.5063323974609375;
17164500;-1.7479171752929687;
17173500;-1.6839523315429687;
17182500;-1.638275146484375;
17191500;-1.6819076538085937;
17200500;-1.7775955200195313;
17209500;-1.7249984741210937;
17218500;-1.5281143188476563;
17227500;-1.7727813720703125;
17236500;-2.0002288818359375;
17245500;-1.7284774780273438;
17254500;-1.8223495483398437;
17263500;-1.7197036743164063;
17272500;-1.782257080078125;
17281500;-1.7969741821289063;
17290500;-1.76654052734375;
17299500;-1.6927490234375;
17308500;-1.7547836303710937;
17317500;-1.8473663330078125;
17326500;-1.7323760986328125;
17335500;-1.8048248291015625;
17344500;-2.0186767578125;
17353500;-1.8950424194335937;
17362500;-1.6798553466796875;
17371500;-1.8028717041015625;
17380500;-1.825836181640625;
17389500;-1.9863967895507812;
17398500;-2.110198974609375;
17407500;-2.0101547241210938;
17416500;-1.9377975463867187;
17425500;-1.8379898071289063;
17434500;-1.9101181030273437;
17443500;-1.9673995971679687;
17452500;-1.9362106323242187;
17461500;-1.951690673828125;
17470500;-2.038818359375;
17479500;-1.8958206176757813;
17488500;-1.9869308471679687;
17497500;-1.9177703857421875;
17506500;-1.9302139282226562;
17515500;-1.8973236083984375;
17524500;-1.7430038452148437;
17533500;-2.107452392578125;
17542500;-1.934478759765625;
17551500;-2.0423049926757813;
17560500;-2.1497726440429687;
17569500;-1.8601303100585937;
17578500;-2.0575180053710937;
17587500;-2.1907424926757813;
17596500;-2.3332595825195313;
17605500;-1.9395980834960937;
17614500;-2.1318206787109375;
17623500;-1.876739501953125;
17632500;-1.8674774169921875;
17641500;-1.9979476928710938;
17650500;-2.1042633056640625;
17659500;-1.9664382934570313;
17668500;-1.857666015625;
17677500;-1.9171600341796875;
17686500;-2.015167236328125;
17695500;-2.2117996215820313;
17704500;-2.0986099243164062;
17713500;-2.1371536254882812;
17722500;-1.9630966186523437;
17731500;-1.9218902587890625;
17740500;-1.8977890014648437;
17749500;-1.9402923583984375;
17758500;-1.9109649658203125;
17767500;-2.0442428588867187;
17776500;-1.9498062133789063;
17785500;-2.054046630859375;
17794500;-2.0152816772460937;
17803500;-1.8015823364257812;
17812500;-2.043792724609375;
17821500;-2.08489990234375;
17830500;-1.9669189453125;
17839500;-1.9466094970703125;
17848500;-2.038543701171875;
17857500;-2.255340576171875;
17866500;-2.1291427612304687;
17875500;-2.1073379516601562;
17884500;-1.7801742553710937;
17893500;-1.8651275634765625;
17902500;-2.2500152587890625;
17911500;-1.958099365234375;
17920500;-2.0994415283203125;
17929500;-2.1020278930664062;
17938500;-1.9589004516601562;
17947500;-2.1588516235351562;
17956500;-2.0831069946289062;
17965500;-2.054473876953125;
17974500;-1.9436264038085938;
17983500;-2.0374526977539062;
17992500;-2.1087493896484375;
18001500;-1.8172073364257813;
18010500;-2.3029403686523437;
18019500;-1.7876968383789062;
18028500;-1.6906204223632813;
18037500;-2.021453857421875;
18046500;-2.04803466796875;
18055500;-1.8280258178710937;
18064500;-2.0864410400390625;
18073500;-2.208770751953125;
18082500;-2.363006591796875;
18091500;-2.3410186767578125;
18100500;-1.9518203735351563;
18109500;-1.8940048217773437;
18118500;-2.1255645751953125;
18127500;-2.2998733520507813;
18136500;-2.1998443603515625;
18145500;-2.274566650390625;
18154500;-2.0428466796875;
18163500;-2.1996536254882813;
18172500;-2.255584716796875;
18181500;-2.2739486694335937;
18190500;-2.1893157958984375;
18199500;-1.9339218139648437;
18208500;-2.1330490112304687;
18217500;-2.2908477783203125;
18226500;-2.1578521728515625;
18235500;-2.4384536743164062;
18244500;-2.088958740234375;
18253500;-2.1107177734375;
18262500;-2.10260009765625;
18271500;-2.1644058227539062;
18280500;-2.1797714233398437;
18289500;-2.1881256103515625;
18298500;-2.11773681640625;
18307500;-2.3339080810546875;
18316500;-2.2180404663085937;
18325500;-2.2041854858398437;
18334500;-2.2568511962890625;
18343500;-2.3090972900390625;
18352500;-2.2286300659179687;
18361500;-1.8857421875;
18370500;-2.123260498046875;
18379500;-2.1098175048828125;
18388500;-2.1978836059570312;
18397500;-2.33148193359375;
18406500;-2.3358993530273437;
18415500;-2.382843017578125;
18424500;-2.2588043212890625;
18433500;-2.2560272216796875;
18442500;-2.34857177734375;
18451500;-2.468658447265625;
18460500;-2.247772216796875;
18469500;4.3053665161132812;
18478500;-0.39138031005859375;
18487500;-2.4091567993164062;
18496500;-2.37030029296875;
18505500;-2.4573287963867187;
18514500;-2.338958740234375;
18523500;-2.4307708740234375;
18532500;-2.4195632934570312;
18541500;-2.1815643310546875;
18550500;-2.2721023559570313;
18559500;-1.9547271728515625;
18568500;-2.285858154296875;
18577500;-2.215423583984375;
18586500;-2.11383056640625;
18595500;-2.1932601928710938;
18604500;-2.3860702514648437;
18613500;-2.5548553466796875;
18622500;-2.386077880859375;
18631500;-2.503265380859375;
18640500;-2.4416427612304687;
18649500;-1.980499267578125;
18658500;-2.407562255859375;
18667500;-2.4144973754882813;
18676500;-2.5047988891601562;
18685500;-2.5678634643554687;
18694500;-2.1420135498046875;
18703500;-2.2738800048828125;
18712500;-2.5629730224609375;
18721500;-2.4416427612304687;
18730500;-2.4742431640625;
18739500;-2.42120361328125;
18748500;-2.6337738037109375;
18757500;-2.42822265625;
18766500;-2.404327392578125;
18775500;-2.5580062866210938;
18784500;-2.4925537109375;
18793500;-2.6243743896484375;
18802500;-2.4866180419921875;
18811500;-2.3759002685546875;
18820500;-2.55902099609375;
18829500;-2.1558609008789062;
18838500;-2.5261077880859375;
18847500;-2.6928787231445313;
18856500;-2.632232666015625;
18865500;-2.5716094970703125;
18874500;-2.4301528930664062;
18883500;-2.4274139404296875;
18892500;-2.4383697509765625;
18901500;-2.36138916015625;
18910500;-2.4819183349609375;
18919500;-2.5589752197265625;
18928500;-2.6042098999023437;
18937500;-2.446197509765625;
18946500;-2.652587890625;
18955500;-2.8131103515625;
18964500;-2.4929428100585938;
18973500;-2.5417327880859375;
18982500;-2.60638427734375;
18991500;-2.6018829345703125;
19000500;-2.4393081665039062;
19009500;-2.38641357421875;
19018500;-2.4623489379882813;
19027500;-2.5247344970703125;
19036500;-2.7139739990234375;
19045500;-2.5319976806640625;
19054500;-2.6695404052734375;
19063500;-2.8636474609375;
19072500;-2.4274826049804687;
19081500;-2.6199493408203125;
19090500;-2.4899215698242187;
19099500;-2.5760345458984375;
19108500;-2.502044677734375;
19117500;-2.69293212890625;
19126500;-2.4897308349609375;
19135500;-2.579376220703125;
19144500;-2.8297119140625;
19153500;-2.6306686401367187;
19162500;-2.5502777099609375;
19171500;-2.8448104858398438;
19180500;-2.5475540161132813;
19189500;-2.689849853515625;
19198500;-2.6954193115234375;
19207500;-2.7930984497070312;
19216500;-2.7286148071289063;
19225500;-2.8511886596679687;
19234500;-2.867767333984375;
19243500;-2.8578338623046875;
19252500;-2.8826904296875;
19261500;-2.8249130249023437;
19270500;-2.5810546875;
19279500;-2.5824661254882812;
19288500;-2.7411346435546875;
19297500;-2.7158966064453125;
19306500;-2.7182998657226562;
19315500;-2.6051712036132813;
19324500;-2.6768569946289062;
19333500;-2.8997116088867187;
19342500;-2.9469146728515625;
19351500;-2.8938751220703125;
19360500;-2.718963623046875;
19369500;-2.8431777954101562;
19378500;-2.8336334228515625;
19387500;-2.747955322265625;
19396500;-2.7440032958984375;
19405500;-2.8601913452148437;
19414500;-2.8523025512695312;
19423500;-2.9178466796875;
19432500;-2.9225616455078125;
19441500;-2.59375;
19450500;-2.6328201293945312;
19459500;-2.7369003295898437;
19468500;-2.7213973999023437;
19477500;-2.8294525146484375;
19486500;-2.85845947265625;
19495500;-2.875823974609375;
19504500;-2.5661239624023437;
19513500;-2.7674484252929687;
19522500;-2.8798675537109375;
19531500;-2.838653564453125;
19540500;-2.90673828125;
19549500;-2.7808609008789062;
19558500;-2.8534622192382812;
19567500;-2.7237167358398438;
19576500;-2.8673019409179687;
19585500;-2.671966552734375;
19594500;-2.601470947265625;
19603500;-2.7105865478515625;
19612500;-2.7961044311523437;
19621500;-2.6359405517578125;
19630500;-2.7428817749023438;
19639500;-2.7691497802734375;
19648500;-2.9618606567382812;
19657500;-2.7483978271484375;
19666500;-2.9748382568359375;
19675500;-3.0012893676757813;
19684500;-2.7769317626953125;
19693500;-2.7881927490234375;
19702500;-2.8537979125976562;
19711500;-2.4161529541015625;
19720500;-2.6577911376953125;
19729500;-2.9359893798828125;
19738500;-2.9751968383789063;
19747500;-2.861907958984375;
19756500;-2.9437255859375;
19765500;-2.8587875366210937;
19774500;-2.9625167846679687;
19783500;-2.8319778442382813;
19792500;-2.9146194458007813;
19801500;-2.9183731079101562;
19810500;-2.76715087890625;
19819500;-2.6628265380859375;
19828500;-2.648468017578125;
19837500;-2.8644180297851563;
19846500;-2.8439407348632813;
19855500;-2.81134033203125;
19864500;-2.8489456176757812;
19873500;-2.6864395141601562;
19882500;-2.6357955932617187;
19891500;-2.8076629638671875;
19900500;-2.8122787475585937;
19909500;-3.1250152587890625;
19918500;-2.98016357421875;
19927500;-2.8101882934570312;
19936500;-2.833953857421875;
19945500;-2.9986724853515625;
19954500;-2.9517593383789062;
19963500;-2.794586181640625;
19972500;-2.8200225830078125;
19981500;-2.7673492431640625;
19990500;-2.9213027954101562;
19999500;-2.9539031982421875;
20008500;-2.8906631469726563;
20017500;-2.8513565063476562;
20026500;-2.85943603515625;
20035500;-2.6505661010742187;
20044500;-2.8123092651367187;
20053500;-3.0076217651367187;
20062500;-2.8715286254882812;
20071500;-2.7878570556640625;
20080500;-2.9086380004882813;
20089500;-3.0093841552734375;
20098500;-2.9522552490234375;
20107500;-2.6397705078125;
20116500;-2.8300247192382812;
20125500;-2.8818817138671875;
20134500;-2.7327651977539062;
20143500;-2.84490966796875;
20152500;-2.8817977905273438;
20161500;-2.7441864013671875;
20170500;-2.8699111938476563;
20179500;-2.7766265869140625;
20188500;-2.7273941040039063;
20197500;-2.67242431640625;
20206500;-2.91925048828125;
20215500;-2.866119384765625;
20224500;-2.5766448974609375;
20233500;-2.7831573486328125;
20242500;-2.7171249389648437;
20251500;-2.6187973022460937;
20260500;-2.6881866455078125;
20269500;-2.8022537231445312;
20278500;-2.8005599975585938;
20287500;-2.9287872314453125;
20296500;-2.8099746704101562;
20305500;-2.9011688232421875;
20314500;-2.9081192016601562;
20323500;-2.86236572265625;
20332500;-2.6893310546875;
20341500;-2.5452804565429687;
20350500;-2.9947280883789063;
20359500;-3.0910186767578125;
20368500;-2.8677902221679687;
20377500;-2.7321548461914062;
20386500;-2.8441085815429687;
20395500;-2.8681488037109375;
20404500;-2.84552001953125;
20413500;-2.770751953125;
20422500;-2.7758026123046875;
20431500;-2.8520889282226562;
20440500;-2.6296310424804687;
20449500;-2.8029861450195313;
20458500;-2.852081298828125;
20467500;-2.80718994140625;
20476500;-2.7266082763671875;
20485500;-2.7832870483398437;
20494500;-2.9759445190429687;
20503500;-2.6138687133789063;
20512500;-2.4543075561523437;
20521500;-2.9081344604492187;
20530500;-2.84674072265625;
20539500;-3.1160049438476562;
20548500;-2.905120849609375;
20557500;-2.7842178344726562;
20566500;-2.698638916015625;
20575500;-2.8883819580078125;
20584500;-2.92779541015625;
20593500;-2.8857192993164062;
20602500;-2.843719482421875;
20611500;-3.0084075927734375;
20620500;-2.8058700561523437;
20629500;-3.0760116577148437;
20638500;-2.8115463256835938;
20647500;-2.7696533203125;
20656500;-2.7175979614257813;
20665500;-2.7378616333007812;
20674500;-2.9260940551757812;
20683500;-3.1935501098632813;
20692500;-2.895965576171875;
20701500;-2.7844161987304687;
20710500;-2.8766326904296875;
20719500;-2.9679794311523437;
20728500;-3.0525665283203125;
20737500;-2.902740478515625;
20746500;-2.9486007690429687;
20755500;-2.95709228515625;
20764500;-2.987060546875;
20773500;-3.0957183837890625;
20782500;-3.0122909545898437;
20791500;-2.6808319091796875;
20800500;-2.66357421875;
20809500;-2.7947769165039062;
20818500;-2.9925613403320313;
20827500;-2.9227981567382812;
20836500;-2.9342041015625;
20845500;-2.692352294921875;
20854500;-2.8052597045898437;
20863500;-2.9677505493164062;
20872500;-2.8337173461914062;
20881500;-3.1587295532226562;
20890500;-3.1552352905273438;
20899500;-3.31866455078125;
20908500;-3.1940994262695312;
20917500;-3.1752090454101562;
20926500;-2.78082275390625;
20935500;-2.715057373046875;
20944500;-2.862640380859375;
20953500;-2.90740966796875;
20962500;-2.7801589965820313;
20971500;-2.8436126708984375;
20980500;-2.9818878173828125;
20989500;-3.127532958984375;
20998500;-2.826263427734375;
21007500;-2.76593017578125;
21016500;-2.8050994873046875;
21025500;-3.1380538940429687;
21034500;-2.9997634887695313;
21043500;-2.8958511352539063;
21052500;-2.948638916015625;
21061500;-2.8573226928710938;
21070500;-3.105987548828125;
21079500;-3.0523681640625;
21088500;-3.1700897216796875;
21097500;-3.0186996459960937;
21106500;-3.0935516357421875;
21115500;-3.1767654418945313;
21124500;-3.290557861328125;
21133500;-3.0772552490234375;
21142500;-3.2051620483398437;
21151500;-3.2237701416015625;
21160500;-3.2558975219726562;
21169500;-3.0815658569335937;
21178500;-2.8213348388671875;
21187500;-2.8369064331054687;
21196500;-3.1758651733398437;
21205500;-2.8180160522460938;
21214500;-3.074371337890625;
21223500;-3.064605712890625;
21232500;-2.9818496704101562;
21241500;-3.059722900390625;
21250500;-2.9879837036132813;
21259500;-3.0529556274414062;
21268500;-2.9594955444335937;
21277500;-2.9853286743164062;
21286500;-3.1035308837890625;
21295500;-2.96942138671875;
21304500;-2.89105224609375;
21313500;-2.9250869750976562;
21322500;-3.1673507690429687;
21331500;-3.043975830078125;
21340500;-3.133209228515625;
21349500;-3.0418014526367187;
21358500;-3.0093536376953125;
21367500;-3.0763092041015625;
21376500;-3.035614013671875;
21385500;-3.13775634765625;
21394500;-2.9628143310546875;
21403500;-2.98297119140625;
21412500;-3.1756973266601563;
21421500;-3.1385650634765625;
21430500;-3.075225830078125;
21439500;-2.96728515625;
21448500;-3.0690994262695313;
21457500;-2.9895858764648437;
21466500;-3.1207427978515625;
21475500;-3.0736770629882813;
21484500;-2.755859375;
21493500;-2.8688278198242187;
21502500;-2.9911422729492187;
21511500;-2.8544692993164062;
21520500;-2.8774490356445313;
21529500;-2.906158447265625;
21538500;-2.777099609375;
21547500;-2.9390106201171875;
21556500;-3.07415771484375;
21565500;-3.050445556640625;
21574500;-2.942596435546875;
21583500;-2.9109039306640625;
21592500;-2.7671737670898437;
21601500;-2.8212738037109375;
21610500;-2.8747329711914062;
21619500;-2.8936691284179687;
21628500;-3.0043487548828125;
21637500;-3.0925674438476562;
21646500;-2.9785385131835938;
21655500;-2.933074951171875;
21664500;-2.9038467407226562;
21673500;-3.169097900390625;
21682500;-3.0999298095703125;
21691500;-2.905029296875;
21700500;-3.1084136962890625;
21709500;-3.0240707397460937;
21718500;-3.152740478515625;
21727500;-3.089263916015625;
21736500;-3.042449951171875;
21745500;-2.876190185546875;
21754500;-3.0352554321289062;
21763500;-2.8608245849609375;
21772500;-2.941619873046875;
21781500;-3.16839599609375;
21790500;-3.1382827758789062;
21799500;-3.1467361450195312;
21808500;-3.2054672241210937;
21817500;-3.1640701293945313;
21826500;-2.9977951049804687;
21835500;-2.8810272216796875;
21844500;-2.9036331176757813;
21853500;-3.149749755859375;
21862500;-3.110748291015625;
21871500;-2.9963836669921875;
21880500;-3.1662139892578125;
21889500;-2.9957656860351562;
21898500;-2.8454437255859375;
21907500;-2.74517822265625;
21916500;-2.91046142578125;
21925500;-2.8862686157226562;
21934500;-2.8829345703125;
21943500;-2.9449386596679687;
21952500;-2.9035491943359375;
21961500;-2.9252090454101562;
21970500;-3.151275634765625;
21979500;-3.035430908203125;
21988500;-2.8832626342773438;
21997500;-3.101409912109375;
22006500;-3.0438232421875;
22015500;-2.9815597534179687;
22024500;-3.1316070556640625;
22033500;-3.21014404296875;
22042500;-2.8504791259765625;
22051500;-2.9160003662109375;
22060500;-2.8044815063476562;
22069500;-2.8550338745117187;
22078500;-2.9830703735351562;
22087500;-3.10284423828125;
22096500;-2.839202880859375;
22105500;-2.8968353271484375;
22114500;-3.0012359619140625;
22123500;-3.0175018310546875;
22132500;-2.8934555053710937;
22141500;-2.9317245483398437;
22150500;-3.1137237548828125;
22159500;-3.0124588012695312;
22168500;-2.7592849731445313;
22177500;-2.9053573608398437;
22186500;-2.8157806396484375;
22195500;-2.7614212036132813;
22204500;-3.1071243286132812;
22213500;-3.0220947265625;
22222500;-2.9551315307617187;
22231500;-3.0576858520507812;
22240500;-3.0700149536132813;
22249500;-2.9659881591796875;
22258500;-3.2096405029296875;
22267500;-2.9635162353515625;
22276500;-2.9285049438476563;
22285500;-3.0415802001953125;
22294500;-3.0322723388671875;
22303500;-3.0555419921875;
22312500;-3.0681076049804687;
22321500;-2.7996826171875;
22330500;-3.2914962768554687;
22339500;-3.092681884765625;
22348500;-3.1252288818359375;
22357500;-3.04638671875;
22366500;-3.0577163696289062;
22375500;-2.87567138671875;
22384500;-2.9277114868164062;
22393500;-2.9208450317382813;
22402500;-3.055267333984375;
22411500;-2.8604049682617187;
22420500;-3.0351028442382812;
22429500;-2.8978500366210937;
22438500;-3.0304107666015625;
22447500;-3.1041107177734375;
22456500;-2.77130126953125;
22465500;-2.8541183471679687;
22474500;-2.7722549438476563;
22483500;-3.0011978149414062;
22492500;-2.9971847534179687;
22501500;-2.9298477172851562;
22510500;-2.5910415649414062;
22519500;-3.0549468994140625;
22528500;-3.00634765625;
22537500;-3.045013427734375;
22546500;-2.980682373046875;
22555500;-2.9364013671875;
22564500;-3.0765609741210937;
22573500;-2.9395751953125;
22582500;-3.1540985107421875;
22591500;-3.1350021362304687;
22600500;-3.0474166870117187;
22609500;-2.81732177734375;
22618500;-2.9168701171875;
22627500;-3.19195556640625;
22636500;-3.0582199096679687;
22645500;-3.078948974609375;
22654500;-3.0298309326171875;
22663500;-3.1009292602539063;
22672500;-2.8744277954101562;
22681500;-2.8697128295898437;
22690500;-3.0543365478515625;
22699500;-3.1937103271484375;
22708500;-3.1557159423828125;
22717500;-3.0383758544921875;
22726500;-3.1608200073242187;
22735500;-2.8924407958984375;
22744500;-2.8969268798828125;
22753500;-2.9280242919921875;
22762500;-2.9112548828125;
22771500;-3.0287933349609375;
22780500;-3.1594390869140625;
22789500;-3.2652053833007812;
22798500;-3.119842529296875;
22807500;-2.9726104736328125;
22816500;-3.1393508911132813;
22825500;-3.0476531982421875;
22834500;-2.9205856323242187;
22843500;-3.118988037109375;
22852500;-3.0413665771484375;
22861500;-2.944854736328125;
22870500;-3.2496414184570312;
22879500;-3.08660888671875;
22888500;-2.777069091796875;
22897500;-3.01116943359375;
22906500;-2.9660797119140625;
22915500;-3.053497314453125;
22924500;-3.04351806640625;
22933500;-3.21429443359375;
22942500;-3.1840286254882812;
22951500;-2.9914093017578125;
22960500;-3.1537246704101563;
22969500;-3.114959716796875;
22978500;-3.1066055297851562;
22987500;-3.2032470703125;
22996500;-2.9300460815429687;
23005500;-2.94708251953125;
23014500;-2.968963623046875;
23023500;-3.012481689453125;
23032500;-2.98614501953125;
23041500;-3.073638916015625;
23050500;-3.1066436767578125;
23059500;-3.1316070556640625;
23068500;-3.077880859375;
23077500;-2.8989639282226562;
23086500;-3.1199722290039062;
23095500;-3.057220458984375;
23104500;-2.96405029296875;
23113500;-2.98358154296875;
23122500;-3.11529541015625;
23131500;-3.1616439819335938;
23140500;-3.08990478515625;
23149500;-3.1343917846679687;
23158500;-2.99627685546875;
23167500;-3.1930160522460938;
23176500;-2.92303466796875;
23185500;-2.8673858642578125;
23194500;-3.0251693725585938;
23203500;-3.0231170654296875;
23212500;-2.9664306640625;
23221500;-3.0962448120117187;
23230500;-3.1501007080078125;
23239500;-2.992034912109375;
23248500;-2.9191665649414062;
23257500;-2.7641220092773437;
23266500;-3.0253677368164062;
23275500;-2.9832839965820313;
23284500;-3.1152877807617187;
23293500;-2.995758056640625;
23302500;-2.8627166748046875;
23311500;-2.8892135620117187;
23320500;-2.7650070190429687;
23329500;-2.7828216552734375;
23338500;-2.7975845336914063;
23347500;-2.7954254150390625;
23356500;-2.7640380859375;
23365500;-2.7852096557617187;
23374500;-2.9919815063476563;
23383500;-2.952178955078125;
23392500;-2.8987045288085937;
23401500;-3.005096435546875;
23410500;-2.99383544921875;
23419500;-2.8331069946289062;
23428500;-2.95343017578125;
23437500;-3.128387451171875;
23446500;-2.97869873046875;
23455500;-2.9878005981445312;
23464500;-3.0069198608398438;
23473500;-2.9989395141601562;
23482500;-2.9840927124023437;
23491500;-2.7917633056640625;
23500500;-3.1070404052734375;
23509500;-2.948944091796875;
23518500;-2.9362411499023437;
23527500;-2.7000045776367187;
23536500;-3.111480712890625;
23545500;-3.0327529907226562;
23554500;-2.97906494140625;
23563500;-3.0229034423828125;
23572500;-2.9929656982421875;
23581500;-3.0474700927734375;
23590500;-2.8413772583007813;
23599500;-2.8468399047851562;
23608500;-3.0271987915039062;
23617500;-2.8357696533203125;
23626500;-2.8914031982421875;
23635500;-2.7900314331054687;
23644500;-2.6988677978515625;
23653500;-2.954833984375;
23662500;-2.9759445190429687;
23671500;-2.9631118774414062;
23680500;-2.8807296752929687;
23689500;-2.8998870849609375;
23698500;-3.0650253295898437;
23707500;-3.055999755859375;
23716500;-2.9282684326171875;
23725500;-3.0203094482421875;
23734500;-2.906494140625;
23743500;-3.0301284790039063;
23752500;-2.8330535888671875;
23761500;-2.8783187866210937;
23770500;-2.9886093139648438;
23779500;-2.9469223022460937;
23788500;-2.96710205078125;
23797500;-2.99420166015625;
23806500;-3.0160293579101562;
23815500;-2.7941055297851562;
23824500;-3.111328125;
23833500;-2.9948196411132812;
23842500;-2.782501220703125;
23851500;-2.9566726684570312;
23860500;-3.035003662109375;
23869500;-2.9231414794921875;
23878500;-2.8341751098632813;
23887500;-2.9300155639648438;
23896500;-2.7552719116210937;
23905500;-2.9173965454101562;
23914500;-3.1441116333007813;
23923500;-2.6828689575195312;
23932500;-2.8397216796875;
23941500;-2.74871826171875;
23950500;-2.514556884765625;
23959500;-2.8543701171875;
23968500;-2.5735092163085938;
23977500;-2.584442138671875;
23986500;-2.6065139770507813;
23995500;-1.6227264404296875;
24004500;3.6180801391601562;
24013500;-2.1991043090820312;
24022500;-2.8650665283203125;
24031500;-2.6643905639648437;
24040500;-2.754364013671875;
24049500;-2.8797988891601562;
24058500;-2.7595596313476562;
24067500;-2.6848831176757813;
24076500;-2.9621124267578125;
24085500;-2.67425537109375;
24094500;-2.8121109008789062;
24103500;-2.76434326171875;
24112500;-2.8286895751953125;
24121500;-2.787078857421875;
24130500;-2.8269119262695312;
24139500;-2.773956298828125;
24148500;-2.8860626220703125;
24157500;-2.844818115234375;
24166500;-2.8614730834960937;
24175500;-2.775054931640625;
24184500;-2.7733993530273438;
24193500;-2.7411422729492187;
24202500;-2.7108001708984375;
24211500;-2.8596954345703125;
24220500;-2.7142410278320313;
24229500;-2.660430908203125;
24238500;-2.7881011962890625;
24247500;-2.7855606079101562;
24256500;-2.76397705078125;
24265500;-2.9161605834960937;
24274500;-2.7419509887695313;
24283500;-2.861541748046875;
24292500;-2.80157470703125;
24301500;-2.921630859375;
24310500;-2.8596115112304687;
24319500;-2.7969589233398438;
24328500;-2.9122238159179687;
24337500;-2.7896804809570312;
24346500;-2.7623443603515625;
24355500;-2.6826019287109375;
24364500;-2.804290771484375;
24373500;-3.1025772094726562;
24382500;-2.8657608032226562;
24391500;-2.7951583862304687;
24400500;-2.800628662109375;
24409500;-2.638519287109375;
24418500;-2.6527252197265625;
24427500;-2.7861175537109375;
24436500;-2.7211532592773437;
24445500;-2.777618408203125;
24454500;-2.71832275390625;
24463500;-2.6984100341796875;
24472500;-2.7970428466796875;
24481500;-2.6881256103515625;
24490500;-2.8089141845703125;
24499500;-2.6101913452148438;
24508500;-2.6165924072265625;
24517500;-2.7615890502929687;
24526500;-2.6714706420898438;
24535500;-2.7451095581054687;
24544500;-2.9682846069335937;
24553500;-2.8475723266601562;
24562500;-2.7546157836914062;
24571500;-2.609619140625;
24580500;-2.662200927734375;
24589500;-2.6954498291015625;
24598500;-2.5663909912109375;
24607500;-2.705535888671875;
24616500;-2.9060821533203125;
24625500;-2.9118804931640625;
24634500;-2.9466171264648437;
24643500;-2.8025360107421875;
24652500;-2.6804580688476562;
24661500;-2.77294921875;
24670500;-2.6843338012695313;
24679500;-2.6464614868164062;
24688500;-2.7897872924804687;
24697500;-2.6623153686523438;
24706500;-2.6875457763671875;
24715500;-2.4754714965820313;
24724500;-2.6451568603515625;
24733500;-2.6454391479492187;
24742500;-2.4599456787109375;
24751500;-2.4156112670898437;
24760500;-2.5863418579101562;
24769500;-2.6912994384765625;
24778500;-2.7710113525390625;
24787500;-2.957855224609375;
24796500;-2.707794189453125;
24805500;-2.7862625122070313;
24814500;-2.827972412109375;
24823500;-2.6663970947265625;
24832500;-2.6161270141601562;
24841500;-2.6342010498046875;
24850500;-2.6909332275390625;
24859500;-2.5929336547851562;
24868500;-2.5833282470703125;
24877500;-2.6431808471679687;
24886500;-2.5349655151367187;
24895500;-2.5312423706054687;
24904500;-2.4704208374023437;
24913500;-2.5593109130859375;
24922500;-2.4734115600585938;
24931500;-2.4663619995117187;
24940500;-2.4543228149414062;
24949500;-2.5659713745117187;
24958500;-2.51263427734375;
24967500;-2.5271224975585938;
24976500;-2.450042724609375;
24985500;-2.6376876831054687;
24994500;-2.6506271362304687;
25003500;-2.828887939453125;
25012500;-2.8003768920898437;
25021500;-2.5792236328125;
25030500;-2.4911346435546875;
25039500;-2.651702880859375;
25048500;-2.5220718383789062;
25057500;-2.4413528442382813;
25066500;-2.502685546875;
25075500;-2.350921630859375;
25084500;-2.3326568603515625;
25093500;-2.5196609497070312;
25102500;-2.584136962890625;
25111500;-2.5233917236328125;
25120500;-2.4722824096679687;
25129500;-2.5353012084960937;
25138500;-2.390380859375;
25147500;-2.28277587890625;
25156500;-2.405914306640625;
25165500;-2.4890289306640625;
25174500;-2.3011627197265625;
25183500;-2.5053863525390625;
25192500;-2.2187347412109375;
25201500;-2.5500946044921875;
25210500;-2.5008697509765625;
25219500;-2.4332733154296875;
25228500;-2.5140914916992187;
25237500;-2.3443527221679687;
25246500;-2.4599761962890625;
25255500;-2.7610626220703125;
25264500;-2.4392547607421875;
25273500;-2.3005218505859375;
25282500;-2.3965911865234375;
25291500;-2.2892913818359375;
25300500;-2.45550537109375;
25309500;-2.6242828369140625;
25318500;-2.6125030517578125;
25327500;-2.286529541015625;
25336500;-2.349884033203125;
25345500;-2.493804931640625;
25354500;-2.3094635009765625;
25363500;-2.3972549438476562;
25372500;-2.4037017822265625;
25381500;-2.4524765014648437;
25390500;-2.4243240356445312;
25399500;-2.4990921020507812;
25408500;-2.3932113647460937;
25417500;-2.4182968139648437;
25426500;-2.3022308349609375;
25435500;-2.2754440307617187;
25444500;-2.2811279296875;
25453500;-2.378021240234375;
25462500;-2.3054962158203125;
25471500;-2.2361297607421875;
25480500;-2.4235687255859375;
25489500;-2.054443359375;
25498500;-2.0008697509765625;
25507500;-2.1856536865234375;
25516500;-2.200439453125;
25525500;-2.3984909057617187;
25534500;-2.3530349731445312;
25543500;-2.2435302734375;
25552500;-2.3615493774414062;
25561500;-1.9964523315429687;
25570500;-2.3037109375;
25579500;-2.2689590454101562;
25588500;-2.2519302368164062;
25597500;-2.1608123779296875;
25606500;-2.280364990234375;
25615500;-2.2350234985351562;
25624500;-2.2320938110351562;
25633500;-2.0522613525390625;
25642500;-2.1745223999023437;
25651500;-2.0364532470703125;
25660500;-2.2643585205078125;
25669500;-2.2649993896484375;
25678500;-2.1993942260742187;
25687500;-2.2626190185546875;
25696500;-2.3193435668945312;
25705500;-2.1589889526367187;
25714500;-2.1769561767578125;
25723500;-2.15313720703125;
25732500;-2.20166015625;
25741500;-2.2648162841796875;
25750500;-2.2203903198242187;
25759500;-2.1573715209960937;
25768500;-2.1586227416992187;
25777500;-2.186859130859375;
25786500;-2.1960983276367187;
25795500;-2.2211837768554687;
25804500;-2.1399002075195312;
25813500;-2.194122314453125;
25822500;-2.1447830200195312;
25831500;-2.2003402709960937;
25840500;-2.2896041870117187;
25849500;-2.17266845703125;
25858500;-2.2842788696289062;
25867500;-2.164459228515625;
25876500;-2.3039932250976562;
25885500;-2.0644378662109375;
25894500;-2.127410888671875;
25903500;-2.071014404296875;
25912500;-2.30780029296875;
25921500;-2.13873291015625;
25930500;-2.0539932250976562;
25939500;-1.94384765625;
25948500;-2.0297775268554687;
25957500;-2.0658187866210937;
25966500;-2.0761032104492187;
25975500;-1.9674530029296875;
25984500;-2.0230331420898437;
25993500;-1.9096450805664062;
26002500;-2.0628738403320313;
26011500;-2.2166824340820313;
26020500;-2.3535842895507813;
26029500;-2.2170944213867187;
26038500;-2.230987548828125;
26047500;-2.2403030395507812;
26056500;-2.1429595947265625;
26065500;-2.0728607177734375;
26074500;-1.9668807983398437;
26083500;-2.1976547241210937;
26092500;-2.1716461181640625;
26101500;-2.1687774658203125;
26110500;-2.1451797485351562;
26119500;-2.0124588012695312;
26128500;-2.0502700805664062;
26137500;-2.1324920654296875;
26146500;-2.1250991821289062;
26155500;-2.1091537475585937;
26164500;-2.3550033569335938;
26173500;-2.2890853881835938;
26182500;-2.2438278198242187;
26191500;-2.2133331298828125;
26200500;-2.0518341064453125;
26209500;-2.1210098266601562;
26218500;-2.0861282348632813;
26227500;-2.2480850219726562;
26236500;-2.1690139770507812;
26245500;-2.1122589111328125;
26254500;-2.186004638671875;
26263500;-1.9878387451171875;
26272500;-2.3359527587890625;
26281500;-2.2080841064453125;
26290500;-2.2788467407226562;
26299500;-2.323577880859375;
26308500;-2.2853164672851562;
26317500;-2.0821762084960938;
26326500;-2.194549560546875;
26335500;-2.1321945190429687;
26344500;-1.8854751586914063;
26353500;-1.9773941040039062;
26362500;-2.1568450927734375;
26371500;-2.266693115234375;
26380500;-2.0287246704101562;
26389500;-2.085235595703125;
26398500;-2.1592788696289062;
26407500;-2.27081298828125;
26416500;-2.1619033813476562;
26425500;-2.1727142333984375;
26434500;-1.7787857055664063;
26443500;-1.9911346435546875;
26452500;-2.1251602172851562;
26461500;-2.0927200317382812;
26470500;-1.9308242797851562;
26479500;-2.0608596801757812;
26488500;-2.0904617309570312;
26497500;-2.0287704467773438;
26506500;-1.9667739868164063;
26515500;-1.9885482788085937;
26524500;-2.2620162963867187;
26533500;-2.2771682739257813;
26542500;-1.958038330078125;
26551500;-2.1085281372070313;
26560500;-1.9202041625976563;
26569500;-2.1472549438476562;
26578500;-2.2032012939453125;
26587500;-2.048980712890625;
26596500;-2.2276763916015625;
26605500;-2.0814437866210937;
26614500;-2.0048370361328125;
26623500;-2.0643539428710937;
26632500;-2.0388412475585938;
26641500;-1.9685134887695312;
26650500;-2.2100067138671875;
26659500;-2.0611343383789062;
26668500;-1.8986358642578125;
26677500;-2.0469894409179687;
26686500;-2.1539459228515625;
26695500;-1.8835067749023438;
26704500;-1.9909515380859375;
26713500;-1.8281631469726562;
26722500;-2.0416259765625;
26731500;-2.0860061645507812;
26740500;-2.1976089477539062;
26749500;-2.057373046875;
26758500;-1.7957992553710937;
26767500;-1.8527679443359375;
26776500;-1.803466796875;
26785500;-1.8229293823242188;
26794500;-1.9482345581054687;
26803500;-2.0251846313476562;
26812500;-2.0306015014648438;
26821500;-1.99578857421875;
26830500;-2.06005859375;
26839500;-1.9061279296875;
26848500;-1.9184417724609375;
26857500;-2.0906829833984375;
26866500;-2.1545486450195312;
26875500;-1.9248046875;
26884500;-1.9036865234375;
26893500;-2.2452163696289062;
26902500;-2.04754638671875;
26911500;-1.7247543334960937;
26920500;-1.8707351684570312;
26929500;-1.968963623046875;
26938500;-2.1076583862304687;
26947500;-1.7997055053710937;
26956500;-1.93603515625;
26965500;-1.849365234375;
26974500;-1.82745361328125;
26983500;-1.81903076171875;
26992500;-1.8697280883789063;
27001500;-1.6369476318359375;
27010500;-1.9074935913085937;
27019500;-1.9420013427734375;
27028500;-1.9624099731445312;
27037500;-1.923095703125;
27046500;-2.0223541259765625;
27055500;-2.0406341552734375;
27064500;-2.0803451538085938;
27073500;-1.8982315063476563;
27082500;-1.9558639526367187;
27091500;-2.025146484375;
27100500;-1.9646682739257813;
27109500;-1.9432754516601563;
27118500;-2.1181716918945313;
27127500;-2.0397796630859375;
27136500;-2.0657577514648437;
27145500;-2.3009490966796875;
27154500;-2.142822265625;
27163500;-2.1221084594726562;
27172500;-1.992279052734375;
27181500;-1.97308349609375;
27190500;-2.1068267822265625;
27199500;-1.97442626953125;
27208500;-2.0466156005859375;
27217500;-2.0615615844726562;
27226500;-2.15130615234375;
27235500;-2.2637786865234375;
27244500;-2.1521987915039062;
27253500;-1.9268264770507813;
27262500;-2.0449981689453125;
27271500;-1.9025650024414063;
27280500;-2.0235137939453125;
27289500;-2.165283203125;
27298500;-2.1820526123046875;
27307500;-2.0516128540039062;
27316500;-2.2096786499023437;
27325500;-2.0925979614257812;
27334500;-2.0579833984375;
27343500;-1.8885269165039063;
27352500;-1.6951370239257813;
27361500;-2.0762176513671875;
27370500;-2.0483779907226562;
27379500;-2.05426025390625;
27388500;-2.0280990600585937;
27397500;-2.2615737915039062;
27406500;-2.2449874877929687;
27415500;-2.2963790893554687;
27424500;-2.0145339965820313;
27433500;-2.19873046875;
27442500;-2.0020904541015625;
27451500;-2.0338211059570312;
27460500;-1.975250244140625;
27469500;-2.137725830078125;
27478500;-2.0752410888671875;
27487500;-2.0804977416992187;
27496500;-2.1519699096679687;
27505500;-2.0185394287109375;
27514500;-2.0109634399414062;
27523500;-2.2644577026367187;
27532500;-2.0558700561523437;
27541500;-2.127532958984375;
27550500;-2.2189788818359375;
27559500;-2.2011947631835938;
27568500;-2.210662841796875;
27577500;-2.2254409790039062;
27586500;-2.2868499755859375;
27595500;-2.1728515625;
27604500;-2.0743255615234375;
27613500;-2.4515914916992187;
27622500;-2.184906005859375;
27631500;-2.2470474243164062;
27640500;-2.1009521484375;
27649500;-2.2060317993164062;
27658500;-2.1215667724609375;
27667500;-2.3956069946289062;
27676500;-2.2823104858398437;
27685500;-2.2599945068359375;
27694500;-2.3228073120117187;
27703500;-2.2616958618164062;
27712500;-2.0297698974609375;
27721500;-2.1679840087890625;
27730500;-2.4548873901367187;
27739500;-2.4618988037109375;
27748500;-2.194366455078125;
27757500;-2.1394729614257813;
27766500;-2.2105331420898437;
27775500;-2.3075485229492187;
27784500;-2.208740234375;
27793500;-2.0962677001953125;
27802500;-2.0561294555664062;
27811500;-2.2016220092773437;
27820500;-2.236053466796875;
27829500;-2.419036865234375;
27838500;-2.1971588134765625;
27847500;-2.2701568603515625;
27856500;-2.3371124267578125;
27865500;-2.1077194213867187;
27874500;-2.130889892578125;
27883500;-2.0325393676757813;
27892500;-2.147857666015625;
27901500;-2.26763916015625;
27910500;-2.2387466430664062;
27919500;-2.1319351196289062;
27928500;-2.2808380126953125;
27937500;-2.3427886962890625;
27946500;-2.258331298828125;
27955500;-2.278076171875;
27964500;-2.2855300903320313;
27973500;-2.2887649536132813;
27982500;-2.3165740966796875;
27991500;-2.39349365234375;
28000500;-2.3539047241210937;
28009500;-2.3948211669921875;
28018500;-2.3509063720703125;
28027500;-2.2870635986328125;
28036500;-2.5383758544921875;
28045500;-2.2294464111328125;
28054500;-2.22076416015625;
28063500;-2.3842010498046875;
28072500;-2.3967132568359375;
28081500;-2.4070968627929687;
28090500;-2.3190841674804687;
28099500;-2.4025039672851562;
28108500;-2.5335617065429687;
28117500;-2.456085205078125;
28126500;-2.2617721557617187;
28135500;-2.2300186157226562;
28144500;-2.5289535522460938;
28153500;-2.2051620483398438;
28162500;-2.318145751953125;
28171500;-2.1513748168945313;
28180500;-2.1122055053710937;
28189500;-2.2985000610351562;
28198500;-2.4053192138671875;
28207500;-2.2588958740234375;
28216500;-2.3156051635742187;
28225500;-2.5677947998046875;
28234500;-2.6571807861328125;
28243500;-2.463348388671875;
28252500;-2.2579193115234375;
28261500;-2.3759994506835937;
28270500;-2.533111572265625;
28279500;-2.5456085205078125;
28288500;-2.5338668823242187;
28297500;-2.546722412109375;
28306500;-2.4168319702148437;
28315500;-2.3841094970703125;
28324500;-2.4190444946289062;
28333500;-2.5432815551757813;
28342500;-2.4083938598632813;
28351500;-2.553253173828125;
28360500;-2.3416061401367187;
28369500;-2.5088119506835938;
28378500;-2.3261032104492187;
28387500;-2.3424530029296875;
28396500;-2.4525680541992187;
28405500;-2.3545303344726562;
28414500;-2.339996337890625;
28423500;-2.336212158203125;
28432500;-2.3011474609375;
28441500;-2.4157257080078125;
28450500;-2.5957565307617187;
28459500;-2.4729156494140625;
28468500;-2.7775497436523437;
28477500;-2.546539306640625;
28486500;-2.41455078125;
28495500;-2.501251220703125;
28504500;-2.4436798095703125;
28513500;-2.5236053466796875;
28522500;-2.3914108276367187;
28531500;-2.5732421875;
28540500;-2.7148056030273438;
28549500;-2.3810882568359375;
28558500;-2.2998046875;
28567500;-2.4124984741210937;
28576500;-2.367279052734375;
28585500;-2.5990524291992187;
28594500;-2.556854248046875;
28603500;-2.685089111328125;
28612500;-2.5527496337890625;
28621500;-2.681060791015625;
28630500;-2.735931396484375;
28639500;-2.7696685791015625;
28648500;-2.6716156005859375;
28657500;-2.6849517822265625;
28666500;-2.5518951416015625;
28675500;-2.724700927734375;
28684500;-2.5461273193359375;
28693500;-2.4706268310546875;
28702500;-2.5731735229492187;
28711500;-2.59588623046875;
28720500;-2.4212188720703125;
28729500;-2.4875869750976562;
28738500;-2.3526229858398437;
28747500;-2.7286758422851562;
28756500;-2.5491256713867187;
28765500;-2.4701690673828125;
28774500;-2.6532211303710938;
28783500;-2.6908721923828125;
28792500;-2.547698974609375;
28801500;-2.7287979125976562;
28810500;-2.734588623046875;
28819500;-2.6558837890625;
28828500;-2.7701416015625;
28837500;-2.6055221557617187;
28846500;-2.5660247802734375;
28855500;-2.622802734375;
28864500;-2.5291900634765625;
28873500;-2.658966064453125;
28882500;-2.8794097900390625;
28891500;-2.6115036010742187;
28900500;-2.4500732421875;
28909500;-2.7378158569335937;
28918500;-2.933349609375;
28927500;-2.6442642211914062;
28936500;-2.6776275634765625;
28945500;-2.791168212890625;
28954500;-2.57537841796875;
28963500;-2.67327880859375;
28972500;-2.760955810546875;
28981500;-2.5958099365234375;
28990500;-2.6256484985351562;
28999500;-2.7221832275390625;
29008500;-2.8241348266601563;
29017500;-2.740814208984375;
29026500;-2.902587890625;
29035500;-2.6300811767578125;
29044500;-2.6807708740234375;
29053500;-2.7758941650390625;
29062500;-2.756591796875;
29071500;-2.948974609375;
29080500;-2.9511871337890625;
29089500;-2.8344192504882813;
29098500;-2.7574691772460937;
29107500;-2.6298370361328125;
29116500;-2.6622238159179687;
29125500;-2.65814208984375;
29134500;-2.6953811645507812;
29143500;-2.8097991943359375;
29152500;-2.87530517578125;
29161500;-2.71429443359375;
29170500;-2.7894515991210937;
29179500;-2.7790679931640625;
29188500;-2.815673828125;
29197500;-2.8175582885742187;
29206500;-2.7823104858398438;
29215500;-2.8227615356445313;
29224500;-2.7513351440429687;
29233500;-2.7026901245117187;
29242500;-2.75299072265625;
29251500;-2.7974777221679687;
29260500;-2.9457244873046875;
29269500;-2.8729705810546875;
29278500;-2.839111328125;
29287500;-2.9212265014648437;
29296500;-2.8689727783203125;
29305500;-2.8651809692382813;
29314500;-2.8326034545898438;
29323500;-2.7396469116210937;
29332500;-2.5664901733398438;
29341500;-2.7513351440429687;
29350500;-2.8698577880859375;
29359500;-2.896728515625;
29368500;-2.8686981201171875;
29377500;-3.1125564575195312;
29386500;-2.7408294677734375;
29395500;-2.8030624389648438;
29404500;-2.7267532348632813;
29413500;-2.79058837890625;
29422500;-2.7218780517578125;
29431500;-2.696136474609375;
29440500;-2.8255996704101562;
29449500;-2.8478927612304687;
29458500;-2.9046478271484375;
29467500;-2.8435211181640625;
29476500;-2.8146209716796875;
29485500;-3.0435104370117187;
29494500;-2.9899749755859375;
29503500;-2.8806991577148437;
29512500;-3.0086669921875;
29521500;-2.9901046752929687;
29530500;-3.0438385009765625;
29539500;-2.8739013671875;
29548500;-2.6177444458007813;
29557500;-3.05999755859375;
29566500;-2.9989700317382813;
29575500;-2.8504714965820312;
29584500;-2.8512344360351562;
29593500;-2.9078598022460937;
29602500;-3.0119781494140625;
29611500;-2.9130630493164062;
29620500;-3.0775604248046875;
29629500;-2.9464035034179687;
29638500;-2.8027114868164062;
29647500;-3.14178466796875;
29656500;-3.2310943603515625;
29665500;-2.8297958374023437;
29674500;-3.130706787109375;
29683500;-2.9108734130859375;
29692500;-2.8252105712890625;
29701500;-2.9029922485351562;
29710500;-2.9561004638671875;
29719500;-3.0434646606445313;
29728500;-2.9418258666992187;
29737500;-2.8900222778320313;
29746500;-3.1116256713867187;
29755500;-3.0290069580078125;
29764500;-2.954132080078125;
29773500;-2.91357421875;
29782500;-2.894073486328125;
29791500;-3.0466995239257812;
29800500;-3.0885391235351562;
29809500;-2.9164276123046875;
29818500;-3.0167007446289063;
29827500;-2.949493408203125;
29836500;-2.8387603759765625;
29845500;-2.95770263671875;
29854500;-2.9617462158203125;
29863500;-2.8324966430664062;
29872500;-3.1474151611328125;
29881500;-3.0328292846679687;
29890500;-2.9320068359375;
29899500;-2.9007568359375;
29908500;-3.1193466186523437;
29917500;-2.972930908203125;
29926500;-3.0954666137695312;
29935500;-3.1883468627929687;
29944500;-2.967620849609375;
29953500;-3.2092361450195313;
29962500;-3.3785247802734375;
29971500;-3.0244522094726562;
29980500;-2.9079513549804687;
29989500;-3.2536239624023437;
29998500;-3.0919570922851562;
