Type;FSV-13;
Version;3.70;
Date;14.Mar 24;
Mode;ANALYZER;
Center Freq;15076500.000000;Hz
Freq Offset;0.000000;Hz
Span;29844000.000000;Hz
x-Axis;LIN;
Start;154500.000000;Hz
Stop;29998500.000000;Hz
Ref Level;61.000000;dBµV
Level Offset;0.000000;dB
Ref Position;100.000000;%
y-Axis;LOG;
Level Range;100.000000;dB
Rf Att;0.000000;dB
El Att;0.000000;dB
RBW;9000.000000;Hz
VBW;100000.000000;Hz
SWT;0.100000;s
Trace Mode;AVERAGE;
Detector;RMS;
Sweep Count;0;
Trace 1:;;
x-Unit;Hz;
y-Unit;dBµV;
Preamplifier;OFF;
Transducer;OFF;
Values;3317;
154500;34.435783386230469;
163500;28.828147888183594;
172500;30.954635620117188;
181500;26.335678100585937;
190500;31.336227416992188;
199500;33.52679443359375;
208500;30.982833862304687;
217500;30.287322998046875;
226500;27.094459533691406;
235500;32.431732177734375;
244500;29.624885559082031;
253500;31.472076416015625;
262500;29.717987060546875;
271500;33.198280334472656;
280500;33.623367309570312;
289500;37.609153747558594;
298500;33.389129638671875;
307500;31.687950134277344;
316500;37.684677124023438;
325500;31.752067565917969;
334500;29.00543212890625;
343500;20.726463317871094;
352500;29.232322692871094;
361500;28.114387512207031;
370500;30.206748962402344;
379500;23.418540954589844;
388500;19.596939086914062;
397500;25.442138671875;
406500;27.125740051269531;
415500;25.705718994140625;
424500;22.86749267578125;
433500;22.292877197265625;
442500;22.052230834960938;
451500;25.641059875488281;
460500;21.673652648925781;
469500;19.974128723144531;
478500;21.05218505859375;
487500;24.102890014648438;
496500;23.447502136230469;
505500;18.568229675292969;
514500;17.457534790039062;
523500;19.293159484863281;
532500;21.915969848632812;
541500;17.131591796875;
550500;17.239227294921875;
559500;17.573951721191406;
568500;21.034049987792969;
577500;20.5235595703125;
586500;17.513824462890625;
595500;17.465911865234375;
604500;15.013740539550781;
613500;15.20709228515625;
622500;14.0313720703125;
631500;16.528419494628906;
640500;17.312522888183594;
649500;17.649925231933594;
658500;17.445365905761719;
667500;16.94793701171875;
676500;25.4359130859375;
685500;20.390518188476562;
694500;21.874580383300781;
703500;21.046745300292969;
712500;28.962722778320312;
721500;28.335395812988281;
730500;27.711433410644531;
739500;25.147331237792969;
748500;27.702499389648438;
757500;35.714103698730469;
766500;31.039817810058594;
775500;29.187904357910156;
784500;27.533088684082031;
793500;38.378349304199219;
802500;36.357666015625;
811500;37.890312194824219;
820500;31.584716796875;
829500;35.157806396484375;
838500;42.681564331054687;
847500;43.657688140869141;
856500;40.59796142578125;
865500;37.3359375;
874500;45.228790283203125;
883500;47.185676574707031;
892500;51.224739074707031;
901500;44.692272186279297;
910500;42.448143005371094;
919500;45.887969970703125;
928500;54.635059356689453;
937500;49.753593444824219;
946500;45.375308990478516;
955500;45.649940490722656;
964500;48.355453491210937;
973500;52.287818908691406;
982500;44.209712982177734;
991500;44.6865234375;
1000500;47.299674987792969;
1009500;48.843723297119141;
1018500;43.402904510498047;
1027500;40.296943664550781;
1036500;48.97100830078125;
1045500;42.34423828125;
1054500;42.975517272949219;
1063500;39.076805114746094;
1072500;43.5780029296875;
1081500;44.917030334472656;
1090500;37.263870239257813;
1099500;33.957969665527344;
1108500;34.1512451171875;
1117500;42.917488098144531;
1126500;31.963172912597656;
1135500;27.883674621582031;
1144500;31.329498291015625;
1153500;37.054527282714844;
1162500;35.275642395019531;
1171500;25.460136413574219;
1180500;26.637779235839844;
1189500;27.079147338867188;
1198500;33.729164123535156;
1207500;24.878746032714844;
1216500;27.084999084472656;
1225500;28.067176818847656;
1234500;31.45098876953125;
1243500;30.52386474609375;
1252500;26.912109375;
1261500;24.174415588378906;
1270500;22.445411682128906;
1279500;24.538673400878906;
1288500;20.352523803710938;
1297500;18.386093139648438;
1306500;17.695350646972656;
1315500;19.028236389160156;
1324500;25.777984619140625;
1333500;23.363868713378906;
1342500;17.971786499023438;
1351500;16.462165832519531;
1360500;18.6500244140625;
1369500;21.0845947265625;
1378500;24.126304626464844;
1387500;24.638717651367188;
1396500;24.842628479003906;
1405500;25.359725952148438;
1414500;27.614921569824219;
1423500;25.284576416015625;
1432500;23.082046508789063;
1441500;23.279541015625;
1450500;22.637657165527344;
1459500;22.111518859863281;
1468500;21.515678405761719;
1477500;25.766921997070313;
1486500;20.46087646484375;
1495500;21.300262451171875;
1504500;24.543724060058594;
1513500;26.584320068359375;
1522500;26.953437805175781;
1531500;23.557601928710938;
1540500;27.428627014160156;
1549500;28.504318237304688;
1558500;32.450798034667969;
1567500;28.893539428710938;
1576500;29.722923278808594;
1585500;31.102119445800781;
1594500;33.6319580078125;
1603500;32.280975341796875;
1612500;31.538925170898437;
1621500;31.34552001953125;
1630500;31.721878051757813;
1639500;37.112258911132812;
1648500;34.0245361328125;
1657500;33.486213684082031;
1666500;33.184181213378906;
1675500;38.12152099609375;
1684500;35.941566467285156;
1693500;37.322502136230469;
1702500;34.904373168945313;
1711500;34.986923217773438;
1720500;39.128768920898438;
1729500;36.528297424316406;
1738500;34.867523193359375;
1747500;32.888572692871094;
1756500;37.31463623046875;
1765500;33.373199462890625;
1774500;34.554588317871094;
1783500;30.638938903808594;
1792500;31.263084411621094;
1801500;34.58685302734375;
1810500;31.130363464355469;
1819500;28.774559020996094;
1828500;27.384605407714844;
1837500;33.191932678222656;
1846500;27.081916809082031;
1855500;27.696098327636719;
1864500;28.209327697753906;
1873500;28.536308288574219;
1882500;29.193115234375;
1891500;24.144783020019531;
1900500;25.75750732421875;
1909500;26.155838012695313;
1918500;28.123191833496094;
1927500;23.321830749511719;
1936500;22.583747863769531;
1945500;27.06927490234375;
1954500;25.661933898925781;
1963500;24.928848266601563;
1972500;23.121978759765625;
1981500;24.743453979492188;
1990500;24.554252624511719;
1999500;26.316902160644531;
2008500;22.586601257324219;
2017500;22.737037658691406;
2026500;25.018600463867187;
2035500;25.400978088378906;
2044500;23.953720092773438;
2053500;22.805770874023438;
2062500;23.044914245605469;
2071500;22.557106018066406;
2080500;25.951011657714844;
2089500;21.151123046875;
2098500;20.902473449707031;
2107500;21.393272399902344;
2116500;24.503158569335938;
2125500;21.566207885742188;
2134500;20.092887878417969;
2143500;19.637199401855469;
2152500;19.93475341796875;
2161500;23.321098327636719;
2170500;18.760475158691406;
2179500;17.36456298828125;
2188500;17.428138732910156;
2197500;21.468002319335938;
2206500;17.875762939453125;
2215500;17.677139282226563;
2224500;16.218048095703125;
2233500;16.865692138671875;
2242500;18.903068542480469;
2251500;16.584487915039063;
2260500;15.860931396484375;
2269500;14.951438903808594;
2278500;17.985458374023438;
2287500;14.545013427734375;
2296500;16.30865478515625;
2305500;22.932212829589844;
2314500;16.013252258300781;
2323500;16.630455017089844;
2332500;15.257293701171875;
2341500;15.313507080078125;
2350500;14.557846069335937;
2359500;17.936050415039063;
2368500;14.938934326171875;
2377500;15.467140197753906;
2386500;23.12542724609375;
2395500;28.912559509277344;
2404500;18.411476135253906;
2413500;16.542724609375;
2422500;16.883834838867188;
2431500;16.707969665527344;
2440500;19.743118286132812;
2449500;15.390220642089844;
2458500;15.949546813964844;
2467500;16.636589050292969;
2476500;25.155502319335937;
2485500;26.986129760742187;
2494500;16.316947937011719;
2503500;15.739303588867188;
2512500;17.079864501953125;
2521500;20.927474975585938;
2530500;18.093925476074219;
2539500;17.233169555664063;
2548500;16.897590637207031;
2557500;21.097579956054688;
2566500;23.4210205078125;
2575500;23.479408264160156;
2584500;19.1497802734375;
2593500;20.656028747558594;
2602500;22.046737670898437;
2611500;20.30914306640625;
2620500;18.466140747070312;
2629500;17.876815795898438;
2638500;21.457084655761719;
2647500;19.473175048828125;
2656500;20.615486145019531;
2665500;18.914756774902344;
2674500;19.989845275878906;
2683500;21.013618469238281;
2692500;19.421600341796875;
2701500;17.763984680175781;
2710500;17.0665283203125;
2719500;20.790359497070313;
2728500;18.289955139160156;
2737500;18.372772216796875;
2746500;18.670944213867188;
2755500;20.150199890136719;
2764500;20.296974182128906;
2773500;18.00347900390625;
2782500;16.269485473632813;
2791500;16.204849243164063;
2800500;20.173370361328125;
2809500;16.79119873046875;
2818500;16.293495178222656;
2827500;16.073348999023437;
2836500;23.246421813964844;
2845500;19.699028015136719;
2854500;17.555335998535156;
2863500;15.795661926269531;
2872500;15.780410766601563;
2881500;18.888900756835938;
2890500;16.485763549804687;
2899500;16.00677490234375;
2908500;15.915473937988281;
2917500;19.567123413085938;
2926500;25.231094360351563;
2935500;18.45697021484375;
2944500;15.775016784667969;
2953500;15.2669677734375;
2962500;18.033576965332031;
2971500;16.10028076171875;
2980500;15.497787475585937;
2989500;16.86322021484375;
2998500;21.090934753417969;
3007500;19.353805541992188;
3016500;24.553176879882813;
3025500;16.219490051269531;
3034500;16.266227722167969;
3043500;17.491889953613281;
3052500;15.272384643554687;
3061500;15.285942077636719;
3070500;15.467811584472656;
3079500;18.362648010253906;
3088500;16.51959228515625;
3097500;18.740219116210938;
3106500;21.281600952148437;
3115500;16.332595825195313;
3124500;16.657463073730469;
3133500;15.030410766601562;
3142500;14.961418151855469;
3151500;15.238204956054688;
3160500;18.335281372070313;
3169500;16.954925537109375;
3178500;17.3353271484375;
3187500;17.628509521484375;
3196500;18.591201782226563;
3205500;16.847633361816406;
3214500;16.205398559570313;
3223500;15.714630126953125;
3232500;16.36004638671875;
3241500;18.30609130859375;
3250500;17.679344177246094;
3259500;18.269119262695313;
3268500;17.873847961425781;
3277500;18.484550476074219;
3286500;18.021568298339844;
3295500;17.713829040527344;
3304500;17.452659606933594;
3313500;18.552108764648438;
3322500;20.173118591308594;
3331500;20.549324035644531;
3340500;21.139312744140625;
3349500;20.965301513671875;
3358500;20.70172119140625;
3367500;23.682907104492187;
3376500;22.076141357421875;
3385500;20.441925048828125;
3394500;21.247520446777344;
3403500;21.735992431640625;
3412500;22.175552368164062;
3421500;22.192680358886719;
3430500;22.07269287109375;
3439500;21.51544189453125;
3448500;21.302383422851563;
3457500;26.6923828125;
3466500;22.349678039550781;
3475500;21.484039306640625;
3484500;22.163795471191406;
3493500;22.567459106445313;
3502500;23.443626403808594;
3511500;22.833610534667969;
3520500;21.868118286132812;
3529500;21.132286071777344;
3538500;20.706993103027344;
3547500;24.932182312011719;
3556500;21.408454895019531;
3565500;20.696754455566406;
3574500;20.715194702148437;
3583500;20.535903930664062;
3592500;20.403633117675781;
3601500;20.16278076171875;
3610500;18.876998901367188;
3619500;18.575912475585937;
3628500;18.230873107910156;
3637500;20.897720336914063;
3646500;19.215042114257813;
3655500;19.432975769042969;
3664500;19.425270080566406;
3673500;19.535003662109375;
3682500;19.702377319335938;
3691500;18.899253845214844;
3700500;18.781173706054688;
3709500;18.326042175292969;
3718500;18.952537536621094;
3727500;19.570426940917969;
3736500;19.180999755859375;
3745500;19.001197814941406;
3754500;19.316520690917969;
3763500;19.720596313476563;
3772500;18.643905639648437;
3781500;18.276832580566406;
3790500;18.245712280273438;
3799500;19.034690856933594;
3808500;18.620414733886719;
3817500;18.594062805175781;
3826500;18.677642822265625;
3835500;18.702011108398437;
3844500;18.981849670410156;
3853500;18.306724548339844;
3862500;18.289039611816406;
3871500;17.889968872070313;
3880500;18.365234375;
3889500;18.093681335449219;
3898500;18.5458984375;
3907500;18.071151733398437;
3916500;18.074859619140625;
3925500;18.407257080078125;
3934500;17.656867980957031;
3943500;16.842453002929688;
3952500;16.980812072753906;
3961500;17.328834533691406;
3970500;17.067253112792969;
3979500;17.052162170410156;
3988500;16.878143310546875;
3997500;17.072158813476562;
4006500;17.123947143554687;
4015500;17.020004272460938;
4024500;16.593093872070313;
4033500;16.2557373046875;
4042500;17.359138488769531;
4051500;17.018119812011719;
4060500;17.10546875;
4069500;17.089035034179687;
4078500;17.684516906738281;
4087500;17.714912414550781;
4096500;17.734420776367188;
4105500;17.451522827148438;
4114500;17.178726196289063;
4123500;18.170753479003906;
4132500;18.079132080078125;
4141500;18.083427429199219;
4150500;18.073043823242188;
4159500;19.076446533203125;
4168500;19.042221069335938;
4177500;19.291603088378906;
4186500;19.335289001464844;
4195500;20.008026123046875;
4204500;20.226303100585938;
4213500;20.27984619140625;
4222500;20.495979309082031;
4231500;20.773155212402344;
4240500;21.3399658203125;
4249500;21.3433837890625;
4258500;21.591751098632813;
4267500;21.740249633789063;
4276500;21.678443908691406;
4285500;22.417205810546875;
4294500;22.090072631835938;
4303500;22.368049621582031;
4312500;22.058082580566406;
4321500;22.574592590332031;
4330500;22.600997924804688;
4339500;22.331695556640625;
4348500;22.496810913085938;
4357500;22.300018310546875;
4366500;22.286140441894531;
4375500;22.1025390625;
4384500;21.882865905761719;
4393500;21.78070068359375;
4402500;21.62811279296875;
4411500;21.428138732910156;
4420500;21.291542053222656;
4429500;20.800468444824219;
4438500;20.854972839355469;
4447500;20.442268371582031;
4456500;20.198112487792969;
4465500;20.09332275390625;
4474500;19.503684997558594;
4483500;19.812973022460937;
4492500;19.182640075683594;
4501500;18.754615783691406;
4510500;18.498893737792969;
4519500;18.4842529296875;
4528500;18.680168151855469;
4537500;17.989814758300781;
4546500;17.285797119140625;
4555500;17.2235107421875;
4564500;17.279541015625;
4573500;16.840187072753906;
4582500;16.361106872558594;
4591500;16.355499267578125;
4600500;16.44708251953125;
4609500;16.082496643066406;
4618500;16.169624328613281;
4627500;14.96112060546875;
4636500;14.823860168457031;
4645500;15.298133850097656;
4654500;14.544639587402344;
4663500;13.905998229980469;
4672500;13.499412536621094;
4681500;14.246940612792969;
4690500;13.652313232421875;
4699500;15.055938720703125;
4708500;13.983566284179687;
4717500;13.071182250976562;
4726500;13.911293029785156;
4735500;13.017478942871094;
4744500;12.504653930664062;
4753500;12.768745422363281;
4762500;13.839958190917969;
4771500;13.153961181640625;
4780500;12.990928649902344;
4789500;14.147895812988281;
4798500;13.656936645507813;
4807500;13.980842590332031;
4816500;14.073493957519531;
4825500;13.70819091796875;
4834500;13.958160400390625;
4843500;14.851974487304688;
4852500;14.473068237304688;
4861500;14.472282409667969;
4870500;14.0545654296875;
4879500;14.884162902832031;
4888500;15.404029846191406;
4897500;15.476776123046875;
4906500;15.392654418945313;
4915500;15.083023071289063;
4924500;15.961868286132812;
4933500;16.030364990234375;
4942500;16.190376281738281;
4951500;15.822036743164063;
4960500;16.227935791015625;
4969500;18.036941528320312;
4978500;16.554466247558594;
4987500;16.173919677734375;
4996500;16.111663818359375;
5005500;16.551521301269531;
5014500;16.634506225585938;
5023500;16.346633911132812;
5032500;16.254249572753906;
5041500;16.571395874023438;
5050500;17.821876525878906;
5059500;21.519546508789063;
5068500;16.253456115722656;
5077500;16.033653259277344;
5086500;16.394454956054687;
5095500;16.468505859375;
5104500;16.156280517578125;
5113500;15.522575378417969;
5122500;16.143783569335937;
5131500;16.025901794433594;
5140500;19.893264770507813;
5149500;22.646659851074219;
5158500;15.63861083984375;
5167500;15.984848022460937;
5176500;16.308258056640625;
5185500;16.189323425292969;
5194500;16.005020141601562;
5203500;16.138679504394531;
5212500;16.385986328125;
5221500;16.518234252929688;
5230500;20.23492431640625;
5239500;21.138282775878906;
5248500;16.397750854492188;
5257500;16.933433532714844;
5266500;17.041854858398437;
5275500;16.650779724121094;
5284500;16.847892761230469;
5293500;16.87164306640625;
5302500;16.849502563476562;
5311500;16.095390319824219;
5320500;17.984832763671875;
5329500;17.709823608398438;
5338500;16.934349060058594;
5347500;17.38690185546875;
5356500;17.342117309570312;
5365500;17.6031494140625;
5374500;17.507759094238281;
5383500;17.676406860351563;
5392500;17.448448181152344;
5401500;17.140838623046875;
5410500;17.410934448242188;
5419500;17.671272277832031;
5428500;18.115684509277344;
5437500;17.919715881347656;
5446500;17.501548767089844;
5455500;17.242462158203125;
5464500;17.242904663085938;
5473500;17.057662963867188;
5482500;17.029579162597656;
5491500;16.817527770996094;
5500500;17.355232238769531;
5509500;17.235298156738281;
5518500;17.436256408691406;
5527500;17.777992248535156;
5536500;17.522308349609375;
5545500;17.325492858886719;
5554500;17.336936950683594;
5563500;17.364692687988281;
5572500;17.11627197265625;
5581500;17.439315795898438;
5590500;18.381019592285156;
5599500;17.869979858398437;
5608500;17.728492736816406;
5617500;16.947341918945312;
5626500;16.708366394042969;
5635500;16.76715087890625;
5644500;16.354225158691406;
5653500;16.166213989257812;
5662500;16.155136108398438;
5671500;16.203376770019531;
5680500;18.693450927734375;
5689500;16.496978759765625;
5698500;16.266197204589844;
5707500;15.914382934570313;
5716500;15.681510925292969;
5725500;16.045852661132813;
5734500;15.410606384277344;
5743500;15.288368225097656;
5752500;15.109886169433594;
5761500;16.607612609863281;
5770500;18.4345703125;
5779500;15.194587707519531;
5788500;14.660079956054687;
5797500;14.544486999511719;
5806500;14.548294067382813;
5815500;13.966773986816406;
5824500;13.461769104003906;
5833500;13.466964721679688;
5842500;13.690170288085937;
5851500;14.891357421875;
5860500;15.774421691894531;
5869500;12.283401489257813;
5878500;13.10382080078125;
5887500;13.286674499511719;
5896500;13.063934326171875;
5905500;12.51202392578125;
5914500;12.150558471679688;
5923500;13.683090209960937;
5932500;13.222084045410156;
5941500;13.811882019042969;
5950500;15.299583435058594;
5959500;18.628822326660156;
5968500;13.597198486328125;
5977500;12.539222717285156;
5986500;12.604354858398438;
5995500;12.067153930664063;
6004500;12.903541564941406;
6013500;12.979644775390625;
6022500;12.79290771484375;
6031500;14.36981201171875;
6040500;13.357475280761719;
6049500;12.941856384277344;
6058500;13.524330139160156;
6067500;12.28179931640625;
6076500;12.759628295898438;
6085500;13.07562255859375;
6094500;13.328620910644531;
6103500;13.639976501464844;
6112500;12.945571899414063;
6121500;18.292617797851563;
6130500;14.944595336914063;
6139500;13.503730773925781;
6148500;12.900718688964844;
6157500;12.726287841796875;
6166500;13.758842468261719;
6175500;12.84124755859375;
6184500;13.2713623046875;
6193500;12.437484741210938;
6202500;12.595474243164063;
6211500;19.7720947265625;
6220500;14.0072021484375;
6229500;12.670478820800781;
6238500;12.117538452148438;
6247500;12.525093078613281;
6256500;13.212059020996094;
6265500;12.150802612304687;
6274500;12.645668029785156;
6283500;12.699790954589844;
6292500;13.669479370117188;
6301500;20.726097106933594;
6310500;12.402976989746094;
6319500;12.83416748046875;
6328500;12.703651428222656;
6337500;12.912322998046875;
6346500;12.5638427734375;
6355500;11.383628845214844;
6364500;13.803756713867188;
6373500;11.917129516601563;
6382500;14.826133728027344;
6391500;19.207626342773438;
6400500;11.809059143066406;
6409500;13.515106201171875;
6418500;12.098709106445313;
6427500;12.63360595703125;
6436500;11.868728637695313;
6445500;12.537605285644531;
6454500;13.27130126953125;
6463500;11.94677734375;
6472500;13.023536682128906;
6481500;13.675018310546875;
6490500;12.318138122558594;
6499500;14.008323669433594;
6508500;10.814910888671875;
6517500;12.9481201171875;
6526500;13.200447082519531;
6535500;12.610641479492188;
6544500;13.980934143066406;
6553500;10.960357666015625;
6562500;15.414176940917969;
6571500;15.432243347167969;
6580500;14.017135620117188;
6589500;13.377029418945313;
6598500;12.533805847167969;
6607500;15.292694091796875;
6616500;13.916122436523438;
6625500;14.166130065917969;
6634500;13.880401611328125;
6643500;14.233993530273438;
6652500;21.086250305175781;
6661500;20.171157836914063;
6670500;14.792037963867187;
6679500;14.941200256347656;
6688500;15.540077209472656;
6697500;16.531059265136719;
6706500;15.563339233398438;
6715500;15.892204284667969;
6724500;16.904083251953125;
6733500;16.709785461425781;
6742500;24.63238525390625;
6751500;20.973457336425781;
6760500;17.4122314453125;
6769500;18.026947021484375;
6778500;18.166267395019531;
6787500;17.918937683105469;
6796500;17.390602111816406;
6805500;18.819648742675781;
6814500;18.328018188476563;
6823500;19.127998352050781;
6832500;25.350814819335937;
6841500;20.373931884765625;
6850500;19.308303833007813;
6859500;19.31060791015625;
6868500;18.872177124023438;
6877500;18.887168884277344;
6886500;19.291908264160156;
6895500;19.326469421386719;
6904500;19.351119995117188;
6913500;18.765922546386719;
6922500;23.214607238769531;
6931500;19.591926574707031;
6940500;19.907730102539063;
6949500;18.122955322265625;
6958500;18.324356079101562;
6967500;19.022682189941406;
6976500;18.50830078125;
6985500;18.824623107910156;
6994500;17.050529479980469;
7003500;18.604156494140625;
7012500;18.450401306152344;
7021500;18.487617492675781;
7030500;17.426849365234375;
7039500;16.148902893066406;
7048500;18.397209167480469;
7057500;18.026222229003906;
7066500;17.110763549804687;
7075500;16.585906982421875;
7084500;17.833084106445313;
7093500;18.648712158203125;
7102500;20.603012084960938;
7111500;17.161018371582031;
7120500;17.835342407226563;
7129500;19.375289916992188;
7138500;19.960227966308594;
7147500;18.986152648925781;
7156500;19.432968139648438;
7165500;20.6705322265625;
7174500;20.652557373046875;
7183500;24.603118896484375;
7192500;26.105278015136719;
7201500;22.024726867675781;
7210500;22.759796142578125;
7219500;23.400688171386719;
7228500;23.757240295410156;
7237500;23.402687072753906;
7246500;24.794769287109375;
7255500;25.003578186035156;
7264500;25.513900756835937;
7273500;29.365104675292969;
7282500;29.618820190429688;
7291500;26.267776489257812;
7300500;27.094322204589844;
7309500;26.818824768066406;
7318500;27.069717407226562;
7327500;27.852348327636719;
7336500;27.88934326171875;
7345500;28.326011657714844;
7354500;28.007164001464844;
7363500;32.58135986328125;
7372500;31.690704345703125;
7381500;29.191085815429688;
7390500;28.810989379882812;
7399500;29.042488098144531;
7408500;29.354866027832031;
7417500;29.522659301757812;
7426500;29.580520629882813;
7435500;29.24407958984375;
7444500;29.773857116699219;
7453500;32.954025268554688;
7462500;30.806404113769531;
7471500;29.33111572265625;
7480500;28.942092895507813;
7489500;29.67730712890625;
7498500;29.717559814453125;
7507500;28.967559814453125;
7516500;28.780403137207031;
7525500;28.88433837890625;
7534500;28.581169128417969;
7543500;29.786880493164062;
7552500;27.586090087890625;
7561500;27.475654602050781;
7570500;27.79681396484375;
7579500;27.609916687011719;
7588500;26.531661987304687;
7597500;25.809349060058594;
7606500;26.9605712890625;
7615500;26.051597595214844;
7624500;27.0601806640625;
7633500;27.693984985351563;
7642500;25.146430969238281;
7651500;25.709686279296875;
7660500;26.055183410644531;
7669500;25.084907531738281;
7678500;23.873802185058594;
7687500;25.647270202636719;
7696500;25.260818481445313;
7705500;25.846755981445313;
7714500;26.709022521972656;
7723500;32.428924560546875;
7732500;26.3046875;
7741500;26.831794738769531;
7750500;25.136199951171875;
7759500;25.607398986816406;
7768500;26.557174682617188;
7777500;26.973747253417969;
7786500;27.112274169921875;
7795500;26.11016845703125;
7804500;30.299209594726563;
7813500;33.471397399902344;
7822500;28.129768371582031;
7831500;27.078094482421875;
7840500;26.921257019042969;
7849500;27.80694580078125;
7858500;28.232177734375;
7867500;28.032951354980469;
7876500;27.50335693359375;
7885500;28.005096435546875;
7894500;30.830726623535156;
7903500;32.599952697753906;
7912500;27.661628723144531;
7921500;27.542098999023438;
7930500;28.3548583984375;
7939500;28.404266357421875;
7948500;27.918205261230469;
7957500;27.341522216796875;
7966500;27.918861389160156;
7975500;27.62890625;
7984500;30.481895446777344;
7993500;29.495040893554688;
8002500;27.12713623046875;
8011500;27.564102172851562;
8020500;27.592910766601563;
8029500;26.904380798339844;
8038500;26.452651977539063;
8047500;26.891021728515625;
8056500;26.649070739746094;
8065500;27.149040222167969;
8074500;26.628829956054687;
8083500;26.210121154785156;
8092500;26.277481079101563;
8101500;26.709480285644531;
8110500;25.235137939453125;
8119500;24.799484252929688;
8128500;25.744735717773437;
8137500;25.398796081542969;
8146500;25.55621337890625;
8155500;23.939804077148437;
8164500;24.751441955566406;
8173500;24.588920593261719;
8182500;25.660041809082031;
8191500;23.050971984863281;
8200500;23.006179809570312;
8209500;24.176132202148438;
8218500;24.081809997558594;
8227500;24.240386962890625;
8236500;22.084602355957031;
8245500;23.428085327148437;
8254500;26.885002136230469;
8263500;25.306297302246094;
8272500;22.19647216796875;
8281500;22.22003173828125;
8290500;24.12213134765625;
8299500;24.497817993164063;
8308500;24.044746398925781;
8317500;22.154525756835937;
8326500;23.970535278320312;
8335500;24.784408569335938;
8344500;28.575607299804688;
8353500;24.140914916992188;
8362500;24.213973999023438;
8371500;25.169090270996094;
8380500;26.3924560546875;
8389500;25.572456359863281;
8398500;25.125816345214844;
8407500;26.333061218261719;
8416500;26.020645141601563;
8425500;27.444412231445312;
8434500;27.913764953613281;
8443500;26.179336547851563;
8452500;27.043228149414063;
8461500;27.714920043945313;
8470500;26.948455810546875;
8479500;26.997817993164062;
8488500;27.420143127441406;
8497500;27.46209716796875;
8506500;28.180564880371094;
8515500;27.473426818847656;
8524500;28.107551574707031;
8533500;28.057319641113281;
8542500;28.392463684082031;
8551500;27.862373352050781;
8560500;27.632354736328125;
8569500;27.937889099121094;
8578500;28.209053039550781;
8587500;28.1893310546875;
8596500;27.41082763671875;
8605500;27.7884521484375;
8614500;27.566581726074219;
8623500;28.309036254882813;
8632500;27.287261962890625;
8641500;26.867042541503906;
8650500;27.499542236328125;
8659500;27.470161437988281;
8668500;27.115341186523438;
8677500;26.406585693359375;
8686500;26.58953857421875;
8695500;26.380294799804688;
8704500;27.219551086425781;
8713500;25.51971435546875;
8722500;25.230392456054688;
8731500;25.836074829101563;
8740500;25.835601806640625;
8749500;25.406997680664063;
8758500;24.353851318359375;
8767500;24.586929321289063;
8776500;24.68084716796875;
8785500;25.863433837890625;
8794500;23.696441650390625;
8803500;23.606040954589844;
8812500;24.212005615234375;
8821500;24.811225891113281;
8830500;23.57440185546875;
8839500;22.724067687988281;
8848500;23.705947875976563;
8857500;23.546554565429687;
8866500;24.733291625976563;
8875500;23.174346923828125;
8884500;23.114410400390625;
8893500;23.82281494140625;
8902500;25.153465270996094;
8911500;23.780029296875;
8920500;23.332572937011719;
8929500;24.301315307617188;
8938500;24.78875732421875;
8947500;25.66839599609375;
8956500;24.458267211914062;
8965500;25.013473510742188;
8974500;25.333366394042969;
8983500;26.702438354492188;
8992500;25.618270874023437;
9001500;25.613616943359375;
9010500;26.564712524414063;
9019500;26.738357543945313;
9028500;27.182174682617188;
9037500;26.621047973632813;
9046500;26.866035461425781;
9055500;27.313919067382812;
9064500;27.864295959472656;
9073500;27.064338684082031;
9082500;27.297515869140625;
9091500;27.669326782226563;
9100500;27.950950622558594;
9109500;28.054733276367188;
9118500;27.455604553222656;
9127500;27.835517883300781;
9136500;27.89874267578125;
9145500;28.472785949707031;
9154500;27.720077514648437;
9163500;27.548133850097656;
9172500;27.902450561523438;
9181500;28.282249450683594;
9190500;27.729408264160156;
9199500;27.380485534667969;
9208500;27.523994445800781;
9217500;27.298591613769531;
9226500;28.072265625;
9235500;26.869041442871094;
9244500;26.759941101074219;
9253500;26.953689575195313;
9262500;27.509452819824219;
9271500;26.57275390625;
9280500;25.833854675292969;
9289500;26.369537353515625;
9298500;26.218116760253906;
9307500;26.782470703125;
9316500;25.227470397949219;
9325500;25.119766235351563;
9334500;25.342185974121094;
9343500;26.631423950195313;
9352500;24.618370056152344;
9361500;24.170242309570313;
9370500;25.038658142089844;
9379500;25.054656982421875;
9388500;25.810432434082031;
9397500;23.719032287597656;
9406500;24.272987365722656;
9415500;24.534637451171875;
9424500;26.102882385253906;
9433500;23.633369445800781;
9442500;23.652839660644531;
9451500;24.514503479003906;
9460500;25.137924194335938;
9469500;25.489471435546875;
9478500;23.362335205078125;
9487500;24.169731140136719;
9496500;25.159881591796875;
9505500;26.883628845214844;
9514500;24.593269348144531;
9523500;24.5321044921875;
9532500;26.008331298828125;
9541500;26.829254150390625;
9550500;26.723670959472656;
9559500;25.691474914550781;
9568500;26.447227478027344;
9577500;27.058944702148437;
9586500;28.966316223144531;
9595500;26.980148315429688;
9604500;27.415458679199219;
9613500;28.248008728027344;
9622500;29.266670227050781;
9631500;29.003929138183594;
9640500;28.385116577148437;
9649500;29.350593566894531;
9658500;29.629829406738281;
9667500;30.635963439941406;
9676500;29.63018798828125;
9685500;29.76025390625;
9694500;30.182624816894531;
9703500;31.445671081542969;
9712500;30.643150329589844;
9721500;30.531021118164063;
9730500;31.3687744140625;
9739500;31.407684326171875;
9748500;32.328712463378906;
9757500;31.344520568847656;
9766500;31.4423828125;
9775500;32.03570556640625;
9784500;33.218818664550781;
9793500;32.141059875488281;
9802500;31.811203002929688;
9811500;32.779899597167969;
9820500;32.917762756347656;
9829500;33.551643371582031;
9838500;32.489006042480469;
9847500;32.784217834472656;
9856500;33.295982360839844;
9865500;34.533805847167969;
9874500;32.985305786132813;
9883500;33.107414245605469;
9892500;34.069381713867188;
9901500;34.646537780761719;
9910500;34.663108825683594;
9919500;33.498550415039063;
9928500;34.209075927734375;
9937500;34.486282348632813;
9946500;36.66778564453125;
9955500;34.331336975097656;
9964500;34.486366271972656;
9973500;35.793724060058594;
9982500;36.937484741210937;
9991500;36.596466064453125;
10000500;35.311790466308594;
10009500;36.499343872070313;
10018500;36.625312805175781;
10027500;38.956382751464844;
10036500;36.660835266113281;
10045500;36.182670593261719;
10054500;37.624298095703125;
10063500;39.274436950683594;
10072500;37.630119323730469;
10081500;36.726287841796875;
10090500;37.221900939941406;
10099500;37.613975524902344;
10108500;39.087043762207031;
10117500;36.407966613769531;
10126500;36.361289978027344;
10135500;36.522613525390625;
10144500;38.048759460449219;
10153500;36.169570922851563;
10162500;35.030548095703125;
10171500;35.572074890136719;
10180500;35.615493774414062;
10189500;36.475990295410156;
10198500;34.111068725585938;
10207500;34.135391235351562;
10216500;34.451820373535156;
10225500;35.524765014648438;
10234500;33.646575927734375;
10243500;33.173393249511719;
10252500;33.393608093261719;
10261500;33.555313110351563;
10270500;33.785316467285156;
10279500;32.397682189941406;
10288500;32.3109130859375;
10297500;32.339462280273438;
10306500;33.196601867675781;
10315500;31.514556884765625;
10324500;31.207176208496094;
10333500;31.172538757324219;
10342500;31.458229064941406;
10351500;30.966461181640625;
10360500;29.969863891601563;
10369500;30.045478820800781;
10378500;29.745689392089844;
10387500;30.963241577148437;
10396500;29.04803466796875;
10405500;28.725807189941406;
10414500;28.761123657226563;
10423500;29.258155822753906;
10432500;28.608680725097656;
10441500;27.216583251953125;
10450500;27.4935302734375;
10459500;27.24725341796875;
10468500;27.915367126464844;
10477500;26.25750732421875;
10486500;25.727523803710937;
10495500;25.885238647460938;
10504500;26.8804931640625;
10513500;25.52581787109375;
10522500;24.422119140625;
10531500;24.873794555664063;
10540500;24.520767211914063;
10549500;25.627304077148438;
10558500;23.514114379882813;
10567500;23.157806396484375;
10576500;23.425285339355469;
10585500;24.919013977050781;
10594500;22.598526000976563;
10603500;22.1748046875;
10612500;22.413124084472656;
10621500;22.729522705078125;
10630500;23.883384704589844;
10639500;21.303680419921875;
10648500;21.355751037597656;
10657500;21.846405029296875;
10666500;23.661872863769531;
10675500;21.452720642089844;
10684500;20.737350463867188;
10693500;21.428924560546875;
10702500;22.21697998046875;
10711500;22.461196899414063;
10720500;20.957908630371094;
10729500;21.361335754394531;
10738500;21.402664184570313;
10747500;23.309326171875;
10756500;21.296585083007813;
10765500;21.21099853515625;
10774500;21.879852294921875;
10783500;22.685714721679688;
10792500;22.54547119140625;
10801500;21.779396057128906;
10810500;22.087074279785156;
10819500;22.223007202148438;
10828500;23.528976440429688;
10837500;22.225555419921875;
10846500;22.260505676269531;
10855500;22.766258239746094;
10864500;23.303306579589844;
10873500;23.015380859375;
10882500;22.417350769042969;
10891500;22.821090698242188;
10900500;23.069412231445313;
10909500;23.677803039550781;
10918500;23.232612609863281;
10927500;22.90289306640625;
10936500;22.867607116699219;
10945500;23.615005493164062;
10954500;22.895751953125;
10963500;22.560104370117188;
10972500;22.989952087402344;
10981500;22.626213073730469;
10990500;23.270233154296875;
10999500;22.773063659667969;
11008500;23.1656494140625;
11017500;22.536956787109375;
11026500;23.243545532226563;
11035500;22.096961975097656;
11044500;22.190902709960938;
11053500;22.184234619140625;
11062500;22.173484802246094;
11071500;22.867660522460937;
11080500;21.646583557128906;
11089500;21.861724853515625;
11098500;23.444389343261719;
11107500;22.586936950683594;
11116500;21.647903442382813;
11125500;21.502426147460937;
11134500;21.527923583984375;
11143500;21.847480773925781;
11152500;21.798713684082031;
11161500;21.376548767089844;
11170500;21.323005676269531;
11179500;22.081802368164063;
11188500;23.990570068359375;
11197500;21.189201354980469;
11206500;21.282424926757813;
11215500;21.616043090820313;
11224500;22.067481994628906;
11233500;21.985153198242187;
11242500;21.427070617675781;
11251500;21.510826110839844;
11260500;21.714614868164063;
11269500;23.472770690917969;
11278500;23.391525268554688;
11287500;21.842170715332031;
11296500;21.805717468261719;
11305500;22.45751953125;
11314500;22.328407287597656;
11323500;21.971176147460938;
11332500;22.327613830566406;
11341500;22.550521850585938;
11350500;22.900733947753906;
11359500;23.56414794921875;
11368500;23.3660888671875;
11377500;22.657272338867188;
11386500;23.185348510742188;
11395500;23.020530700683594;
11404500;23.024444580078125;
11413500;23.051406860351562;
11422500;23.119224548339844;
11431500;23.391624450683594;
11440500;23.294990539550781;
11449500;24.631431579589844;
11458500;23.891738891601563;
11467500;23.697402954101563;
11476500;23.289581298828125;
11485500;23.274238586425781;
11494500;23.444000244140625;
11503500;23.443611145019531;
11512500;23.482139587402344;
11521500;23.461631774902344;
11530500;23.261383056640625;
11539500;26.086982727050781;
11548500;24.269340515136719;
11557500;23.164512634277344;
11566500;23.253257751464844;
11575500;23.1124267578125;
11584500;22.988143920898438;
11593500;23.231590270996094;
11602500;22.718460083007813;
11611500;22.652565002441406;
11620500;23.034660339355469;
11629500;26.936279296875;
11638500;23.066299438476563;
11647500;22.420425415039063;
11656500;22.03009033203125;
11665500;22.349105834960937;
11674500;21.969795227050781;
11683500;21.50665283203125;
11692500;21.808364868164062;
11701500;21.359786987304687;
11710500;22.616889953613281;
11719500;27.248077392578125;
11728500;21.520896911621094;
11737500;21.077056884765625;
11746500;21.323028564453125;
11755500;20.789512634277344;
11764500;20.72454833984375;
11773500;20.680694580078125;
11782500;20.473464965820313;
11791500;20.870834350585937;
11800500;21.992752075195313;
11809500;25.425262451171875;
11818500;20.464530944824219;
11827500;20.453948974609375;
11836500;20.0030517578125;
11845500;20.105400085449219;
11854500;20.048194885253906;
11863500;20.095046997070312;
11872500;20.324638366699219;
11881500;20.06402587890625;
11890500;21.2037353515625;
11899500;22.386276245117188;
11908500;20.316574096679688;
11917500;22.266059875488281;
11926500;20.811767578125;
11935500;20.315544128417969;
11944500;20.772964477539063;
11953500;20.834861755371094;
11962500;20.842216491699219;
11971500;21.139060974121094;
11980500;21.900505065917969;
11989500;22.549972534179688;
11998500;29.176704406738281;
12007500;23.357124328613281;
12016500;21.381576538085938;
12025500;21.490249633789063;
12034500;21.423362731933594;
12043500;21.526039123535156;
12052500;21.389572143554688;
12061500;21.490493774414063;
12070500;24.445343017578125;
12079500;23.365592956542969;
12088500;21.467330932617188;
12097500;21.407264709472656;
12106500;21.322090148925781;
12115500;21.395401000976562;
12124500;21.249618530273438;
12133500;21.275718688964844;
12142500;21.181739807128906;
12151500;21.174728393554688;
12160500;25.961860656738281;
12169500;22.820945739746094;
12178500;20.505363464355469;
12187500;20.673171997070313;
12196500;20.430831909179687;
12205500;20.086410522460937;
12214500;20.023361206054688;
12223500;19.932655334472656;
12232500;19.926460266113281;
12241500;19.886512756347656;
12250500;25.2286376953125;
12259500;21.047599792480469;
12268500;19.331886291503906;
12277500;18.853843688964844;
12286500;18.786727905273438;
12295500;18.899749755859375;
12304500;18.453170776367187;
12313500;18.334968566894531;
12322500;18.363372802734375;
12331500;18.50927734375;
12340500;22.178337097167969;
12349500;18.20965576171875;
12358500;17.420639038085938;
12367500;17.52032470703125;
12376500;17.308425903320313;
12385500;17.343772888183594;
12394500;17.3768310546875;
12403500;16.905349731445313;
12412500;16.834007263183594;
12421500;16.903038024902344;
12430500;17.238136291503906;
12439500;16.692314147949219;
12448500;16.339347839355469;
12457500;16.258018493652344;
12466500;16.519546508789063;
12475500;16.2650146484375;
12484500;16.101051330566406;
12493500;16.240829467773438;
12502500;15.896682739257812;
12511500;16.461326599121094;
12520500;16.933097839355469;
12529500;16.38031005859375;
12538500;16.178573608398438;
12547500;15.866485595703125;
12556500;16.132415771484375;
12565500;16.321052551269531;
12574500;15.873992919921875;
12583500;16.166725158691406;
12592500;16.357795715332031;
12601500;17.569778442382813;
12610500;18.234451293945313;
12619500;15.967208862304687;
12628500;15.957611083984375;
12637500;15.665481567382813;
12646500;15.545921325683594;
12655500;15.545883178710938;
12664500;16.043960571289063;
12673500;15.435821533203125;
12682500;15.316848754882812;
12691500;17.652702331542969;
12700500;17.116058349609375;
12709500;14.729034423828125;
12718500;14.720436096191406;
12727500;14.745994567871094;
12736500;14.573936462402344;
12745500;14.1722412109375;
12754500;14.044540405273438;
12763500;14.027450561523438;
12772500;13.985862731933594;
12781500;16.485748291015625;
12790500;15.049339294433594;
12799500;13.652099609375;
12808500;13.344322204589844;
12817500;13.028602600097656;
12826500;12.871078491210937;
12835500;12.463645935058594;
12844500;12.558517456054688;
12853500;12.354995727539063;
12862500;12.73956298828125;
12871500;14.283950805664063;
12880500;12.447074890136719;
12889500;11.846855163574219;
12898500;12.011749267578125;
12907500;11.873870849609375;
12916500;11.747039794921875;
12925500;11.944374084472656;
12934500;11.89105224609375;
12943500;11.294540405273438;
12952500;11.291206359863281;
12961500;11.447311401367188;
12970500;11.124740600585938;
12979500;11.291641235351563;
12988500;10.997222900390625;
12997500;11.600692749023438;
13006500;11.417434692382813;
13015500;11.021530151367188;
13024500;11.466255187988281;
13033500;11.497322082519531;
13042500;11.420951843261719;
13051500;12.130813598632813;
13060500;11.761940002441406;
13069500;11.716056823730469;
13078500;11.696846008300781;
13087500;11.8055419921875;
13096500;12.000648498535156;
13105500;12.307418823242188;
13114500;12.094505310058594;
13123500;12.580345153808594;
13132500;13.358131408691406;
13141500;14.878959655761719;
13150500;12.859092712402344;
13159500;13.013023376464844;
13168500;13.09368896484375;
13177500;13.254608154296875;
13186500;13.496002197265625;
13195500;13.559837341308594;
13204500;14.0240478515625;
13213500;14.072334289550781;
13222500;14.896400451660156;
13231500;16.167930603027344;
13240500;14.552040100097656;
13249500;14.472946166992188;
13258500;14.911895751953125;
13267500;15.115119934082031;
13276500;14.873146057128906;
13285500;15.206069946289063;
13294500;14.997154235839844;
13303500;15.242210388183594;
13312500;16.034225463867187;
13321500;16.272491455078125;
13330500;15.877182006835937;
13339500;15.7191162109375;
13348500;15.315689086914063;
13357500;15.721115112304688;
13366500;15.574699401855469;
13375500;15.577705383300781;
13384500;15.569580078125;
13393500;15.696022033691406;
13402500;15.864463806152344;
13411500;15.56451416015625;
13420500;15.352348327636719;
13429500;15.253684997558594;
13438500;15.183616638183594;
13447500;15.224075317382813;
13456500;15.299270629882813;
13465500;15.551300048828125;
13474500;15.299972534179688;
13483500;15.311820983886719;
13492500;15.261817932128906;
13501500;15.005607604980469;
13510500;14.917823791503906;
13519500;14.770233154296875;
13528500;14.738929748535156;
13537500;14.428298950195313;
13546500;14.219146728515625;
13555500;14.263595581054688;
13564500;13.811065673828125;
13573500;13.919692993164063;
13582500;14.646835327148438;
13591500;13.990974426269531;
13600500;14.180549621582031;
13609500;13.844619750976563;
13618500;13.451126098632812;
13627500;13.630905151367188;
13636500;13.511329650878906;
13645500;13.395034790039063;
13654500;13.711982727050781;
13663500;13.852523803710938;
13672500;14.93994140625;
13681500;13.481582641601563;
13690500;13.427261352539062;
13699500;13.341567993164063;
13708500;13.450942993164063;
13717500;13.168724060058594;
13726500;13.540481567382813;
13735500;13.662147521972656;
13744500;13.038719177246094;
13753500;13.5123291015625;
13762500;14.776397705078125;
13771500;12.997718811035156;
13780500;13.134552001953125;
13789500;13.158309936523438;
13798500;13.404975891113281;
13807500;13.391120910644531;
13816500;13.157485961914063;
13825500;13.057044982910156;
13834500;13.453849792480469;
13843500;13.444656372070313;
13852500;14.064788818359375;
13861500;13.225059509277344;
13870500;13.118614196777344;
13879500;12.932807922363281;
13888500;12.998435974121094;
13897500;13.05096435546875;
13906500;12.764816284179687;
13915500;12.716567993164063;
13924500;12.801223754882812;
13933500;13.139541625976562;
13942500;13.506355285644531;
13951500;12.321250915527344;
13960500;12.408866882324219;
13969500;12.4451904296875;
13978500;12.500457763671875;
13987500;12.246910095214844;
13996500;12.62322998046875;
14005500;12.14532470703125;
14014500;12.237022399902344;
14023500;12.592330932617188;
14032500;12.103569030761719;
14041500;11.725486755371094;
14050500;11.583053588867188;
14059500;12.070343017578125;
14068500;11.979995727539063;
14077500;11.685455322265625;
14086500;11.273239135742188;
14095500;11.260055541992188;
14104500;11.181556701660156;
14113500;12.020904541015625;
14122500;11.688491821289063;
14131500;11.425956726074219;
14140500;11.003646850585938;
14149500;10.797027587890625;
14158500;10.511627197265625;
14167500;10.292022705078125;
14176500;10.586738586425781;
14185500;10.298446655273437;
14194500;10.391654968261719;
14203500;12.38653564453125;
14212500;10.720458984375;
14221500;10.207763671875;
14230500;10.065017700195312;
14239500;10.005401611328125;
14248500;9.9587860107421875;
14257500;9.9166259765625;
14266500;10.085350036621094;
14275500;10.287353515625;
14284500;10.040260314941406;
14293500;12.940872192382813;
14302500;10.40924072265625;
14311500;10.014808654785156;
14320500;9.6604080200195312;
14329500;10.015373229980469;
14338500;9.9339828491210937;
14347500;10.015388488769531;
14356500;9.901702880859375;
14365500;9.611663818359375;
14374500;10.10430908203125;
14383500;12.974723815917969;
14392500;10.387779235839844;
14401500;9.9859466552734375;
14410500;9.9007034301757813;
14419500;9.5219650268554687;
14428500;9.4246749877929687;
14437500;9.5021133422851562;
14446500;9.4403457641601562;
14455500;9.68548583984375;
14464500;10.766426086425781;
14473500;11.841575622558594;
14482500;9.42987060546875;
14491500;9.36102294921875;
14500500;9.4122390747070312;
14509500;9.383575439453125;
14518500;9.0701065063476563;
14527500;9.8349609375;
14536500;9.6127243041992187;
14545500;9.3103179931640625;
14554500;9.6037063598632812;
14563500;10.161117553710937;
14572500;9.302520751953125;
14581500;8.9894790649414062;
14590500;8.7851715087890625;
14599500;9.0200576782226563;
14608500;9.1621856689453125;
14617500;8.845733642578125;
14626500;8.7350921630859375;
14635500;8.60235595703125;
14644500;8.9492874145507813;
14653500;9.2386322021484375;
14662500;8.7106781005859375;
14671500;8.71356201171875;
14680500;8.8412322998046875;
14689500;8.5967864990234375;
14698500;8.4141769409179687;
14707500;8.2917251586914062;
14716500;8.4736175537109375;
14725500;8.9187850952148437;
14734500;9.7483978271484375;
14743500;9.51446533203125;
14752500;8.2074203491210937;
14761500;8.0437774658203125;
14770500;7.95855712890625;
14779500;7.9954147338867188;
14788500;8.070465087890625;
14797500;8.7179107666015625;
14806500;8.1199951171875;
14815500;8.0674362182617188;
14824500;10.193458557128906;
14833500;8.84375;
14842500;7.7729568481445313;
14851500;7.829376220703125;
14860500;8.6464996337890625;
14869500;8.1220169067382812;
14878500;8.521484375;
14887500;8.2621383666992187;
14896500;8.06964111328125;
14905500;8.5132064819335937;
14914500;10.9073486328125;
14923500;8.7427444458007812;
14932500;8.2322158813476562;
14941500;8.500640869140625;
14950500;8.4050445556640625;
14959500;8.8761215209960937;
14968500;9.019744873046875;
14977500;9.3108367919921875;
14986500;9.691925048828125;
14995500;11.818344116210938;
15004500;13.313987731933594;
15013500;10.142669677734375;
15022500;9.6428146362304687;
15031500;9.4880447387695313;
15040500;9.0607833862304687;
15049500;8.9036712646484375;
15058500;8.643157958984375;
15067500;8.8733596801757812;
15076500;9.1421432495117187;
15085500;8.9376678466796875;
15094500;9.4315032958984375;
15103500;9.0191268920898438;
15112500;9.2197113037109375;
15121500;9.2899322509765625;
15130500;9.3313674926757813;
15139500;9.3770751953125;
15148500;9.5945053100585938;
15157500;9.18994140625;
15166500;9.3872909545898437;
15175500;9.4398345947265625;
15184500;9.5496978759765625;
15193500;9.89263916015625;
15202500;9.5365066528320312;
15211500;9.6782073974609375;
15220500;9.77197265625;
15229500;9.7643585205078125;
15238500;9.701446533203125;
15247500;9.6431045532226563;
15256500;9.9353485107421875;
15265500;10.572952270507813;
15274500;10.81036376953125;
15283500;10.415718078613281;
15292500;10.313446044921875;
15301500;10.344131469726562;
15310500;10.41094970703125;
15319500;10.444358825683594;
15328500;10.7239990234375;
15337500;10.319686889648437;
15346500;10.522247314453125;
15355500;12.105934143066406;
15364500;12.373214721679688;
15373500;10.655075073242188;
15382500;10.633544921875;
15391500;10.441215515136719;
15400500;10.49639892578125;
15409500;10.645896911621094;
15418500;10.641227722167969;
15427500;10.931938171386719;
15436500;11.2510986328125;
15445500;14.603645324707031;
15454500;13.698745727539062;
15463500;11.189491271972656;
15472500;11.097412109375;
15481500;11.194557189941406;
15490500;11.281021118164063;
15499500;11.349388122558594;
15508500;11.265884399414063;
15517500;11.440505981445313;
15526500;11.89068603515625;
15535500;16.426467895507813;
15544500;13.738296508789063;
15553500;12.005683898925781;
15562500;11.90045166015625;
15571500;11.794731140136719;
15580500;11.8226318359375;
15589500;12.18975830078125;
15598500;12.729423522949219;
15607500;12.496963500976563;
15616500;12.164176940917969;
15625500;15.903717041015625;
15634500;12.840789794921875;
15643500;12.177490234375;
15652500;12.416030883789063;
15661500;12.531486511230469;
15670500;12.321464538574219;
15679500;12.841102600097656;
15688500;12.619697570800781;
15697500;12.404045104980469;
15706500;12.716506958007813;
15715500;14.036956787109375;
15724500;12.715599060058594;
15733500;12.861907958984375;
15742500;12.819450378417969;
15751500;12.731361389160156;
15760500;13.035552978515625;
15769500;12.921295166015625;
15778500;12.973297119140625;
15787500;12.849197387695313;
15796500;13.508506774902344;
15805500;16.262451171875;
15814500;13.500511169433594;
15823500;13.052963256835938;
15832500;13.016647338867188;
15841500;13.146842956542969;
15850500;13.038566589355469;
15859500;13.176490783691406;
15868500;13.1396484375;
15877500;13.2447509765625;
15886500;15.928489685058594;
15895500;18.971473693847656;
15904500;13.336227416992188;
15913500;12.897972106933594;
15922500;13.382102966308594;
15931500;13.683349609375;
15940500;13.072196960449219;
15949500;13.058547973632812;
15958500;13.103302001953125;
15967500;13.508140563964844;
15976500;17.868263244628906;
15985500;19.5899658203125;
15994500;13.808647155761719;
16003500;13.224189758300781;
16012500;13.102340698242188;
16021500;13.225143432617188;
16030500;13.072792053222656;
16039500;12.946395874023437;
16048500;12.99853515625;
16057500;13.171875;
16066500;19.06353759765625;
16075500;18.685325622558594;
16084500;13.303276062011719;
16093500;13.27142333984375;
16102500;13.247467041015625;
16111500;13.036491394042969;
16120500;13.70257568359375;
16129500;13.607368469238281;
16138500;13.345664978027344;
16147500;13.557113647460938;
16156500;17.775871276855469;
16165500;15.781158447265625;
16174500;13.31634521484375;
16183500;13.3016357421875;
16192500;13.528839111328125;
16201500;13.378875732421875;
16210500;13.354019165039062;
16219500;13.444351196289063;
16228500;13.398445129394531;
16237500;13.550506591796875;
16246500;15.641044616699219;
16255500;13.983749389648438;
16264500;14.103134155273438;
16273500;13.671127319335938;
16282500;13.388359069824219;
16291500;13.712112426757813;
16300500;13.671157836914063;
16309500;13.33624267578125;
16318500;13.638633728027344;
16327500;14.447341918945313;
16336500;17.173095703125;
16345500;14.199935913085938;
16354500;13.764572143554688;
16363500;13.678314208984375;
16372500;13.539627075195312;
16381500;13.636192321777344;
16390500;13.6209716796875;
16399500;13.869270324707031;
16408500;13.773292541503906;
16417500;14.91973876953125;
16426500;19.409210205078125;
16435500;14.219741821289063;
16444500;13.629554748535156;
16453500;13.627449035644531;
16462500;13.941368103027344;
16471500;13.666397094726562;
16480500;13.575218200683594;
16489500;13.766075134277344;
16498500;13.564285278320313;
16507500;15.420570373535156;
16516500;19.832275390625;
16525500;13.77471923828125;
16534500;13.35882568359375;
16543500;13.229927062988281;
16552500;13.455245971679688;
16561500;13.234786987304687;
16570500;13.344070434570313;
16579500;13.318572998046875;
16588500;13.235946655273438;
16597500;16.494384765625;
16606500;18.897468566894531;
16615500;13.340072631835937;
16624500;13.33990478515625;
16633500;13.073348999023438;
16642500;13.127853393554687;
16651500;13.080924987792969;
16660500;13.632316589355469;
16669500;13.224624633789063;
16678500;13.193367004394531;
16687500;15.960716247558594;
16696500;16.32098388671875;
16705500;13.312759399414063;
16714500;13.119789123535156;
16723500;13.22308349609375;
16732500;13.613037109375;
16741500;13.314079284667969;
16750500;13.412918090820313;
16759500;13.127693176269531;
16768500;13.220932006835937;
16777500;14.596794128417969;
16786500;14.2276611328125;
16795500;13.837699890136719;
16804500;13.261077880859375;
16813500;13.232955932617188;
16822500;14.064277648925781;
16831500;13.508491516113281;
16840500;13.231155395507813;
16849500;13.4520263671875;
16858500;13.474891662597656;
16867500;14.658035278320313;
16876500;13.679908752441406;
16885500;13.331680297851562;
16894500;13.292823791503906;
16903500;13.288299560546875;
16912500;13.476913452148438;
16921500;13.093360900878906;
16930500;13.306114196777344;
16939500;13.141792297363281;
16948500;13.300621032714844;
16957500;15.589309692382812;
16966500;13.558975219726563;
16975500;13.165824890136719;
16984500;13.048202514648437;
16993500;13.413139343261719;
17002500;13.277420043945313;
17011500;13.268646240234375;
17020500;13.410316467285156;
17029500;13.447036743164063;
17038500;13.837043762207031;
17047500;16.195205688476562;
17056500;13.354270935058594;
17065500;13.636344909667969;
17074500;13.160163879394531;
17083500;12.874176025390625;
17092500;13.027900695800781;
17101500;12.884880065917969;
17110500;13.0501708984375;
17119500;13.151596069335938;
17128500;14.021926879882812;
17137500;16.237655639648438;
17146500;13.054374694824219;
17155500;13.113845825195313;
17164500;12.962997436523438;
17173500;12.75946044921875;
17182500;12.935195922851563;
17191500;13.024528503417969;
17200500;12.917427062988281;
17209500;12.71685791015625;
17218500;13.97540283203125;
17227500;15.553825378417969;
17236500;12.762718200683594;
17245500;12.829299926757813;
17254500;12.754280090332031;
17263500;12.906478881835938;
17272500;12.8173828125;
17281500;12.806442260742187;
17290500;13.111396789550781;
17299500;12.770065307617188;
17308500;13.721199035644531;
17317500;14.444618225097656;
17326500;12.793319702148438;
17335500;12.538200378417969;
17344500;12.695320129394531;
17353500;13.016166687011719;
17362500;12.838768005371094;
17371500;12.798332214355469;
17380500;12.760787963867187;
17389500;12.786003112792969;
17398500;14.063331604003906;
17407500;13.852317810058594;
17416500;12.791801452636719;
17425500;13.21905517578125;
17434500;12.868629455566406;
17443500;12.835777282714844;
17452500;12.82000732421875;
17461500;13.157745361328125;
17470500;12.949974060058594;
17479500;12.880661010742187;
17488500;13.929489135742187;
17497500;13.330635070800781;
17506500;12.746849060058594;
17515500;12.74761962890625;
17524500;13.232353210449219;
17533500;12.855621337890625;
17542500;12.795631408691406;
17551500;12.865432739257812;
17560500;12.968185424804687;
17569500;12.770484924316406;
17578500;14.0634765625;
17587500;12.790061950683594;
17596500;12.643363952636719;
17605500;12.754188537597656;
17614500;12.818038940429688;
17623500;12.932052612304688;
17632500;12.728324890136719;
17641500;12.694183349609375;
17650500;12.628562927246094;
17659500;12.740028381347656;
17668500;13.752731323242188;
17677500;12.829261779785156;
17686500;12.754280090332031;
17695500;12.810493469238281;
17704500;12.766319274902344;
17713500;12.659759521484375;
17722500;12.572029113769531;
17731500;12.774978637695313;
17740500;12.604942321777344;
17749500;12.725303649902344;
17758500;13.804061889648438;
17767500;12.721809387207031;
17776500;12.682937622070313;
17785500;12.684539794921875;
17794500;13.164146423339844;
17803500;12.67864990234375;
17812500;12.455459594726563;
17821500;12.965568542480469;
17830500;12.83734130859375;
17839500;12.946121215820313;
17848500;14.931907653808594;
17857500;13.198043823242187;
17866500;13.183586120605469;
17875500;14.282661437988281;
17884500;15.573432922363281;
17893500;13.504829406738281;
17902500;13.163459777832031;
17911500;12.988563537597656;
17920500;13.036514282226562;
17929500;14.928085327148438;
17938500;17.050453186035156;
17947500;13.648674011230469;
17956500;13.616058349609375;
17965500;13.255661010742188;
17974500;13.105865478515625;
17983500;13.341178894042969;
17992500;13.346450805664063;
18001500;13.59796142578125;
18010500;13.730087280273438;
18019500;17.35357666015625;
18028500;18.234657287597656;
18037500;13.624717712402344;
18046500;13.5147705078125;
18055500;13.623634338378906;
18064500;13.88043212890625;
18073500;13.874397277832031;
18082500;13.635299682617188;
18091500;13.998573303222656;
18100500;14.145462036132813;
18109500;18.826927185058594;
18118500;17.64892578125;
18127500;14.231063842773437;
18136500;14.085601806640625;
18145500;13.890068054199219;
18154500;14.0352783203125;
18163500;14.24664306640625;
18172500;14.19976806640625;
18181500;14.242774963378906;
18190500;14.396614074707031;
18199500;18.659774780273438;
18208500;16.521720886230469;
18217500;14.304634094238281;
18226500;14.399154663085937;
18235500;14.280784606933594;
18244500;14.28643798828125;
18253500;14.317008972167969;
18262500;14.417930603027344;
18271500;14.344902038574219;
18280500;14.469902038574219;
18289500;16.365341186523437;
18298500;14.92974853515625;
18307500;14.3983154296875;
18316500;14.374977111816406;
18325500;14.419090270996094;
18334500;14.353652954101563;
18343500;14.377418518066406;
18352500;14.601737976074219;
18361500;14.795455932617188;
18370500;14.662399291992188;
18379500;16.260017395019531;
18388500;14.671188354492188;
18397500;14.708877563476562;
18406500;14.711639404296875;
18415500;14.629013061523438;
18424500;14.533958435058594;
18433500;14.529869079589844;
18442500;14.67474365234375;
18451500;14.750099182128906;
18460500;16.332656860351563;
18469500;27.843963623046875;
18478500;21.581024169921875;
18487500;14.723495483398437;
18496500;14.905174255371094;
18505500;14.902656555175781;
18514500;14.850494384765625;
18523500;15.014808654785156;
18532500;15.202789306640625;
18541500;15.062660217285156;
18550500;17.563758850097656;
18559500;21.56231689453125;
18568500;15.284469604492187;
18577500;15.043655395507813;
18586500;14.866981506347656;
18595500;15.1138916015625;
18604500;15.069137573242188;
18613500;15.017372131347656;
18622500;15.1591796875;
18631500;15.228912353515625;
18640500;18.810394287109375;
18649500;21.427742004394531;
18658500;15.449493408203125;
18667500;15.112564086914063;
18676500;15.108329772949219;
18685500;15.235588073730469;
18694500;15.232803344726562;
18703500;15.1343994140625;
18712500;14.969383239746094;
18721500;15.128730773925781;
18730500;18.689918518066406;
18739500;18.836456298828125;
18748500;15.063629150390625;
18757500;15.204414367675781;
18766500;15.205299377441406;
18775500;15.146888732910156;
18784500;15.26666259765625;
18793500;15.117332458496094;
18802500;15.11602783203125;
18811500;15.083786010742188;
18820500;16.736351013183594;
18829500;15.982131958007812;
18838500;15.20587158203125;
18847500;14.980438232421875;
18856500;15.408615112304687;
18865500;15.262054443359375;
18874500;15.05059814453125;
18883500;15.113487243652344;
18892500;14.948257446289063;
18901500;15.429069519042969;
18910500;15.993881225585938;
18919500;15.448753356933594;
18928500;15.406951904296875;
18937500;15.360603332519531;
18946500;15.199104309082031;
18955500;15.304824829101563;
18964500;15.408454895019531;
18973500;15.307929992675781;
18982500;15.266151428222656;
18991500;15.460746765136719;
19000500;19.121559143066406;
19009500;16.167022705078125;
19018500;15.385887145996094;
19027500;15.738693237304688;
19036500;15.622909545898438;
19045500;15.251380920410156;
19054500;15.66973876953125;
19063500;15.572380065917969;
19072500;15.423225402832031;
19081500;16.533554077148438;
19090500;21.593696594238281;
19099500;16.447509765625;
19108500;15.473777770996094;
19117500;15.48468017578125;
19126500;15.691680908203125;
19135500;15.660423278808594;
19144500;15.702812194824219;
19153500;15.865814208984375;
19162500;15.909568786621094;
19171500;17.341827392578125;
19180500;21.459419250488281;
19189500;16.324600219726562;
19198500;16.088844299316406;
19207500;15.927726745605469;
19216500;16.02325439453125;
19225500;16.186416625976563;
19234500;16.152534484863281;
19243500;16.187751770019531;
19252500;16.19000244140625;
19261500;17.975234985351563;
19270500;20.305274963378906;
19279500;16.433502197265625;
19288500;16.318252563476562;
19297500;16.303787231445313;
19306500;16.263076782226563;
19315500;16.431884765625;
19324500;16.40972900390625;
19333500;16.453910827636719;
19342500;16.624305725097656;
19351500;17.47369384765625;
19360500;17.907035827636719;
19369500;16.380561828613281;
19378500;16.413261413574219;
19387500;16.587501525878906;
19396500;16.524795532226562;
19405500;16.422874450683594;
19414500;16.6671142578125;
19423500;16.316062927246094;
19432500;16.520851135253906;
19441500;16.953536987304688;
19450500;16.700004577636719;
19459500;16.713401794433594;
19468500;16.740646362304688;
19477500;16.885810852050781;
19486500;16.687957763671875;
19495500;16.824691772460938;
19504500;16.974822998046875;
19513500;16.714378356933594;
19522500;16.688400268554687;
19531500;18.590782165527344;
19540500;17.673454284667969;
19549500;16.574569702148438;
19558500;16.655220031738281;
19567500;16.699424743652344;
19576500;16.719474792480469;
19585500;16.489997863769531;
19594500;16.628715515136719;
19603500;16.580863952636719;
19612500;16.649711608886719;
19621500;20.905906677246094;
19630500;18.030303955078125;
19639500;16.676841735839844;
19648500;16.230209350585937;
19657500;16.362892150878906;
19666500;16.765800476074219;
19675500;16.34210205078125;
19684500;16.406776428222656;
19693500;16.466026306152344;
19702500;16.74200439453125;
19711500;21.295433044433594;
19720500;17.192153930664062;
19729500;16.453285217285156;
19738500;16.244209289550781;
19747500;16.083641052246094;
19756500;16.347953796386719;
19765500;16.369956970214844;
19774500;17.068984985351562;
19783500;16.729232788085938;
19792500;17.128578186035156;
19801500;20.702720642089844;
19810500;16.753738403320313;
19819500;16.221977233886719;
19828500;16.407707214355469;
19837500;16.412101745605469;
19846500;16.372039794921875;
19855500;16.559890747070312;
19864500;16.396011352539063;
19873500;16.157234191894531;
19882500;16.781044006347656;
19891500;18.266281127929688;
19900500;16.552848815917969;
19909500;16.380950927734375;
19918500;16.388839721679688;
19927500;16.25848388671875;
19936500;16.186416625976563;
19945500;16.324485778808594;
19954500;16.298484802246094;
19963500;16.371414184570313;
19972500;16.539268493652344;
19981500;16.613151550292969;
19990500;16.285400390625;
19999500;16.429107666015625;
20008500;16.396835327148437;
20017500;16.588836669921875;
20026500;16.44482421875;
20035500;16.365318298339844;
20044500;16.397865295410156;
20053500;16.532913208007813;
20062500;17.703933715820313;
20071500;17.979225158691406;
20080500;16.451095581054688;
20089500;16.241912841796875;
20098500;16.509422302246094;
20107500;16.30322265625;
20116500;16.497940063476563;
20125500;16.426910400390625;
20134500;16.229461669921875;
20143500;16.373046875;
20152500;19.625144958496094;
20161500;18.494606018066406;
20170500;16.360488891601563;
20179500;16.258598327636719;
20188500;16.058761596679687;
20197500;15.933242797851563;
20206500;16.25927734375;
20215500;16.060928344726562;
20224500;15.973075866699219;
20233500;16.252159118652344;
20242500;20.331832885742188;
20251500;17.688690185546875;
20260500;15.964828491210938;
20269500;15.684272766113281;
20278500;15.958572387695312;
20287500;15.807022094726563;
20296500;15.833442687988281;
20305500;15.7393798828125;
20314500;15.649452209472656;
20323500;15.838447570800781;
20332500;19.503471374511719;
20341500;16.64959716796875;
20350500;15.742752075195313;
20359500;15.718452453613281;
20368500;15.692359924316406;
20377500;15.78778076171875;
20386500;15.709442138671875;
20395500;15.332763671875;
20404500;15.591354370117188;
20413500;15.635040283203125;
20422500;17.157012939453125;
20431500;15.936981201171875;
20440500;15.443626403808594;
20449500;15.620445251464844;
20458500;15.511146545410156;
20467500;15.167747497558594;
20476500;15.577384948730469;
20485500;15.275703430175781;
20494500;15.313705444335937;
20503500;15.534492492675781;
20512500;15.542236328125;
20521500;15.271316528320313;
20530500;15.218841552734375;
20539500;15.064292907714844;
20548500;15.072242736816406;
20557500;14.884490966796875;
20566500;14.854888916015625;
20575500;15.039710998535156;
20584500;14.77740478515625;
20593500;15.187065124511719;
20602500;16.021331787109375;
20611500;14.618003845214844;
20620500;14.61102294921875;
20629500;14.626968383789063;
20638500;14.366561889648437;
20647500;14.593795776367187;
20656500;14.599082946777344;
20665500;14.191619873046875;
20674500;14.522544860839844;
20683500;15.7626953125;
20692500;16.482284545898437;
20701500;14.333633422851562;
20710500;13.936874389648438;
20719500;13.893424987792969;
20728500;14.079055786132813;
20737500;14.002220153808594;
20746500;13.950637817382812;
20755500;13.833251953125;
20764500;13.663993835449219;
20773500;15.955909729003906;
20782500;15.971145629882813;
20791500;13.566879272460937;
20800500;13.430503845214844;
20809500;13.666961669921875;
20818500;13.369483947753906;
20827500;13.431541442871094;
20836500;13.128639221191406;
20845500;13.024650573730469;
20854500;13.284652709960938;
20863500;15.455322265625;
20872500;14.321823120117188;
20881500;12.975326538085938;
20890500;12.888595581054688;
20899500;12.851287841796875;
20908500;12.796028137207031;
20917500;12.998252868652344;
20926500;12.751121520996094;
20935500;13.005767822265625;
20944500;12.657508850097656;
20953500;14.2298583984375;
20962500;13.586578369140625;
20971500;13.161239624023438;
20980500;13.642555236816406;
20989500;13.407508850097656;
20998500;14.819694519042969;
21007500;14.904022216796875;
21016500;13.376731872558594;
21025500;13.061836242675781;
21034500;13.239044189453125;
21043500;13.044578552246094;
21052500;12.724632263183594;
21061500;12.573257446289063;
21070500;12.28985595703125;
21079500;12.436676025390625;
21088500;12.186676025390625;
21097500;12.311088562011719;
21106500;12.491889953613281;
21115500;12.196029663085937;
21124500;12.399612426757813;
21133500;13.185768127441406;
21142500;12.127189636230469;
21151500;12.049240112304688;
21160500;12.1302490234375;
21169500;12.017082214355469;
21178500;12.149925231933594;
21187500;11.68292236328125;
21196500;11.86260986328125;
21205500;11.949905395507813;
21214500;12.113983154296875;
21223500;13.992134094238281;
21232500;11.855117797851563;
21241500;11.6820068359375;
21250500;11.946693420410156;
21259500;11.516716003417969;
21268500;11.485771179199219;
21277500;11.5238037109375;
21286500;11.292709350585937;
21295500;11.667694091796875;
21304500;12.825782775878906;
21313500;14.012794494628906;
21322500;11.604705810546875;
21331500;11.42486572265625;
21340500;11.340263366699219;
21349500;11.093994140625;
21358500;10.996406555175781;
21367500;10.919143676757812;
21376500;11.182464599609375;
21385500;10.874847412109375;
21394500;12.224205017089844;
21403500;12.660354614257813;
21412500;10.51519775390625;
21421500;10.830909729003906;
21430500;10.53009033203125;
21439500;10.252754211425781;
21448500;10.339408874511719;
21457500;10.257438659667969;
21466500;10.223396301269531;
21475500;10.252220153808594;
21484500;11.241111755371094;
21493500;11.055320739746094;
21502500;10.129043579101562;
21511500;10.106880187988281;
21520500;9.7971954345703125;
21529500;9.7030868530273437;
21538500;9.6785202026367187;
21547500;9.6713409423828125;
21556500;9.6735382080078125;
21565500;9.6935577392578125;
21574500;10.046600341796875;
21583500;9.8374481201171875;
21592500;9.7254867553710937;
21601500;9.5506973266601562;
21610500;9.3245391845703125;
21619500;9.6373214721679687;
21628500;9.4542617797851562;
21637500;9.294158935546875;
21646500;9.3038177490234375;
21655500;9.1537017822265625;
21664500;9.7449874877929687;
21673500;8.9993667602539063;
21682500;9.10528564453125;
21691500;9.1972122192382812;
21700500;9.1344146728515625;
21709500;9.239166259765625;
21718500;9.123443603515625;
21727500;8.9597015380859375;
21736500;9.2694625854492187;
21745500;9.0912933349609375;
21754500;10.48150634765625;
21763500;9.1065750122070312;
21772500;8.920684814453125;
21781500;9.1741714477539062;
21790500;8.8743896484375;
21799500;8.7525100708007812;
21808500;8.911895751953125;
21817500;8.7449264526367188;
21826500;8.8575897216796875;
21835500;8.94500732421875;
21844500;10.693496704101563;
21853500;8.6892929077148437;
21862500;8.702667236328125;
21871500;8.6630020141601562;
21880500;8.658843994140625;
21889500;8.6551513671875;
21898500;8.6988525390625;
21907500;8.6923675537109375;
21916500;9.066650390625;
21925500;8.9082260131835937;
21934500;9.7751083374023437;
21943500;8.5627059936523437;
21952500;8.347137451171875;
21961500;8.5620956420898437;
21970500;8.4407501220703125;
21979500;8.5408706665039062;
21988500;8.483795166015625;
21997500;8.2916793823242187;
22006500;8.1427383422851562;
22015500;8.5596389770507812;
22024500;8.7632980346679687;
22033500;8.2284164428710937;
22042500;8.4868087768554687;
22051500;8.4888076782226563;
22060500;8.2379379272460937;
22069500;8.1905746459960937;
22078500;8.1184921264648437;
22087500;8.2054367065429687;
22096500;8.408355712890625;
22105500;8.36956787109375;
22114500;8.3143234252929687;
22123500;8.2471084594726563;
22132500;8.2240982055664062;
22141500;8.3930511474609375;
22150500;8.2628936767578125;
22159500;8.1605377197265625;
22168500;8.46734619140625;
22177500;8.3975906372070312;
22186500;8.3495559692382812;
22195500;8.665771484375;
22204500;8.5103378295898437;
22213500;8.3677825927734375;
22222500;8.4542617797851562;
22231500;8.3651123046875;
22240500;8.376007080078125;
22249500;8.4513778686523437;
22258500;8.5094757080078125;
22267500;8.70513916015625;
22276500;8.7541885375976562;
22285500;9.221282958984375;
22294500;8.971221923828125;
22303500;8.6099090576171875;
22312500;8.64276123046875;
22321500;8.9258804321289062;
22330500;8.8434906005859375;
22339500;9.1631240844726562;
22348500;8.9586868286132812;
22357500;8.7088546752929687;
22366500;9.0264205932617188;
22375500;9.865875244140625;
22384500;9.2413482666015625;
22393500;9.2547225952148438;
22402500;9.2809677124023437;
22411500;9.0789947509765625;
22420500;9.3050994873046875;
22429500;9.2602996826171875;
22438500;9.1341171264648437;
22447500;9.2749404907226563;
22456500;9.390960693359375;
22465500;10.2188720703125;
22474500;9.8998641967773437;
22483500;9.8128738403320312;
22492500;9.859649658203125;
22501500;9.9144744873046875;
22510500;9.821624755859375;
22519500;9.7248611450195313;
22528500;9.7220611572265625;
22537500;9.7339859008789062;
22546500;9.5831222534179687;
22555500;9.6231689453125;
22564500;9.3260574340820312;
22573500;9.5185623168945313;
22582500;9.2615509033203125;
22591500;9.357696533203125;
22600500;9.3772125244140625;
22609500;9.3290557861328125;
22618500;9.4314956665039063;
22627500;9.3762893676757812;
22636500;9.3049392700195313;
22645500;9.2956466674804687;
22654500;9.1436233520507812;
22663500;9.2092437744140625;
22672500;9.199493408203125;
22681500;9.0283050537109375;
22690500;8.9446029663085938;
22699500;9.2127609252929687;
22708500;9.295989990234375;
22717500;9.2865142822265625;
22726500;9.469329833984375;
22735500;9.3425445556640625;
22744500;9.129852294921875;
22753500;9.0232620239257812;
22762500;9.1278152465820312;
22771500;9.2679824829101562;
22780500;9.3863372802734375;
22789500;9.3043670654296875;
22798500;9.5724258422851562;
22807500;9.389984130859375;
22816500;9.69317626953125;
22825500;9.6548309326171875;
22834500;9.2970123291015625;
22843500;9.1856231689453125;
22852500;9.4555740356445313;
22861500;9.5089874267578125;
22870500;9.3626480102539062;
22879500;9.3938140869140625;
22888500;9.5504150390625;
22897500;9.5271530151367187;
22906500;9.8716049194335938;
22915500;9.5963363647460937;
22924500;9.365020751953125;
22933500;9.3727493286132812;
22942500;9.57293701171875;
22951500;9.75555419921875;
22960500;9.8690261840820312;
22969500;9.79449462890625;
22978500;9.7873611450195312;
22987500;9.7332687377929687;
22996500;10.088882446289062;
23005500;9.8782501220703125;
23014500;9.6992340087890625;
23023500;10.186386108398437;
23032500;9.8690719604492187;
23041500;10.078300476074219;
23050500;9.8605880737304687;
23059500;10.465652465820312;
23068500;10.437896728515625;
23077500;10.178627014160156;
23086500;10.3038330078125;
23095500;10.376388549804687;
23104500;10.545753479003906;
23113500;10.644218444824219;
23122500;10.527351379394531;
23131500;10.630828857421875;
23140500;10.168106079101562;
23149500;10.111175537109375;
23158500;10.1239013671875;
23167500;10.293159484863281;
23176500;10.491409301757812;
23185500;10.4722900390625;
23194500;10.294303894042969;
23203500;10.240554809570312;
23212500;10.452743530273437;
23221500;10.53985595703125;
23230500;10.254859924316406;
23239500;10.268264770507812;
23248500;10.463546752929687;
23257500;10.548049926757812;
23266500;10.828689575195313;
23275500;10.796173095703125;
23284500;10.745956420898437;
23293500;10.541473388671875;
23302500;10.55224609375;
23311500;10.841087341308594;
23320500;10.673606872558594;
23329500;10.753387451171875;
23338500;10.920379638671875;
23347500;10.724769592285156;
23356500;10.945106506347656;
23365500;11.293357849121094;
23374500;11.084724426269531;
23383500;11.368263244628906;
23392500;11.532493591308594;
23401500;11.135414123535156;
23410500;11.43280029296875;
23419500;11.494636535644531;
23428500;11.084442138671875;
23437500;11.578483581542969;
23446500;11.298492431640625;
23455500;10.869384765625;
23464500;11.426101684570313;
23473500;11.058067321777344;
23482500;11.320304870605469;
23491500;11.482933044433594;
23500500;11.144889831542969;
23509500;11.195732116699219;
23518500;11.272850036621094;
23527500;11.773651123046875;
23536500;12.55120849609375;
23545500;11.6656494140625;
23554500;11.567222595214844;
23563500;11.596900939941406;
23572500;11.52667236328125;
23581500;11.631988525390625;
23590500;11.791572570800781;
23599500;12.01898193359375;
23608500;12.0565185546875;
23617500;12.185615539550781;
23626500;11.928062438964844;
23635500;11.878608703613281;
23644500;12.035888671875;
23653500;11.981674194335938;
23662500;12.501861572265625;
23671500;12.265914916992188;
23680500;12.094833374023437;
23689500;12.005226135253906;
23698500;12.080787658691406;
23707500;12.111305236816406;
23716500;12.1656494140625;
23725500;12.323509216308594;
23734500;12.367362976074219;
23743500;12.471733093261719;
23752500;12.315460205078125;
23761500;12.728439331054688;
23770500;12.432723999023438;
23779500;12.036079406738281;
23788500;12.334060668945313;
23797500;12.528099060058594;
23806500;12.568435668945313;
23815500;12.675674438476562;
23824500;12.488609313964844;
23833500;12.896453857421875;
23842500;19.197235107421875;
23851500;13.981552124023438;
23860500;12.993621826171875;
23869500;12.795455932617188;
23878500;12.775245666503906;
23887500;12.80999755859375;
23896500;12.714126586914062;
23905500;12.849456787109375;
23914500;12.998741149902344;
23923500;13.191162109375;
23932500;13.457420349121094;
23941500;14.988533020019531;
23950500;15.192413330078125;
23959500;16.279106140136719;
23968500;17.315162658691406;
23977500;18.300918579101562;
23986500;18.807838439941406;
23995500;27.090354919433594;
24004500;37.497489929199219;
24013500;24.321212768554688;
24022500;18.857185363769531;
24031500;17.775405883789063;
24040500;16.01116943359375;
24049500;14.2620849609375;
24058500;13.779212951660156;
24067500;13.689109802246094;
24076500;13.952033996582031;
24085500;14.144248962402344;
24094500;13.725173950195313;
24103500;13.639305114746094;
24112500;13.989837646484375;
24121500;14.287139892578125;
24130500;14.460212707519531;
24139500;13.963157653808594;
24148500;13.455657958984375;
24157500;13.173599243164063;
24166500;12.98046875;
24175500;13.35125732421875;
24184500;13.34912109375;
24193500;13.037239074707031;
24202500;12.369606018066406;
24211500;12.979057312011719;
24220500;13.068321228027344;
24229500;13.662857055664063;
24238500;13.760612487792969;
24247500;13.235671997070313;
24256500;12.674545288085938;
24265500;12.8717041015625;
24274500;13.222030639648437;
24283500;13.483016967773438;
24292500;13.65789794921875;
24301500;13.363784790039063;
24310500;13.348121643066406;
24319500;13.36871337890625;
24328500;13.652076721191406;
24337500;13.902740478515625;
24346500;14.273635864257813;
24355500;12.879135131835937;
24364500;12.630561828613281;
24373500;12.684890747070313;
24382500;13.1845703125;
24391500;13.261489868164062;
24400500;13.1688232421875;
24409500;12.934310913085937;
24418500;12.901321411132813;
24427500;13.092140197753906;
24436500;13.192626953125;
24445500;12.943077087402344;
24454500;12.797256469726563;
24463500;12.8629150390625;
24472500;12.974174499511719;
24481500;13.160476684570313;
24490500;13.178779602050781;
24499500;13.060134887695313;
24508500;13.156829833984375;
24517500;12.911590576171875;
24526500;12.768302917480469;
24535500;13.367866516113281;
24544500;14.375022888183594;
24553500;14.76849365234375;
24562500;13.682365417480469;
24571500;13.83966064453125;
24580500;13.925079345703125;
24589500;14.30291748046875;
24598500;14.086639404296875;
24607500;13.842636108398437;
24616500;14.048080444335937;
24625500;14.767311096191406;
24634500;14.325286865234375;
24643500;13.118682861328125;
24652500;12.514457702636719;
24661500;12.484687805175781;
24670500;12.996932983398438;
24679500;13.252098083496094;
24688500;13.021438598632813;
24697500;12.433677673339844;
24706500;12.359886169433594;
24715500;12.655632019042969;
24724500;13.316688537597656;
24733500;13.284194946289063;
24742500;13.230361938476563;
24751500;13.150688171386719;
24760500;12.929832458496094;
24769500;13.459548950195313;
24778500;13.867088317871094;
24787500;14.005889892578125;
24796500;13.596939086914063;
24805500;12.8096923828125;
24814500;12.670326232910156;
24823500;13.352005004882813;
24832500;13.90380859375;
24841500;13.699005126953125;
24850500;12.947776794433594;
24859500;12.626914978027344;
24868500;12.786102294921875;
24877500;13.415061950683594;
24886500;14.058311462402344;
24895500;13.750511169433594;
24904500;13.271682739257813;
24913500;12.861564636230469;
24922500;13.412612915039063;
24931500;13.794631958007813;
24940500;14.286506652832031;
24949500;13.470390319824219;
24958500;12.645515441894531;
24967500;12.300537109375;
24976500;12.851837158203125;
24985500;13.9801025390625;
24994500;14.113128662109375;
25003500;13.36346435546875;
25012500;12.583236694335937;
25021500;12.32568359375;
25030500;13.058944702148438;
25039500;13.989791870117188;
25048500;13.959327697753906;
25057500;13.887588500976563;
25066500;12.963134765625;
25075500;12.847328186035156;
25084500;13.606414794921875;
25093500;14.490310668945313;
25102500;14.29388427734375;
25111500;13.7432861328125;
25120500;12.951911926269531;
25129500;13.820686340332031;
25138500;14.451812744140625;
25147500;15.028099060058594;
25156500;15.083244323730469;
25165500;14.092010498046875;
25174500;13.270057678222656;
25183500;13.973274230957031;
25192500;14.503501892089844;
25201500;14.85528564453125;
25210500;14.282279968261719;
25219500;13.618972778320312;
25228500;13.692543029785156;
25237500;14.101249694824219;
25246500;14.716117858886719;
25255500;14.845497131347656;
25264500;14.453750610351562;
25273500;14.003021240234375;
25282500;14.008049011230469;
25291500;14.470390319824219;
25300500;14.844802856445312;
25309500;14.968109130859375;
25318500;14.5228271484375;
25327500;13.753959655761719;
25336500;13.999732971191406;
25345500;14.569076538085937;
25354500;14.846084594726563;
25363500;14.970252990722656;
25372500;14.600692749023438;
25381500;14.889808654785156;
25390500;15.197929382324219;
25399500;15.400398254394531;
25408500;15.806816101074219;
25417500;15.507759094238281;
25426500;15.237152099609375;
25435500;15.438079833984375;
25444500;15.733108520507813;
25453500;16.542503356933594;
25462500;17.148750305175781;
25471500;17.641700744628906;
25480500;18.726119995117188;
25489500;18.81103515625;
25498500;18.8983154296875;
25507500;18.660675048828125;
25516500;18.594161987304688;
25525500;18.157745361328125;
25534500;17.774162292480469;
25543500;17.262832641601563;
25552500;16.532058715820313;
25561500;16.890975952148438;
25570500;16.576042175292969;
25579500;15.54437255859375;
25588500;15.959823608398438;
25597500;15.942733764648438;
25606500;15.510871887207031;
25615500;15.619293212890625;
25624500;15.199684143066406;
25633500;15.51434326171875;
25642500;15.658302307128906;
25651500;15.260871887207031;
25660500;14.892791748046875;
25669500;14.550201416015625;
25678500;14.385429382324219;
25687500;14.925888061523437;
25696500;15.29132080078125;
25705500;15.118606567382812;
25714500;14.906692504882813;
25723500;14.451522827148438;
25732500;14.699462890625;
25741500;15.217018127441406;
25750500;15.4432373046875;
25759500;15.157241821289063;
25768500;14.59686279296875;
25777500;14.480697631835938;
25786500;14.895111083984375;
25795500;15.543594360351563;
25804500;15.718536376953125;
25813500;15.26812744140625;
25822500;14.623207092285156;
25831500;14.570915222167969;
25840500;15.043495178222656;
25849500;15.400260925292969;
25858500;15.47613525390625;
25867500;15.003890991210938;
25876500;14.529037475585938;
25885500;14.577079772949219;
25894500;14.838302612304688;
25903500;15.495391845703125;
25912500;15.433616638183594;
25921500;14.749771118164063;
25930500;15.023681640625;
25939500;15.162582397460938;
25948500;15.464691162109375;
25957500;16.016563415527344;
25966500;17.534591674804687;
25975500;18.172386169433594;
25984500;15.203643798828125;
25993500;15.214248657226563;
26002500;15.744857788085937;
26011500;15.932929992675781;
26020500;15.73150634765625;
26029500;14.994613647460938;
26038500;15.137222290039062;
26047500;15.482597351074219;
26056500;16.330474853515625;
26065500;16.182518005371094;
26074500;15.925537109375;
26083500;16.146766662597656;
26092500;16.270851135253906;
26101500;16.414710998535156;
26110500;16.694671630859375;
26119500;16.501487731933594;
26128500;16.172645568847656;
26137500;15.945449829101563;
26146500;15.862228393554687;
26155500;16.215095520019531;
26164500;16.614212036132812;
26173500;16.194442749023437;
26182500;15.940849304199219;
26191500;16.235992431640625;
26200500;16.339523315429687;
26209500;16.553176879882812;
26218500;16.675804138183594;
26227500;16.358383178710937;
26236500;16.253135681152344;
26245500;16.276992797851563;
26254500;16.35369873046875;
26263500;16.768966674804687;
26272500;16.591682434082031;
26281500;17.012741088867187;
26290500;16.594078063964844;
26299500;16.590087890625;
26308500;16.847297668457031;
26317500;17.255928039550781;
26326500;16.852218627929687;
26335500;16.711898803710938;
26344500;16.578262329101563;
26353500;16.703598022460938;
26362500;16.76434326171875;
26371500;18.285476684570313;
26380500;19.268646240234375;
26389500;16.627174377441406;
26398500;16.576019287109375;
26407500;16.907302856445313;
26416500;17.120346069335938;
26425500;17.111236572265625;
26434500;16.866355895996094;
26443500;16.835502624511719;
26452500;16.888053894042969;
26461500;17.280387878417969;
26470500;17.256889343261719;
26479500;17.08953857421875;
26488500;17.182601928710937;
26497500;17.223457336425781;
26506500;17.037910461425781;
26515500;17.203788757324219;
26524500;17.40679931640625;
26533500;17.373016357421875;
26542500;17.167304992675781;
26551500;17.731773376464844;
26560500;17.4169921875;
26569500;17.352455139160156;
26578500;17.49029541015625;
26587500;17.301338195800781;
26596500;17.276473999023438;
26605500;17.565834045410156;
26614500;17.821929931640625;
26623500;17.908767700195312;
26632500;17.783279418945313;
26641500;18.383392333984375;
26650500;17.708915710449219;
26659500;17.681442260742188;
26668500;17.710128784179688;
26677500;17.797760009765625;
26686500;17.460426330566406;
26695500;17.282806396484375;
26704500;17.42620849609375;
26713500;17.551177978515625;
26722500;18.159263610839844;
26731500;18.663490295410156;
26740500;17.168411254882812;
26749500;17.05340576171875;
26758500;17.174575805664063;
26767500;17.723106384277344;
26776500;17.865684509277344;
26785500;18.810775756835937;
26794500;16.798683166503906;
26803500;16.751800537109375;
26812500;18.224273681640625;
26821500;18.253402709960937;
26830500;16.913444519042969;
26839500;16.717948913574219;
26848500;16.329437255859375;
26857500;16.698806762695313;
26866500;16.725028991699219;
26875500;17.033843994140625;
26884500;16.893302917480469;
26893500;16.463287353515625;
26902500;17.735084533691406;
26911500;17.463615417480469;
26920500;16.706871032714844;
26929500;16.57470703125;
26938500;16.684501647949219;
26947500;16.244789123535156;
26956500;16.630142211914063;
26965500;17.15411376953125;
26974500;17.624931335449219;
26983500;17.998588562011719;
26992500;18.574165344238281;
27001500;20.396476745605469;
27010500;19.354965209960937;
27019500;17.832717895507813;
27028500;17.448677062988281;
27037500;16.874748229980469;
27046500;15.821365356445312;
27055500;15.312026977539063;
27064500;15.099586486816406;
27073500;15.318405151367188;
27082500;15.905693054199219;
27091500;14.949417114257813;
27100500;14.536941528320313;
27109500;14.741455078125;
27118500;14.934341430664063;
27127500;14.869834899902344;
27136500;14.882453918457031;
27145500;14.337425231933594;
27154500;14.200393676757813;
27163500;14.10113525390625;
27172500;15.071708679199219;
27181500;14.290939331054688;
27190500;17.196723937988281;
27199500;15.983695983886719;
27208500;13.09747314453125;
27217500;13.310508728027344;
27226500;13.802085876464844;
27235500;13.382415771484375;
27244500;13.409027099609375;
27253500;13.199150085449219;
27262500;14.479957580566406;
27271500;13.255279541015625;
27280500;13.066192626953125;
27289500;12.8662109375;
27298500;12.734298706054687;
27307500;12.607826232910156;
27316500;12.735000610351563;
27325500;12.680023193359375;
27334500;12.506134033203125;
27343500;12.950225830078125;
27352500;13.828170776367188;
27361500;11.890106201171875;
27370500;11.990814208984375;
27379500;12.079032897949219;
27388500;11.754981994628906;
27397500;11.620941162109375;
27406500;11.842185974121094;
27415500;11.334938049316406;
27424500;11.442543029785156;
27433500;12.5693359375;
27442500;13.47265625;
27451500;11.100608825683594;
27460500;10.986473083496094;
27469500;10.878395080566406;
27478500;10.890396118164063;
27487500;10.994117736816406;
27496500;10.643913269042969;
27505500;10.509613037109375;
27514500;10.603439331054688;
27523500;11.230003356933594;
27532500;10.991249084472656;
27541500;10.298240661621094;
27550500;10.223281860351562;
27559500;10.243911743164062;
27568500;10.291725158691406;
27577500;9.986236572265625;
27586500;10.374595642089844;
27595500;12.140159606933594;
27604500;10.017547607421875;
27613500;10.262176513671875;
27622500;10.299118041992187;
27631500;9.9440231323242187;
27640500;9.68145751953125;
27649500;9.6805572509765625;
27658500;9.4615020751953125;
27667500;9.0593719482421875;
27676500;9.3438949584960937;
27685500;9.51300048828125;
27694500;9.2849044799804687;
27703500;9.3864898681640625;
27712500;8.87310791015625;
27721500;9.2072219848632812;
27730500;9.3694839477539062;
27739500;9.13623046875;
27748500;9.0217208862304687;
27757500;8.8778305053710937;
27766500;8.9892959594726563;
27775500;9.255218505859375;
27784500;9.3859786987304687;
27793500;9.5914306640625;
27802500;9.1885833740234375;
27811500;8.9481124877929687;
27820500;8.9476470947265625;
27829500;8.8548583984375;
27838500;9.3136138916015625;
27847500;9.310882568359375;
27856500;9.1377410888671875;
27865500;9.1069488525390625;
27874500;9.0868072509765625;
27883500;9.9790496826171875;
27892500;9.2832107543945312;
27901500;9.3663406372070312;
27910500;9.1247940063476563;
27919500;9.0564117431640625;
27928500;9.3392333984375;
27937500;9.7288055419921875;
27946500;9.3731307983398438;
27955500;9.4150314331054687;
27964500;9.4012374877929687;
27973500;9.6592254638671875;
27982500;9.4960098266601562;
27991500;9.626495361328125;
28000500;9.9541702270507812;
28009500;9.5938644409179687;
28018500;9.41949462890625;
28027500;9.3166580200195313;
28036500;9.6447525024414062;
28045500;9.7072372436523437;
28054500;9.9073486328125;
28063500;9.9533309936523437;
28072500;9.5425796508789063;
28081500;9.6717300415039062;
28090500;9.893707275390625;
28099500;9.8250503540039062;
28108500;10.067840576171875;
28117500;9.9901809692382812;
28126500;9.8540191650390625;
28135500;9.76080322265625;
28144500;10.2249755859375;
28153500;10.030097961425781;
28162500;10.078147888183594;
28171500;9.8651657104492187;
28180500;9.9534912109375;
28189500;10.17889404296875;
28198500;10.093170166015625;
28207500;10.034599304199219;
28216500;10.5677490234375;
28225500;10.725540161132813;
28234500;10.394149780273437;
28243500;10.203636169433594;
28252500;10.048980712890625;
28261500;10.545516967773437;
28270500;10.358924865722656;
28279500;10.123565673828125;
28288500;10.256904602050781;
28297500;10.472488403320312;
28306500;10.47119140625;
28315500;10.81689453125;
28324500;10.823654174804688;
28333500;10.597015380859375;
28342500;10.597686767578125;
28351500;10.597328186035156;
28360500;10.418083190917969;
28369500;10.39361572265625;
28378500;10.544479370117187;
28387500;10.580001831054688;
28396500;10.739021301269531;
28405500;11.271011352539063;
28414500;11.269294738769531;
28423500;11.064346313476563;
28432500;11.660430908203125;
28441500;11.13031005859375;
28450500;11.176017761230469;
28459500;11.030838012695313;
28468500;11.409965515136719;
28477500;11.643592834472656;
28486500;12.253677368164063;
28495500;11.923072814941406;
28504500;11.949249267578125;
28513500;11.469230651855469;
28522500;11.457038879394531;
28531500;11.439788818359375;
28540500;11.273056030273438;
28549500;11.477729797363281;
28558500;11.600814819335938;
28567500;11.453330993652344;
28576500;11.563560485839844;
28585500;11.687149047851562;
28594500;12.024864196777344;
28603500;11.701316833496094;
28612500;11.790802001953125;
28621500;11.815147399902344;
28630500;13.491806030273438;
28639500;13.280227661132812;
28648500;11.830513000488281;
28657500;11.830337524414063;
28666500;11.96044921875;
28675500;11.944740295410156;
28684500;12.023483276367188;
28693500;11.993446350097656;
28702500;12.006614685058594;
28711500;12.491325378417969;
28720500;12.051170349121094;
28729500;12.097251892089844;
28738500;12.118194580078125;
28747500;12.424278259277344;
28756500;12.454742431640625;
28765500;12.494293212890625;
28774500;12.358154296875;
28783500;12.471641540527344;
28792500;12.560600280761719;
28801500;12.791488647460938;
28810500;12.805831909179688;
28819500;12.800643920898438;
28828500;13.040771484375;
28837500;12.9039306640625;
28846500;12.9635009765625;
28855500;13.047386169433594;
28864500;13.2977294921875;
28873500;13.175636291503906;
28882500;13.040687561035156;
28891500;13.179580688476563;
28900500;13.137893676757812;
28909500;13.294883728027344;
28918500;13.432540893554688;
28927500;13.390113830566406;
28936500;13.455467224121094;
28945500;13.964057922363281;
28954500;13.890762329101563;
28963500;13.596183776855469;
28972500;13.618995666503906;
28981500;13.999832153320313;
28990500;14.08123779296875;
28999500;13.914764404296875;
29008500;13.72552490234375;
29017500;14.206199645996094;
29026500;13.941398620605469;
29035500;14.699325561523438;
29044500;14.624382019042969;
29053500;14.309494018554688;
29062500;14.275161743164063;
29071500;14.461624145507813;
29080500;14.535621643066406;
29089500;14.731452941894531;
29098500;14.875473022460938;
29107500;14.655860900878906;
29116500;14.6898193359375;
29125500;15.329940795898438;
29134500;14.830924987792969;
29143500;15.193115234375;
29152500;15.180534362792969;
29161500;15.04583740234375;
29170500;15.33203125;
29179500;15.293617248535156;
29188500;15.409416198730469;
29197500;15.346824645996094;
29206500;15.381149291992187;
29215500;16.020301818847656;
29224500;16.009658813476563;
29233500;15.786140441894531;
29242500;15.97259521484375;
29251500;16.274742126464844;
29260500;16.253677368164063;
29269500;16.368804931640625;
29278500;16.538871765136719;
29287500;18.316154479980469;
29296500;16.663406372070313;
29305500;16.784194946289063;
29314500;16.99395751953125;
29323500;16.9786376953125;
29332500;17.00396728515625;
29341500;17.206047058105469;
29350500;17.055572509765625;
29359500;17.499359130859375;
29368500;17.574844360351563;
29377500;17.597000122070313;
29386500;17.750442504882812;
29395500;18.150535583496094;
29404500;18.210517883300781;
29413500;18.573753356933594;
29422500;18.274131774902344;
29431500;18.367683410644531;
29440500;18.604484558105469;
29449500;18.5787353515625;
29458500;18.3157958984375;
29467500;18.5401611328125;
29476500;19.058944702148437;
29485500;19.396408081054687;
29494500;19.207168579101562;
29503500;18.723289489746094;
29512500;18.87347412109375;
29521500;19.289558410644531;
29530500;19.302513122558594;
29539500;18.900825500488281;
29548500;19.364662170410156;
29557500;19.207496643066406;
29566500;20.259330749511719;
29575500;20.09991455078125;
29584500;19.368721008300781;
29593500;19.894302368164063;
29602500;19.867240905761719;
29611500;20.031654357910156;
29620500;20.006004333496094;
29629500;20.275627136230469;
29638500;19.765861511230469;
29647500;19.871444702148438;
29656500;20.819496154785156;
29665500;22.245353698730469;
29674500;21.567092895507813;
29683500;20.489067077636719;
29692500;20.152740478515625;
29701500;20.0675048828125;
29710500;20.026954650878906;
29719500;20.639060974121094;
29728500;20.465476989746094;
29737500;20.389411926269531;
29746500;21.153793334960937;
29755500;21.062538146972656;
29764500;20.694854736328125;
29773500;20.250320434570313;
29782500;20.199172973632813;
29791500;20.089248657226562;
29800500;25.001960754394531;
29809500;25.093292236328125;
29818500;20.464569091796875;
29827500;22.602340698242188;
29836500;20.75897216796875;
29845500;20.082000732421875;
29854500;20.223869323730469;
29863500;20.313796997070313;
29872500;20.382156372070313;
29881500;20.203857421875;
29890500;20.070648193359375;
29899500;20.588455200195313;
29908500;20.087905883789063;
29917500;20.337593078613281;
29926500;21.490287780761719;
29935500;20.581947326660156;
29944500;20.158561706542969;
29953500;19.947708129882813;
29962500;20.311447143554688;
29971500;20.768821716308594;
29980500;21.1016845703125;
29989500;20.956703186035156;
29998500;24.705619812011719;
