Type;FSV-13;
Version;3.70;
Date;14.Mar 24;
Mode;ANALYZER;
Center Freq;15076500.000000;Hz
Freq Offset;0.000000;Hz
Span;29844000.000000;Hz
x-Axis;LIN;
Start;154500.000000;Hz
Stop;29998500.000000;Hz
Ref Level;61.000000;dBµV
Level Offset;0.000000;dB
Ref Position;100.000000;%
y-Axis;LOG;
Level Range;100.000000;dB
Rf Att;0.000000;dB
El Att;0.000000;dB
RBW;9000.000000;Hz
VBW;100000.000000;Hz
SWT;0.100000;s
Trace Mode;AVERAGE;
Detector;RMS;
Sweep Count;0;
Trace 1:;;
x-Unit;Hz;
y-Unit;dBµV;
Preamplifier;OFF;
Transducer;OFF;
Values;3317;
154500;32.976150512695313;
163500;28.058029174804688;
172500;30.3201904296875;
181500;25.735862731933594;
190500;30.108879089355469;
199500;32.190971374511719;
208500;30.094329833984375;
217500;29.62750244140625;
226500;26.976974487304687;
235500;31.035614013671875;
244500;28.567512512207031;
253500;30.333877563476563;
262500;28.578872680664063;
271500;32.189193725585937;
280500;32.546005249023438;
289500;36.037628173828125;
298500;31.917289733886719;
307500;30.250473022460938;
316500;35.727348327636719;
325500;30.959403991699219;
334500;28.018646240234375;
343500;20.4886474609375;
352500;28.143997192382812;
361500;27.274917602539063;
370500;29.236648559570313;
379500;23.031356811523438;
388500;19.221389770507813;
397500;24.288093566894531;
406500;26.325798034667969;
415500;25.009719848632813;
424500;22.675453186035156;
433500;21.832489013671875;
442500;21.585845947265625;
451500;24.7330322265625;
460500;20.673606872558594;
469500;19.045143127441406;
478500;20.571731567382813;
487500;23.249420166015625;
496500;22.866081237792969;
505500;18.563644409179688;
514500;16.950416564941406;
523500;18.905021667480469;
532500;21.132553100585938;
541500;16.338539123535156;
550500;16.579849243164062;
559500;16.742156982421875;
568500;20.723770141601563;
577500;20.606842041015625;
586500;16.997367858886719;
595500;16.933418273925781;
604500;14.640464782714844;
613500;14.755859375;
622500;13.57855224609375;
631500;16.303268432617188;
640500;16.957572937011719;
649500;17.375770568847656;
658500;17.352996826171875;
667500;16.561187744140625;
676500;24.389732360839844;
685500;19.916854858398438;
694500;21.799705505371094;
703500;20.962875366210938;
712500;27.62359619140625;
721500;27.269210815429688;
730500;27.266242980957031;
739500;25.3009033203125;
748500;27.068527221679687;
757500;34.270156860351562;
766500;29.855636596679687;
775500;28.042617797851563;
784500;26.246810913085938;
793500;36.623504638671875;
802500;34.300849914550781;
811500;36.199844360351563;
820500;30.311241149902344;
829500;33.558364868164063;
838500;40.575103759765625;
847500;41.356437683105469;
856500;39.088081359863281;
865500;36.038658142089844;
874500;43.3499755859375;
883500;46.137744903564453;
892500;49.348281860351563;
901500;43.603298187255859;
910500;41.466217041015625;
919500;44.59912109375;
928500;52.623855590820312;
937500;47.986915588378906;
946500;44.610923767089844;
955500;44.163715362548828;
964500;47.124835968017578;
973500;51.238006591796875;
982500;43.105690002441406;
991500;43.600864410400391;
1000500;45.519058227539063;
1009500;46.939655303955078;
1018500;42.080101013183594;
1027500;38.953826904296875;
1036500;47.000850677490234;
1045500;40.562248229980469;
1054500;41.916694641113281;
1063500;38.692955017089844;
1072500;42.481864929199219;
1081500;43.680179595947266;
1090500;36.622230529785156;
1099500;33.347885131835938;
1108500;33.338287353515625;
1117500;40.865676879882813;
1126500;30.867561340332031;
1135500;26.927970886230469;
1144500;30.651779174804688;
1153500;36.01617431640625;
1162500;33.213676452636719;
1171500;24.525749206542969;
1180500;25.520233154296875;
1189500;26.033462524414062;
1198500;31.730194091796875;
1207500;23.563644409179688;
1216500;26.090194702148437;
1225500;27.927879333496094;
1234500;31.381011962890625;
1243500;30.006813049316406;
1252500;26.208328247070313;
1261500;24.036178588867188;
1270500;22.103836059570312;
1279500;23.990570068359375;
1288500;19.863937377929688;
1297500;17.667404174804688;
1306500;16.971199035644531;
1315500;18.013755798339844;
1324500;25.713134765625;
1333500;23.164207458496094;
1342500;17.698135375976563;
1351500;15.995429992675781;
1360500;17.7066650390625;
1369500;19.792274475097656;
1378500;23.058067321777344;
1387500;24.926239013671875;
1396500;25.673294067382813;
1405500;25.465248107910156;
1414500;27.127311706542969;
1423500;24.815086364746094;
1432500;22.484664916992187;
1441500;22.845352172851563;
1450500;22.270561218261719;
1459500;21.822776794433594;
1468500;21.03326416015625;
1477500;24.801071166992188;
1486500;19.918350219726562;
1495500;20.904403686523438;
1504500;24.312278747558594;
1513500;26.019660949707031;
1522500;26.128585815429687;
1531500;22.789939880371094;
1540500;26.596321105957031;
1549500;28.542404174804688;
1558500;32.034141540527344;
1567500;29.385635375976563;
1576500;29.531143188476563;
1585500;30.517616271972656;
1594500;33.146858215332031;
1603500;31.572250366210937;
1612500;31.353828430175781;
1621500;31.002281188964844;
1630500;31.284957885742187;
1639500;35.83050537109375;
1648500;33.073402404785156;
1657500;32.911506652832031;
1666500;32.474769592285156;
1675500;36.824676513671875;
1684500;34.681671142578125;
1693500;36.052864074707031;
1702500;34.180938720703125;
1711500;34.494010925292969;
1720500;38.076828002929688;
1729500;35.632743835449219;
1738500;34.08538818359375;
1747500;32.165290832519531;
1756500;36.458480834960938;
1765500;32.464515686035156;
1774500;33.286994934082031;
1783500;29.72149658203125;
1792500;30.099334716796875;
1801500;33.0289306640625;
1810500;29.401657104492188;
1819500;27.140495300292969;
1828500;25.997169494628906;
1837500;31.381011962890625;
1846500;25.730476379394531;
1855500;26.616249084472656;
1864500;27.237037658691406;
1873500;27.363960266113281;
1882500;27.993858337402344;
1891500;23.055854797363281;
1900500;24.721893310546875;
1909500;25.030136108398438;
1918500;26.922370910644531;
1927500;22.526199340820312;
1936500;21.701927185058594;
1945500;26.185760498046875;
1954500;24.616691589355469;
1963500;23.821250915527344;
1972500;22.187225341796875;
1981500;23.974746704101563;
1990500;23.817161560058594;
1999500;25.374252319335938;
2008500;21.781242370605469;
2017500;22.007057189941406;
2026500;24.167388916015625;
2035500;24.770278930664063;
2044500;23.405517578125;
2053500;21.937042236328125;
2062500;22.461753845214844;
2071500;22.002082824707031;
2080500;25.0648193359375;
2089500;20.605636596679687;
2098500;20.328453063964844;
2107500;20.967872619628906;
2116500;23.797920227050781;
2125500;21.155357360839844;
2134500;19.792961120605469;
2143500;19.509307861328125;
2152500;19.561805725097656;
2161500;22.7391357421875;
2170500;18.735763549804688;
2179500;17.386962890625;
2188500;17.844284057617188;
2197500;20.945541381835938;
2206500;17.866683959960937;
2215500;17.637290954589844;
2224500;16.64813232421875;
2233500;16.996543884277344;
2242500;18.637184143066406;
2251500;16.625640869140625;
2260500;16.069160461425781;
2269500;15.439926147460938;
2278500;18.018943786621094;
2287500;15.077659606933594;
2296500;16.927787780761719;
2305500;23.085212707519531;
2314500;16.22662353515625;
2323500;16.47283935546875;
2332500;15.355842590332031;
2341500;14.885093688964844;
2350500;14.038276672363281;
2359500;17.710334777832031;
2368500;14.960311889648438;
2377500;15.849029541015625;
2386500;23.150177001953125;
2395500;28.855628967285156;
2404500;18.112693786621094;
2413500;15.657455444335937;
2422500;15.658798217773438;
2431500;16.108512878417969;
2440500;19.014755249023438;
2449500;15.225471496582031;
2458500;15.806961059570313;
2467500;17.073783874511719;
2476500;25.235252380371094;
2485500;26.989059448242188;
2494500;16.209877014160156;
2503500;15.171684265136719;
2512500;16.3912353515625;
2521500;20.139457702636719;
2530500;17.841453552246094;
2539500;17.33026123046875;
2548500;17.287345886230469;
2557500;20.848434448242188;
2566500;23.416145324707031;
2575500;23.4478759765625;
2584500;18.274971008300781;
2593500;19.857421875;
2602500;21.8380126953125;
2611500;20.221298217773438;
2620500;18.225639343261719;
2629500;17.899566650390625;
2638500;21.095558166503906;
2647500;19.099151611328125;
2656500;20.249153137207031;
2665500;18.466865539550781;
2674500;19.294754028320313;
2683500;20.408042907714844;
2692500;18.989212036132812;
2701500;17.778587341308594;
2710500;17.5362548828125;
2719500;20.548973083496094;
2728500;18.217605590820313;
2737500;18.3341064453125;
2746500;18.493766784667969;
2755500;19.3336181640625;
2764500;19.691749572753906;
2773500;17.651573181152344;
2782500;16.513946533203125;
2791500;16.421867370605469;
2800500;20.081161499023438;
2809500;16.982177734375;
2818500;16.316543579101563;
2827500;16.167579650878906;
2836500;23.008598327636719;
2845500;19.117271423339844;
2854500;17.38848876953125;
2863500;16.117271423339844;
2872500;16.108848571777344;
2881500;18.709968566894531;
2890500;16.858123779296875;
2899500;16.159477233886719;
2908500;15.521064758300781;
2917500;18.676994323730469;
2926500;24.955757141113281;
2935500;18.085517883300781;
2944500;15.600776672363281;
2953500;15.514419555664063;
2962500;17.655685424804687;
2971500;16.307807922363281;
2980500;15.837165832519531;
2989500;16.54150390625;
2998500;20.613594055175781;
3007500;18.904022216796875;
3016500;24.539375305175781;
3025500;16.401077270507812;
3034500;16.344764709472656;
3043500;17.370536804199219;
3052500;16.044410705566406;
3061500;15.062744140625;
3070500;15.252616882324219;
3079500;17.693229675292969;
3088500;15.895561218261719;
3097500;18.519119262695313;
3106500;21.436050415039063;
3115500;15.998649597167969;
3124500;16.431236267089844;
3133500;15.176040649414063;
3142500;15.2733154296875;
3151500;15.662803649902344;
3160500;17.61676025390625;
3169500;16.410324096679688;
3178500;16.898361206054688;
3187500;18.086067199707031;
3196500;19.00714111328125;
3205500;17.16204833984375;
3214500;17.105606079101562;
3223500;16.41363525390625;
3232500;16.64569091796875;
3241500;18.182395935058594;
3250500;17.312767028808594;
3259500;17.711967468261719;
3268500;17.879348754882812;
3277500;18.749244689941406;
3286500;18.003997802734375;
3295500;18.150276184082031;
3304500;17.757881164550781;
3313500;18.422866821289062;
3322500;19.834854125976562;
3331500;20.173988342285156;
3340500;20.935287475585938;
3349500;21.025604248046875;
3358500;21.560569763183594;
3367500;23.973556518554688;
3376500;22.629806518554688;
3385500;21.209243774414062;
3394500;21.286277770996094;
3403500;21.799537658691406;
3412500;21.756027221679688;
3421500;21.784629821777344;
3430500;21.773399353027344;
3439500;22.199127197265625;
3448500;21.410133361816406;
3457500;26.71527099609375;
3466500;22.869743347167969;
3475500;21.255813598632812;
3484500;21.91015625;
3493500;22.092552185058594;
3502500;23.29693603515625;
3511500;22.3695068359375;
3520500;22.490715026855469;
3529500;21.6729736328125;
3538500;21.401565551757813;
3547500;25.147575378417969;
3556500;21.310211181640625;
3565500;20.661026000976562;
3574500;20.336257934570313;
3583500;19.835464477539063;
3592500;19.394210815429687;
3601500;19.547294616699219;
3610500;18.755989074707031;
3619500;17.869041442871094;
3628500;17.682670593261719;
3637500;20.071098327636719;
3646500;18.063201904296875;
3655500;18.113800048828125;
3664500;18.406059265136719;
3673500;18.363838195800781;
3682500;19.014892578125;
3691500;18.512657165527344;
3700500;18.18804931640625;
3709500;18.19842529296875;
3718500;18.418251037597656;
3727500;18.615379333496094;
3736500;18.474128723144531;
3745500;18.055923461914062;
3754500;17.748481750488281;
3763500;18.543975830078125;
3772500;17.769706726074219;
3781500;17.525260925292969;
3790500;17.665618896484375;
3799500;18.146553039550781;
3808500;17.543182373046875;
3817500;17.869857788085937;
3826500;17.993934631347656;
3835500;18.027923583984375;
3844500;18.586868286132813;
3853500;17.922286987304687;
3862500;18.023635864257812;
3871500;17.835861206054687;
3880500;18.245529174804688;
3889500;17.945106506347656;
3898500;18.163871765136719;
3907500;18.142646789550781;
3916500;18.210739135742188;
3925500;18.398300170898438;
3934500;17.661369323730469;
3943500;17.387435913085938;
3952500;17.196075439453125;
3961500;18.026786804199219;
3970500;17.2872314453125;
3979500;17.312019348144531;
3988500;17.583793640136719;
3997500;17.459808349609375;
4006500;17.583106994628906;
4015500;17.439208984375;
4024500;17.213836669921875;
4033500;16.983360290527344;
4042500;17.519744873046875;
4051500;17.212753295898437;
4060500;17.55401611328125;
4069500;17.3809814453125;
4078500;17.956016540527344;
4087500;17.95184326171875;
4096500;17.936599731445313;
4105500;17.709266662597656;
4114500;17.693008422851563;
4123500;18.303726196289063;
4132500;18.206062316894531;
4141500;18.137832641601563;
4150500;18.388931274414063;
4159500;18.90435791015625;
4168500;18.616622924804688;
4177500;19.160537719726562;
4186500;18.83465576171875;
4195500;19.842132568359375;
4204500;19.871307373046875;
4213500;20.076744079589844;
4222500;20.036483764648437;
4231500;20.428977966308594;
4240500;20.906974792480469;
4249500;20.943290710449219;
4258500;21.125885009765625;
4267500;21.357261657714844;
4276500;21.532356262207031;
4285500;21.949050903320313;
4294500;21.880645751953125;
4303500;22.025054931640625;
4312500;21.959884643554687;
4321500;22.224372863769531;
4330500;22.177665710449219;
4339500;22.028434753417969;
4348500;22.108428955078125;
4357500;21.924278259277344;
4366500;21.956024169921875;
4375500;21.893966674804688;
4384500;21.470870971679688;
4393500;21.506172180175781;
4402500;21.495986938476562;
4411500;21.184799194335938;
4420500;21.019081115722656;
4429500;20.596641540527344;
4438500;20.792282104492188;
4447500;20.379798889160156;
4456500;20.106071472167969;
4465500;20.057640075683594;
4474500;19.383125305175781;
4483500;19.63592529296875;
4492500;19.172737121582031;
4501500;18.921127319335938;
4510500;18.651504516601563;
4519500;18.758399963378906;
4528500;18.428352355957031;
4537500;18.313011169433594;
4546500;17.521202087402344;
4555500;17.742889404296875;
4564500;17.782173156738281;
4573500;17.388885498046875;
4582500;16.928794860839844;
4591500;16.820365905761719;
4600500;16.781455993652344;
4609500;17.001518249511719;
4618500;16.844200134277344;
4627500;15.996017456054688;
4636500;15.778297424316406;
4645500;15.992401123046875;
4654500;15.518760681152344;
4663500;15.012825012207031;
4672500;14.556900024414063;
4681500;15.059501647949219;
4690500;14.4691162109375;
4699500;15.668746948242188;
4708500;14.521537780761719;
4717500;13.628517150878906;
4726500;14.315544128417969;
4735500;13.075782775878906;
4744500;12.931358337402344;
4753500;12.646858215332031;
4762500;13.569786071777344;
4771500;12.962654113769531;
4780500;12.843803405761719;
4789500;13.757301330566406;
4798500;13.507347106933594;
4807500;12.913864135742188;
4816500;13.06524658203125;
4825500;12.800537109375;
4834500;12.712226867675781;
4843500;13.640960693359375;
4852500;12.912742614746094;
4861500;13.388931274414063;
4870500;13.153305053710938;
4879500;13.611236572265625;
4888500;13.696136474609375;
4897500;14.084320068359375;
4906500;13.644729614257813;
4915500;13.674507141113281;
4924500;14.723487854003906;
4933500;14.472915649414062;
4942500;14.853843688964844;
4951500;14.762138366699219;
4960500;15.469039916992188;
4969500;17.401542663574219;
4978500;15.439506530761719;
4987500;15.562583923339844;
4996500;15.863883972167969;
5005500;15.999435424804688;
5014500;15.722686767578125;
5023500;15.763442993164063;
5032500;15.601005554199219;
5041500;16.412803649902344;
5050500;17.776329040527344;
5059500;21.630836486816406;
5068500;16.202987670898438;
5077500;16.13592529296875;
5086500;16.143310546875;
5095500;15.760444641113281;
5104500;15.632034301757812;
5113500;15.635513305664063;
5122500;16.326744079589844;
5131500;15.972114562988281;
5140500;20.237762451171875;
5149500;22.809883117675781;
5158500;16.676345825195313;
5167500;16.438095092773438;
5176500;16.012046813964844;
5185500;15.7984619140625;
5194500;15.987068176269531;
5203500;16.779533386230469;
5212500;16.53173828125;
5221500;16.639274597167969;
5230500;20.47735595703125;
5239500;21.309600830078125;
5248500;16.541679382324219;
5257500;16.319656372070313;
5266500;16.1727294921875;
5275500;16.218597412109375;
5284500;17.024276733398438;
5293500;16.8260498046875;
5302500;16.96441650390625;
5311500;16.956832885742187;
5320500;18.690483093261719;
5329500;18.027046203613281;
5338500;16.833305358886719;
5347500;16.736663818359375;
5356500;16.972465515136719;
5365500;17.568214416503906;
5374500;17.509910583496094;
5383500;17.393905639648437;
5392500;17.737594604492188;
5401500;18.161308288574219;
5410500;17.623443603515625;
5419500;17.005126953125;
5428500;16.611129760742187;
5437500;16.816192626953125;
5446500;16.991020202636719;
5455500;16.994155883789063;
5464500;16.786430358886719;
5473500;16.766471862792969;
5482500;17.243598937988281;
5491500;16.5985107421875;
5500500;16.695671081542969;
5509500;16.055763244628906;
5518500;16.445571899414062;
5527500;16.996009826660156;
5536500;16.871734619140625;
5545500;17.01348876953125;
5554500;16.957763671875;
5563500;17.822967529296875;
5572500;17.198043823242187;
5581500;16.638496398925781;
5590500;17.715133666992188;
5599500;16.6708984375;
5608500;16.816055297851563;
5617500;16.609428405761719;
5626500;16.537399291992188;
5635500;16.631637573242188;
5644500;16.742622375488281;
5653500;16.2108154296875;
5662500;15.895317077636719;
5671500;16.085494995117188;
5680500;18.269630432128906;
5689500;16.05499267578125;
5698500;16.104103088378906;
5707500;15.928268432617188;
5716500;15.846343994140625;
5725500;16.729042053222656;
5734500;16.310142517089844;
5743500;15.7960205078125;
5752500;15.376708984375;
5761500;16.690391540527344;
5770500;18.438491821289063;
5779500;15.485824584960938;
5788500;15.353202819824219;
5797500;14.875389099121094;
5806500;15.492591857910156;
5815500;15.162452697753906;
5824500;14.447250366210938;
5833500;14.288627624511719;
5842500;14.141342163085938;
5851500;15.236534118652344;
5860500;15.977668762207031;
5869500;13.494636535644531;
5878500;13.842613220214844;
5887500;14.068290710449219;
5896500;14.200759887695312;
5905500;13.389404296875;
5914500;12.953903198242187;
5923500;13.926795959472656;
5932500;13.225151062011719;
5941500;13.317726135253906;
5950500;15.163246154785156;
5959500;18.78387451171875;
5968500;13.581321716308594;
5977500;13.082252502441406;
5986500;12.540229797363281;
5995500;11.9949951171875;
6004500;12.2308349609375;
6013500;11.896652221679688;
6022500;11.596237182617188;
6031500;13.47027587890625;
6040500;12.485748291015625;
6049500;12.080055236816406;
6058500;12.528640747070312;
6067500;11.09259033203125;
6076500;11.752525329589844;
6085500;11.80352783203125;
6094500;12.112678527832031;
6103500;11.9124755859375;
6112500;11.012153625488281;
6121500;18.018653869628906;
6130500;14.214179992675781;
6139500;12.742301940917969;
6148500;11.814369201660156;
6157500;11.281181335449219;
6166500;12.713996887207031;
6175500;11.374038696289063;
6184500;11.957611083984375;
6193500;11.224685668945313;
6202500;12.196502685546875;
6211500;19.910362243652344;
6220500;13.76922607421875;
6229500;12.130470275878906;
6238500;11.617019653320313;
6247500;12.281623840332031;
6256500;12.568771362304688;
6265500;11.542732238769531;
6274500;12.403984069824219;
6283500;12.435203552246094;
6292500;13.876785278320313;
6301500;20.708946228027344;
6310500;12.82989501953125;
6319500;13.463035583496094;
6328500;12.984336853027344;
6337500;13.455657958984375;
6346500;13.108306884765625;
6355500;12.322975158691406;
6364500;14.240913391113281;
6373500;12.634246826171875;
6382500;15.45196533203125;
6391500;19.531051635742188;
6400500;12.90582275390625;
6409500;14.092697143554688;
6418500;13.114959716796875;
6427500;13.303352355957031;
6436500;12.509201049804688;
6445500;13.218345642089844;
6454500;13.946090698242188;
6463500;13.128082275390625;
6472500;13.70745849609375;
6481500;14.312202453613281;
6490500;12.924964904785156;
6499500;14.237251281738281;
6508500;11.395355224609375;
6517500;12.989570617675781;
6526500;13.119743347167969;
6535500;12.775680541992188;
6544500;13.831642150878906;
6553500;11.227920532226562;
6562500;15.294166564941406;
6571500;14.95361328125;
6580500;13.545608520507813;
6589500;12.677330017089844;
6598500;10.920944213867188;
6607500;14.5084228515625;
6616500;12.688987731933594;
6625500;13.103897094726562;
6634500;12.440673828125;
6643500;12.654670715332031;
6652500;20.766288757324219;
6661500;19.616539001464844;
6670500;12.918960571289063;
6679500;12.802474975585938;
6688500;14.021736145019531;
6697500;15.046073913574219;
6706500;13.255996704101563;
6715500;13.632980346679688;
6724500;14.827667236328125;
6733500;14.494148254394531;
6742500;24.347396850585938;
6751500;20.221549987792969;
6760500;15.505126953125;
6769500;16.060562133789063;
6778500;16.688705444335937;
6787500;16.764083862304688;
6796500;15.969009399414063;
6805500;17.744644165039063;
6814500;17.107025146484375;
6823500;18.054977416992188;
6832500;25.100921630859375;
6841500;19.808151245117187;
6850500;18.951065063476562;
6859500;18.864791870117188;
6868500;18.67645263671875;
6877500;18.871086120605469;
6886500;19.49591064453125;
6895500;19.911590576171875;
6904500;19.870185852050781;
6913500;19.901718139648438;
6922500;23.506797790527344;
6931500;20.476531982421875;
6940500;21.041801452636719;
6949500;20.024887084960938;
6958500;20.302536010742187;
6967500;20.831619262695313;
6976500;20.667320251464844;
6985500;20.987991333007812;
6994500;20.328018188476563;
7003500;20.920524597167969;
7012500;20.898788452148438;
7021500;21.413803100585938;
7030500;20.454483032226562;
7039500;20.338134765625;
7048500;21.008453369140625;
7057500;20.726081848144531;
7066500;20.64697265625;
7075500;20.090774536132812;
7084500;20.256263732910156;
7093500;20.600112915039063;
7102500;21.626800537109375;
7111500;19.306777954101563;
7120500;19.477531433105469;
7129500;19.856155395507813;
7138500;20.384109497070313;
7147500;18.680435180664062;
7156500;18.576118469238281;
7165500;19.6043701171875;
7174500;18.7039794921875;
7183500;23.732254028320313;
7192500;25.234039306640625;
7201500;18.890205383300781;
7210500;20.0377197265625;
7219500;20.405838012695313;
7228500;19.670280456542969;
7237500;19.157539367675781;
7246500;21.405433654785156;
7255500;21.067886352539063;
7264500;21.834342956542969;
7273500;28.397689819335938;
7282500;28.52618408203125;
7291500;22.802833557128906;
7300500;23.650718688964844;
7309500;22.962699890136719;
7318500;23.41650390625;
7327500;24.702972412109375;
7336500;24.959701538085938;
7345500;25.412269592285156;
7354500;25.414505004882813;
7363500;31.745956420898438;
7372500;30.251174926757812;
7381500;27.531822204589844;
7390500;26.943695068359375;
7399500;27.447677612304688;
7408500;28.11431884765625;
7417500;28.242843627929688;
7426500;28.790985107421875;
7435500;28.564590454101563;
7444500;29.156791687011719;
7453500;32.878387451171875;
7462500;30.884323120117188;
7471500;29.439811706542969;
7480500;29.51678466796875;
7489500;30.054710388183594;
7498500;30.255867004394531;
7507500;30.175704956054688;
7516500;30.062347412109375;
7525500;30.206588745117187;
7534500;30.36297607421875;
7543500;31.208686828613281;
7552500;29.990791320800781;
7561500;29.98980712890625;
7570500;29.95489501953125;
7579500;30.412948608398438;
7588500;29.574920654296875;
7597500;29.20257568359375;
7606500;29.6239013671875;
7615500;28.993644714355469;
7624500;29.668075561523438;
7633500;29.885986328125;
7642500;28.311775207519531;
7651500;28.390022277832031;
7660500;28.24749755859375;
7669500;27.54998779296875;
7678500;26.873252868652344;
7687500;27.298942565917969;
7696500;27.022422790527344;
7705500;27.036109924316406;
7714500;27.812423706054688;
7723500;32.602951049804688;
7732500;26.145187377929688;
7741500;26.412887573242188;
7750500;24.5037841796875;
7759500;24.004684448242188;
7768500;25.121803283691406;
7777500;24.910629272460938;
7786500;24.750190734863281;
7795500;23.37005615234375;
7804500;29.156745910644531;
7813500;32.90191650390625;
7822500;25.722610473632812;
7831500;23.387580871582031;
7840500;23.304916381835937;
7849500;25.030670166015625;
7858500;25.125625610351563;
7867500;24.954315185546875;
7876500;23.637504577636719;
7885500;24.78131103515625;
7894500;29.787918090820313;
7903500;31.759925842285156;
7912500;24.543899536132813;
7921500;24.532585144042969;
7930500;25.529808044433594;
7939500;26.161956787109375;
7948500;25.499671936035156;
7957500;25.004776000976562;
7966500;26.052536010742187;
7975500;25.763092041015625;
7984500;29.427848815917969;
7993500;28.467453002929688;
8002500;25.717857360839844;
8011500;26.407859802246094;
8020500;26.85711669921875;
8029500;26.086265563964844;
8038500;26.062591552734375;
8047500;26.702552795410156;
8056500;26.525901794433594;
8065500;27.334197998046875;
8074500;26.907272338867188;
8083500;26.730422973632813;
8092500;26.914520263671875;
8101500;27.211250305175781;
8110500;26.739006042480469;
8119500;26.501777648925781;
8128500;27.13519287109375;
8137500;27.146446228027344;
8146500;27.263359069824219;
8155500;26.369575500488281;
8164500;27.019554138183594;
8173500;26.711158752441406;
8182500;27.445281982421875;
8191500;26.401878356933594;
8200500;26.015594482421875;
8209500;26.850814819335938;
8218500;26.726852416992188;
8227500;26.503860473632812;
8236500;25.603546142578125;
8245500;25.887313842773438;
8254500;28.122695922851563;
8263500;26.770248413085938;
8272500;24.584724426269531;
8281500;24.544532775878906;
8290500;25.321212768554687;
8299500;25.435882568359375;
8308500;24.880859375;
8317500;23.340660095214844;
8326500;23.950080871582031;
8335500;24.400863647460937;
8344500;28.280426025390625;
8353500;22.946731567382813;
8362500;22.456092834472656;
8371500;23.469329833984375;
8380500;24.069229125976563;
8389500;22.9210205078125;
8398500;21.728958129882813;
8407500;23.181182861328125;
8416500;22.818016052246094;
8425500;25.007057189941406;
8434500;25.319801330566406;
8443500;22.1287841796875;
8452500;23.157760620117188;
8461500;24.433242797851563;
8470500;23.017959594726562;
8479500;22.468238830566406;
8488500;23.950759887695313;
8497500;23.992523193359375;
8506500;25.11846923828125;
8515500;24.000251770019531;
8524500;24.976997375488281;
8533500;24.822799682617188;
8542500;26.146492004394531;
8551500;25.12371826171875;
8560500;24.880195617675781;
8569500;25.900405883789063;
8578500;26.212310791015625;
8587500;26.426681518554688;
8596500;26.113906860351563;
8605500;26.307594299316406;
8614500;26.752334594726562;
8623500;27.661293029785156;
8632500;26.583724975585937;
8641500;26.908332824707031;
8650500;27.386634826660156;
8659500;27.455535888671875;
8668500;27.700714111328125;
8677500;27.079055786132813;
8686500;27.578887939453125;
8695500;27.721473693847656;
8704500;28.160270690917969;
8713500;27.500572204589844;
8722500;27.390060424804687;
8731500;27.621650695800781;
8740500;28.09814453125;
8749500;27.595466613769531;
8758500;27.294395446777344;
8767500;27.563270568847656;
8776500;27.286544799804687;
8785500;28.126068115234375;
8794500;27.022224426269531;
8803500;26.795295715332031;
8812500;27.138130187988281;
8821500;27.23040771484375;
8830500;26.575141906738281;
8839500;26.176567077636719;
8848500;25.996826171875;
8857500;26.148551940917969;
8866500;26.510040283203125;
8875500;25.367141723632813;
8884500;25.218704223632813;
8893500;25.096412658691406;
8902500;25.836174011230469;
8911500;24.61865234375;
8920500;23.768867492675781;
8929500;24.492019653320313;
8938500;24.253852844238281;
8947500;24.600746154785156;
8956500;22.988327026367188;
8965500;23.158485412597656;
8974500;23.496368408203125;
8983500;24.653450012207031;
8992500;22.575874328613281;
9001500;22.538352966308594;
9010500;23.092811584472656;
9019500;23.543922424316406;
9028500;23.726364135742188;
9037500;22.21490478515625;
9046500;22.965499877929688;
9055500;23.36993408203125;
9064500;24.604576110839844;
9073500;23.067329406738281;
9082500;22.926582336425781;
9091500;24.074493408203125;
9100500;24.658607482910156;
9109500;24.603836059570313;
9118500;24.113822937011719;
9127500;24.75408935546875;
9136500;24.947212219238281;
9145500;26.406211853027344;
9154500;24.922645568847656;
9163500;25.288444519042969;
9172500;26.082771301269531;
9181500;26.524574279785156;
9190500;26.391334533691406;
9199500;25.921401977539062;
9208500;26.34521484375;
9217500;26.558700561523438;
9226500;27.272941589355469;
9235500;26.587715148925781;
9244500;26.713973999023438;
9253500;26.917716979980469;
9262500;27.67919921875;
9271500;27.089256286621094;
9280500;26.928085327148438;
9289500;27.457015991210937;
9298500;27.348770141601563;
9307500;28.098930358886719;
9316500;27.237258911132813;
9325500;27.217864990234375;
9334500;27.568710327148438;
9343500;27.981864929199219;
9352500;27.173225402832031;
9361500;27.089118957519531;
9370500;27.47314453125;
9379500;27.557540893554688;
9388500;27.70751953125;
9397500;26.707443237304688;
9406500;27.300209045410156;
9415500;27.244964599609375;
9424500;27.887527465820313;
9433500;26.589378356933594;
9442500;26.346160888671875;
9451500;26.646995544433594;
9460500;26.988212585449219;
9469500;26.984214782714844;
9478500;25.814834594726562;
9487500;26.010589599609375;
9496500;26.630516052246094;
9505500;27.524559020996094;
9514500;25.298347473144531;
9523500;24.984046936035156;
9532500;25.633804321289063;
9541500;26.451904296875;
9550500;25.907974243164063;
9559500;24.501594543457031;
9568500;25.149101257324219;
9577500;25.049964904785156;
9586500;27.431289672851563;
9595500;24.460891723632812;
9604500;24.224235534667969;
9613500;25.465621948242188;
9622500;26.543304443359375;
9631500;25.504867553710938;
9640500;24.514717102050781;
9649500;25.750648498535156;
9658500;26.076698303222656;
9667500;27.79144287109375;
9676500;25.71588134765625;
9685500;25.72088623046875;
9694500;26.895339965820312;
9703500;28.854423522949219;
9712500;27.227485656738281;
9721500;27.095863342285156;
9730500;28.342826843261719;
9739500;28.750991821289063;
9748500;30.149162292480469;
9757500;28.642044067382812;
9766500;29.500679016113281;
9775500;29.934844970703125;
9784500;31.793838500976562;
9793500;30.839035034179688;
9802500;30.507568359375;
9811500;31.72442626953125;
9820500;32.268402099609375;
9829500;32.895965576171875;
9838500;32.42376708984375;
9847500;32.764167785644531;
9856500;33.436317443847656;
9865500;34.785224914550781;
9874500;33.663200378417969;
9883500;34.042694091796875;
9892500;34.717498779296875;
9901500;35.672744750976563;
9910500;36.014175415039063;
9919500;35.449134826660156;
9928500;36.101448059082031;
9937500;36.551864624023438;
9946500;38.067108154296875;
9955500;36.990409851074219;
9964500;36.917884826660156;
9973500;37.902359008789062;
9982500;38.753448486328125;
9991500;38.516098022460937;
10000500;38.2332763671875;
10009500;38.872589111328125;
10018500;38.969940185546875;
10027500;40.535255432128906;
10036500;38.891471862792969;
10045500;38.902679443359375;
10054500;39.431983947753906;
10063500;40.483047485351562;
10072500;39.5872802734375;
10081500;38.373939514160156;
10090500;38.63818359375;
10099500;38.770545959472656;
10108500;39.205276489257813;
10117500;37.103736877441406;
10126500;36.565773010253906;
10135500;36.291702270507812;
10144500;37.666107177734375;
10153500;35.339401245117188;
10162500;33.878921508789063;
10171500;34.469955444335938;
10180500;33.7672119140625;
10189500;34.997238159179688;
10198500;31.844757080078125;
10207500;31.42236328125;
10216500;31.824699401855469;
10225500;33.162734985351563;
10234500;30.508270263671875;
10243500;29.353988647460938;
10252500;30.159660339355469;
10261500;30.555068969726562;
10270500;30.700096130371094;
10279500;28.515830993652344;
10288500;28.382957458496094;
10297500;28.691055297851562;
10306500;30.701766967773438;
10315500;28.075469970703125;
10324500;27.773323059082031;
10333500;28.512069702148438;
10342500;28.991790771484375;
10351500;28.712554931640625;
10360500;27.455329895019531;
10369500;27.602294921875;
10378500;27.769256591796875;
10387500;29.391197204589844;
10396500;27.442039489746094;
10405500;27.395729064941406;
10414500;27.907188415527344;
10423500;28.383430480957031;
10432500;27.900688171386719;
10441500;26.962615966796875;
10450500;27.363349914550781;
10459500;27.369659423828125;
10468500;28.174858093261719;
10477500;26.966110229492187;
10486500;26.696456909179687;
10495500;26.976577758789063;
10504500;27.58514404296875;
10513500;26.617416381835938;
10522500;26.490180969238281;
10531500;26.418014526367188;
10540500;26.303047180175781;
10549500;27.157081604003906;
10558500;25.764213562011719;
10567500;25.582054138183594;
10576500;25.605964660644531;
10585500;26.479042053222656;
10594500;25.209449768066406;
10603500;24.756942749023438;
10612500;24.902793884277344;
10621500;24.842964172363281;
10630500;25.31640625;
10639500;24.03814697265625;
10648500;23.84552001953125;
10657500;23.93682861328125;
10666500;24.835487365722656;
10675500;23.062858581542969;
10684500;22.813316345214844;
10693500;22.835678100585938;
10702500;23.098701477050781;
10711500;23.247123718261719;
10720500;21.576622009277344;
10729500;21.786933898925781;
10738500;21.438095092773438;
10747500;22.692802429199219;
10756500;20.858528137207031;
10765500;20.143020629882813;
10774500;20.598846435546875;
10783500;21.372795104980469;
10792500;20.773109436035156;
10801500;19.569480895996094;
10810500;19.509605407714844;
10819500;19.462905883789063;
10828500;21.315399169921875;
10837500;18.791740417480469;
10846500;18.826759338378906;
10855500;19.303756713867188;
10864500;20.342597961425781;
10873500;19.774421691894531;
10882500;18.575126647949219;
10891500;19.336395263671875;
10900500;19.412376403808594;
10909500;20.561225891113281;
10918500;20.334739685058594;
10927500;19.388420104980469;
10936500;19.887077331542969;
10945500;21.283920288085938;
10954500;20.150535583496094;
10963500;20.281417846679688;
10972500;20.709716796875;
10981500;20.958511352539063;
10990500;22.094490051269531;
10999500;20.981414794921875;
11008500;22.609794616699219;
11017500;21.556411743164063;
11026500;22.380714416503906;
11035500;22.12628173828125;
11044500;21.850013732910156;
11053500;22.223556518554688;
11062500;22.746246337890625;
11071500;22.963813781738281;
11080500;22.778343200683594;
11089500;22.964981079101563;
11098500;24.148826599121094;
11107500;23.881385803222656;
11116500;23.044624328613281;
11125500;23.329879760742187;
11134500;23.553382873535156;
11143500;23.836700439453125;
11152500;24.217475891113281;
11161500;23.6590576171875;
11170500;23.855918884277344;
11179500;24.499542236328125;
11188500;25.3697509765625;
11197500;24.133552551269531;
11206500;24.0623779296875;
11215500;24.1185302734375;
11224500;24.516357421875;
11233500;24.130966186523438;
11242500;24.118484497070313;
11251500;24.101188659667969;
11260500;23.991989135742188;
11269500;24.923995971679688;
11278500;24.643836975097656;
11287500;23.564964294433594;
11296500;23.459175109863281;
11305500;23.599288940429688;
11314500;23.20452880859375;
11323500;22.917739868164063;
11332500;22.609245300292969;
11341500;22.495315551757813;
11350500;22.606094360351563;
11359500;22.935623168945313;
11368500;22.268814086914063;
11377500;21.413101196289063;
11386500;21.471778869628906;
11395500;20.993446350097656;
11404500;20.52471923828125;
11413500;20.408981323242188;
11422500;20.26055908203125;
11431500;20.335258483886719;
11440500;19.73333740234375;
11449500;22.400596618652344;
11458500;20.946975708007813;
11467500;20.073593139648438;
11476500;19.656898498535156;
11485500;19.468551635742187;
11494500;19.665420532226563;
11503500;19.928718566894531;
11512500;20.026222229003906;
11521500;19.916961669921875;
11530500;20.19976806640625;
11539500;24.588066101074219;
11548500;22.032890319824219;
11557500;20.461326599121094;
11566500;20.66900634765625;
11575500;20.920783996582031;
11584500;21.137016296386719;
11593500;21.618522644042969;
11602500;21.352981567382813;
11611500;21.584808349609375;
11620500;22.08056640625;
11629500;26.506019592285156;
11638500;22.696586608886719;
11647500;21.986076354980469;
11656500;22.23382568359375;
11665500;22.656005859375;
11674500;22.365310668945313;
11683500;22.653831481933594;
11692500;22.731361389160156;
11701500;22.621025085449219;
11710500;23.899482727050781;
11719500;27.483146667480469;
11728500;23.226463317871094;
11737500;23.054229736328125;
11746500;23.053192138671875;
11755500;23.056915283203125;
11764500;23.058753967285156;
11773500;22.936408996582031;
11782500;23.086563110351563;
11791500;23.064437866210938;
11800500;23.885513305664062;
11809500;26.477447509765625;
11818500;22.753501892089844;
11827500;22.908790588378906;
11836500;22.804275512695313;
11845500;22.282508850097656;
11854500;22.457923889160156;
11863500;22.368453979492188;
11872500;22.0194091796875;
11881500;22.005348205566406;
11890500;22.317497253417969;
11899500;23.075057983398437;
11908500;21.385971069335938;
11917500;23.05621337890625;
11926500;21.544883728027344;
11935500;20.827964782714844;
11944500;20.488883972167969;
11953500;20.637542724609375;
11962500;20.097000122070312;
11971500;19.786231994628906;
11980500;20.931526184082031;
11989500;21.251091003417969;
11998500;29.036323547363281;
12007500;22.409584045410156;
12016500;18.895217895507813;
12025500;18.915504455566406;
12034500;18.578407287597656;
12043500;18.206954956054687;
12052500;18.337455749511719;
12061500;18.253211975097656;
12070500;23.181930541992188;
12079500;21.353118896484375;
12088500;18.009567260742188;
12097500;18.034324645996094;
12106500;18.098495483398438;
12115500;18.161796569824219;
12124500;18.295913696289063;
12133500;18.157432556152344;
12142500;18.357048034667969;
12151500;18.759651184082031;
12160500;25.157516479492188;
12169500;21.174430847167969;
12178500;18.42523193359375;
12187500;18.690361022949219;
12196500;18.985252380371094;
12205500;18.746253967285156;
12214500;19.11590576171875;
12223500;19.022659301757812;
12232500;19.13629150390625;
12241500;19.618049621582031;
12250500;25.1085205078125;
12259500;20.753807067871094;
12268500;19.490768432617187;
12277500;19.195426940917969;
12286500;19.504539489746094;
12295500;19.282699584960937;
12304500;19.364532470703125;
12313500;19.611640930175781;
12322500;19.242225646972656;
12331500;19.915336608886719;
12340500;22.736106872558594;
12349500;19.435714721679688;
12358500;19.341384887695313;
12367500;19.103462219238281;
12376500;19.127059936523437;
12385500;19.079910278320313;
12394500;18.927116394042969;
12403500;18.973625183105469;
12412500;18.697219848632812;
12421500;18.568199157714844;
12430500;19.027572631835937;
12439500;18.2154541015625;
12448500;18.029281616210938;
12457500;17.838813781738281;
12466500;17.798851013183594;
12475500;17.469833374023438;
12484500;17.318038940429687;
12493500;17.285079956054688;
12502500;16.92706298828125;
12511500;16.816581726074219;
12520500;17.232513427734375;
12529500;16.493148803710938;
12538500;16.157615661621094;
12547500;15.891807556152344;
12556500;15.676795959472656;
12565500;15.590927124023438;
12574500;15.103195190429688;
12583500;15.127525329589844;
12592500;15.437667846679688;
12601500;16.615837097167969;
12610500;17.187355041503906;
12619500;14.23016357421875;
12628500;13.841293334960938;
12637500;13.714691162109375;
12646500;13.38739013671875;
12655500;13.461563110351563;
12664500;13.976547241210938;
12673500;13.162025451660156;
12682500;12.931358337402344;
12691500;16.49871826171875;
12700500;15.784477233886719;
12709500;12.613899230957031;
12718500;12.614959716796875;
12727500;12.784210205078125;
12736500;12.6885986328125;
12745500;12.471809387207031;
12754500;12.384185791015625;
12763500;12.312911987304688;
12772500;12.506416320800781;
12781500;15.729721069335937;
12790500;14.128227233886719;
12799500;12.862091064453125;
12808500;12.510635375976562;
12817500;12.476417541503906;
12826500;12.33770751953125;
12835500;12.198104858398438;
12844500;12.275077819824219;
12853500;12.291427612304688;
12862500;12.705841064453125;
12871500;14.299331665039063;
12880500;12.671882629394531;
12889500;12.308700561523438;
12898500;12.11883544921875;
12907500;12.019912719726563;
12916500;12.2391357421875;
12925500;12.453628540039063;
12934500;12.67840576171875;
12943500;12.137725830078125;
12952500;12.15643310546875;
12961500;12.421707153320313;
12970500;11.954353332519531;
12979500;12.076675415039063;
12988500;12.27935791015625;
12997500;12.623344421386719;
13006500;12.427040100097656;
13015500;12.090408325195313;
13024500;12.297782897949219;
13033500;12.329788208007813;
13042500;12.313201904296875;
13051500;13.063919067382813;
13060500;12.682960510253906;
13069500;12.59637451171875;
13078500;12.543792724609375;
13087500;12.504684448242188;
13096500;12.436164855957031;
13105500;12.689117431640625;
13114500;12.469215393066406;
13123500;12.672592163085937;
13132500;13.408370971679688;
13141500;14.799942016601563;
13150500;12.6258544921875;
13159500;12.730026245117188;
13168500;12.594024658203125;
13177500;12.728645324707031;
13186500;12.560714721679688;
13195500;12.80377197265625;
13204500;12.961273193359375;
13213500;12.433036804199219;
13222500;13.837081909179687;
13231500;15.022544860839844;
13240500;12.5784912109375;
13249500;12.783340454101562;
13258500;12.882484436035156;
13267500;13.060470581054688;
13276500;12.731559753417969;
13285500;12.779579162597656;
13294500;12.965179443359375;
13303500;12.927536010742187;
13312500;14.164405822753906;
13321500;14.606910705566406;
13330500;13.694931030273437;
13339500;13.377677917480469;
13348500;13.169586181640625;
13357500;13.499000549316406;
13366500;13.794151306152344;
13375500;13.716590881347656;
13384500;13.934211730957031;
13393500;14.251602172851563;
13402500;14.661857604980469;
13411500;14.410385131835937;
13420500;14.090347290039063;
13429500;14.505455017089844;
13438500;14.57928466796875;
13447500;14.553855895996094;
13456500;14.971450805664062;
13465500;15.107414245605469;
13474500;15.282424926757813;
13483500;15.442970275878906;
13492500;15.195121765136719;
13501500;15.37054443359375;
13510500;15.35162353515625;
13519500;15.190269470214844;
13528500;15.467613220214844;
13537500;15.348548889160156;
13546500;15.216659545898438;
13555500;15.295745849609375;
13564500;14.995880126953125;
13573500;15.136344909667969;
13582500;15.689765930175781;
13591500;15.217155456542969;
13600500;15.160247802734375;
13609500;15.016830444335938;
13618500;14.909149169921875;
13627500;14.7342529296875;
13636500;14.7666015625;
13645500;14.722091674804687;
13654500;14.598228454589844;
13663500;14.73284912109375;
13672500;15.500114440917969;
13681500;14.295501708984375;
13690500;13.9814453125;
13699500;14.067901611328125;
13708500;13.888328552246094;
13717500;13.554428100585938;
13726500;13.817893981933594;
13735500;13.581031799316406;
13744500;13.388755798339844;
13753500;13.447463989257813;
13762500;14.550262451171875;
13771500;13.019790649414063;
13780500;12.780601501464844;
13789500;12.765579223632812;
13798500;13.150978088378906;
13807500;12.347122192382813;
13816500;12.122222900390625;
13825500;12.247077941894531;
13834500;11.905403137207031;
13843500;12.352149963378906;
13852500;13.238479614257812;
13861500;11.829780578613281;
13870500;11.792129516601563;
13879500;11.475540161132812;
13888500;11.368217468261719;
13897500;11.37310791015625;
13906500;11.183319091796875;
13915500;11.231704711914063;
13924500;11.103187561035156;
13933500;11.697738647460938;
13942500;12.039810180664063;
13951500;11.272438049316406;
13960500;10.965034484863281;
13969500;11.040122985839844;
13978500;11.042579650878906;
13987500;11.332626342773438;
13996500;11.535194396972656;
14005500;11.179153442382812;
14014500;11.215423583984375;
14023500;12.363479614257813;
14032500;11.757919311523438;
14041500;11.264404296875;
14050500;11.111686706542969;
14059500;11.422111511230469;
14068500;11.382400512695313;
14077500;11.219642639160156;
14086500;11.268882751464844;
14095500;11.441482543945312;
14104500;11.543113708496094;
14113500;12.123336791992188;
14122500;11.693161010742188;
14131500;11.656234741210938;
14140500;11.372116088867188;
14149500;11.180564880371094;
14158500;11.158416748046875;
14167500;11.108604431152344;
14176500;10.794158935546875;
14185500;10.864715576171875;
14194500;11.269790649414063;
14203500;12.937400817871094;
14212500;11.494903564453125;
14221500;10.787010192871094;
14230500;10.697517395019531;
14239500;10.884597778320313;
14248500;10.575241088867188;
14257500;10.673439025878906;
14266500;10.509811401367187;
14275500;10.481620788574219;
14284500;10.657920837402344;
14293500;13.00140380859375;
14302500;10.723121643066406;
14311500;10.267135620117187;
14320500;9.9228744506835938;
14329500;10.245857238769531;
14338500;10.069847106933594;
14347500;9.87567138671875;
14356500;9.7289886474609375;
14365500;9.6793670654296875;
14374500;10.116996765136719;
14383500;12.821807861328125;
14392500;10.260383605957031;
14401500;10.119400024414062;
14410500;9.5482025146484375;
14419500;9.06878662109375;
14428500;9.267242431640625;
14437500;9.1589813232421875;
14446500;8.8765487670898437;
14455500;9.0662689208984375;
14464500;10.186294555664062;
14473500;11.541168212890625;
14482500;8.978515625;
14491500;8.4527435302734375;
14500500;8.5641098022460937;
14509500;8.5179367065429687;
14518500;8.2620697021484375;
14527500;9.067840576171875;
14536500;8.782806396484375;
14545500;8.6394805908203125;
14554500;9.0863494873046875;
14563500;9.6151885986328125;
14572500;8.2964706420898438;
14581500;8.2248992919921875;
14590500;8.2669296264648437;
14599500;8.595245361328125;
14608500;8.468902587890625;
14617500;8.24395751953125;
14626500;8.0875778198242187;
14635500;7.91693115234375;
14644500;8.5694808959960937;
14653500;9.0380401611328125;
14662500;8.1943740844726562;
14671500;8.0189895629882812;
14680500;8.2548599243164062;
14689500;8.128448486328125;
14698500;7.9684829711914063;
14707500;8.1754608154296875;
14716500;7.926422119140625;
14725500;8.9934844970703125;
14734500;9.6922683715820312;
14743500;9.066131591796875;
14752500;8.0306854248046875;
14761500;8.0471725463867187;
14770500;7.829742431640625;
14779500;7.9296722412109375;
14788500;7.9652023315429687;
14797500;8.911529541015625;
14806500;8.0861968994140625;
14815500;7.916748046875;
14824500;10.361923217773437;
14833500;8.9064407348632812;
14842500;7.81683349609375;
14851500;7.7729263305664062;
14860500;8.7241363525390625;
14869500;8.3016510009765625;
14878500;8.5303802490234375;
14887500;8.29791259765625;
14896500;8.3258514404296875;
14905500;8.66912841796875;
14914500;11.053535461425781;
14923500;8.94659423828125;
14932500;8.8424224853515625;
14941500;8.5719223022460937;
14950500;8.77520751953125;
14959500;8.7785873413085938;
14968500;9.4539947509765625;
14977500;9.9820785522460937;
14986500;10.020370483398437;
14995500;12.039161682128906;
15004500;13.591339111328125;
15013500;10.616790771484375;
15022500;9.9392318725585938;
15031500;9.48089599609375;
15040500;8.8680877685546875;
15049500;8.7737960815429687;
15058500;8.4827651977539062;
15067500;8.2609405517578125;
15076500;8.9257659912109375;
15085500;8.4620742797851562;
15094500;8.9494705200195313;
15103500;8.5746917724609375;
15112500;8.3360595703125;
15121500;8.4027938842773437;
15130500;9.0859146118164062;
15139500;8.4897079467773437;
15148500;8.9109420776367188;
15157500;8.2717819213867187;
15166500;8.2372665405273437;
15175500;8.6282958984375;
15184500;8.899505615234375;
15193500;9.0912857055664062;
15202500;8.9014816284179687;
15211500;9.1162872314453125;
15220500;8.9854583740234375;
15229500;9.1537322998046875;
15238500;9.2100372314453125;
15247500;9.3052902221679687;
15256500;9.4160995483398437;
15265500;10.239105224609375;
15274500;10.275413513183594;
15283500;9.8596572875976563;
15292500;10.104827880859375;
15301500;10.153900146484375;
15310500;10.127494812011719;
15319500;10.275245666503906;
15328500;10.620460510253906;
15337500;10.482612609863281;
15346500;10.586837768554687;
15355500;12.623153686523438;
15364500;12.566230773925781;
15373500;11.17462158203125;
15382500;11.266212463378906;
15391500;11.044754028320312;
15400500;11.07440185546875;
15409500;11.360343933105469;
15418500;11.383377075195313;
15427500;11.549774169921875;
15436500;11.405754089355469;
15445500;15.330657958984375;
15454500;14.068153381347656;
15463500;11.940872192382813;
15472500;11.785995483398438;
15481500;11.736427307128906;
15490500;11.649932861328125;
15499500;11.698966979980469;
15508500;11.942489624023438;
15517500;11.962570190429687;
15526500;12.357093811035156;
15535500;16.758041381835937;
15544500;13.759864807128906;
15553500;12.229240417480469;
15562500;12.168182373046875;
15571500;12.104789733886719;
15580500;11.911903381347656;
15589500;12.162681579589844;
15598500;12.45941162109375;
15607500;11.992103576660156;
15616500;12.275680541992188;
15625500;15.739593505859375;
15634500;12.646240234375;
15643500;11.943206787109375;
15652500;12.117340087890625;
15661500;12.397926330566406;
15670500;12.191741943359375;
15679500;12.412353515625;
15688500;12.247406005859375;
15697500;12.188018798828125;
15706500;12.077293395996094;
15715500;13.654579162597656;
15724500;12.200836181640625;
15733500;12.102340698242188;
15742500;12.234153747558594;
15751500;12.301338195800781;
15760500;12.253387451171875;
15769500;12.088653564453125;
15778500;11.988777160644531;
15787500;12.234939575195313;
15796500;13.166595458984375;
15805500;16.057960510253906;
15814500;12.556358337402344;
15823500;12.207473754882812;
15832500;12.423248291015625;
15841500;12.328872680664063;
15850500;12.559585571289062;
15859500;12.905311584472656;
15868500;12.7596435546875;
15877500;12.979171752929688;
15886500;16.094940185546875;
15895500;18.774848937988281;
15904500;13.007423400878906;
15913500;12.981719970703125;
15922500;12.879844665527344;
15931500;13.586654663085938;
15940500;12.90814208984375;
15949500;13.298019409179687;
15958500;12.979774475097656;
15967500;13.233619689941406;
15976500;18.285667419433594;
15985500;19.684951782226563;
15994500;13.935775756835938;
16003500;13.429039001464844;
16012500;13.35809326171875;
16021500;13.241287231445313;
16030500;13.0927734375;
16039500;12.998687744140625;
16048500;13.282569885253906;
16057500;13.513504028320313;
16066500;19.320388793945313;
16075500;18.471511840820312;
16084500;13.581382751464844;
16093500;13.45477294921875;
16102500;13.482810974121094;
16111500;13.453804016113281;
16120500;13.576728820800781;
16129500;13.823211669921875;
16138500;13.356239318847656;
16147500;13.331260681152344;
16156500;17.872802734375;
16165500;15.613296508789062;
16174500;13.49591064453125;
16183500;13.53271484375;
16192500;13.353477478027344;
16201500;13.30731201171875;
16210500;13.288581848144531;
16219500;13.39520263671875;
16228500;13.368408203125;
16237500;13.254180908203125;
16246500;15.30279541015625;
16255500;13.8038330078125;
16264500;13.563323974609375;
16273500;13.12457275390625;
16282500;13.239212036132813;
16291500;13.214729309082031;
16300500;13.015357971191406;
16309500;13.126724243164063;
16318500;13.247535705566406;
16327500;14.180641174316406;
16336500;16.738533020019531;
16345500;13.464935302734375;
16354500;13.183807373046875;
16363500;13.094512939453125;
16372500;13.033653259277344;
16381500;13.225677490234375;
16390500;13.35345458984375;
16399500;13.674583435058594;
16408500;13.136604309082031;
16417500;14.766670227050781;
16426500;19.235275268554688;
16435500;13.742584228515625;
16444500;13.188377380371094;
16453500;13.265640258789063;
16462500;13.16375732421875;
16471500;13.071464538574219;
16480500;13.381240844726563;
16489500;13.753173828125;
16498500;13.580947875976562;
16507500;15.844345092773438;
16516500;19.80902099609375;
16525500;13.437263488769531;
16534500;13.298233032226562;
16543500;13.526634216308594;
16552500;13.912559509277344;
16561500;13.291145324707031;
16570500;13.336898803710937;
16579500;13.289665222167969;
16588500;13.360763549804687;
16597500;16.714347839355469;
16606500;18.796173095703125;
16615500;13.543914794921875;
16624500;13.530197143554688;
16633500;13.209335327148438;
16642500;13.053062438964844;
16651500;13.252723693847656;
16660500;13.802833557128906;
16669500;13.383995056152344;
16678500;13.411712646484375;
16687500;16.354393005371094;
16696500;16.464218139648437;
16705500;13.407768249511719;
16714500;13.110298156738281;
16723500;13.378875732421875;
16732500;13.6063232421875;
16741500;13.072601318359375;
16750500;13.554893493652344;
16759500;13.274253845214844;
16768500;13.218368530273438;
16777500;14.683822631835937;
16786500;14.259468078613281;
16795500;13.454330444335938;
16804500;13.255889892578125;
16813500;13.359222412109375;
16822500;13.279533386230469;
16831500;13.793083190917969;
16840500;13.243247985839844;
16849500;13.136161804199219;
16858500;13.036331176757812;
16867500;14.459808349609375;
16876500;13.404808044433594;
16885500;13.003379821777344;
16894500;13.004814147949219;
16903500;12.927032470703125;
16912500;13.096343994140625;
16921500;12.888206481933594;
16930500;12.605697631835937;
16939500;12.716232299804688;
16948500;12.891250610351562;
16957500;15.501235961914063;
16966500;13.124465942382813;
16975500;13.247726440429688;
16984500;12.837654113769531;
16993500;13.173377990722656;
17002500;13.05340576171875;
17011500;12.565704345703125;
17020500;12.862495422363281;
17029500;12.911918640136719;
17038500;14.355613708496094;
17047500;16.347946166992188;
17056500;13.40087890625;
17065500;13.621879577636719;
17074500;12.877151489257813;
17083500;12.991424560546875;
17092500;13.199440002441406;
17101500;13.421043395996094;
17110500;12.969429016113281;
17119500;13.008659362792969;
17128500;14.109733581542969;
17137500;16.297859191894531;
17146500;13.232208251953125;
17155500;13.329498291015625;
17164500;13.1737060546875;
17173500;12.958267211914062;
17182500;12.911689758300781;
17191500;13.084953308105469;
17200500;13.242591857910156;
17209500;12.987937927246094;
17218500;14.65234375;
17227500;16.00152587890625;
17236500;12.960952758789063;
17245500;12.874992370605469;
17254500;12.943916320800781;
17263500;12.8763427734375;
17272500;12.762260437011719;
17281500;13.098106384277344;
17290500;13.438003540039063;
17299500;13.150428771972656;
17308500;13.874099731445313;
17317500;14.703338623046875;
17326500;13.062469482421875;
17335500;12.885459899902344;
17344500;13.010658264160156;
17353500;13.331436157226563;
17362500;12.97259521484375;
17371500;12.619720458984375;
17380500;12.603668212890625;
17389500;12.809036254882813;
17398500;13.9608154296875;
17407500;13.432212829589844;
17416500;12.533233642578125;
17425500;12.968475341796875;
17434500;12.577552795410156;
17443500;12.37200927734375;
17452500;12.175865173339844;
17461500;12.693183898925781;
17470500;12.356796264648438;
17479500;12.365127563476562;
17488500;13.534004211425781;
17497500;12.86505126953125;
17506500;12.336181640625;
17515500;12.143112182617188;
17524500;12.571388244628906;
17533500;12.656463623046875;
17542500;12.081680297851563;
17551500;12.322288513183594;
17560500;12.648918151855469;
17569500;12.344932556152344;
17578500;13.261177062988281;
17587500;12.58245849609375;
17596500;12.363677978515625;
17605500;12.049064636230469;
17614500;12.174324035644531;
17623500;12.29345703125;
17632500;12.388809204101563;
17641500;12.387733459472656;
17650500;12.776840209960938;
17659500;12.42486572265625;
17668500;13.463706970214844;
17677500;12.40460205078125;
17686500;12.608535766601562;
17695500;12.758224487304688;
17704500;12.79254150390625;
17713500;12.663345336914062;
17722500;12.718658447265625;
17731500;12.89947509765625;
17740500;12.741950988769531;
17749500;12.962715148925781;
17758500;14.036727905273437;
17767500;13.53692626953125;
17776500;13.275665283203125;
17785500;12.7393798828125;
17794500;13.05682373046875;
17803500;12.910491943359375;
17812500;13.069496154785156;
17821500;13.207077026367188;
17830500;13.95098876953125;
17839500;13.806755065917969;
17848500;15.154037475585938;
17857500;13.241363525390625;
17866500;13.306228637695313;
17875500;14.784423828125;
17884500;16.385971069335938;
17893500;14.448493957519531;
17902500;13.355667114257812;
17911500;13.13177490234375;
17920500;13.309768676757812;
17929500;15.263130187988281;
17938500;16.977310180664063;
17947500;13.432228088378906;
17956500;13.484748840332031;
17965500;13.375320434570313;
17974500;13.384986877441406;
17983500;13.248420715332031;
17992500;13.362838745117187;
18001500;13.671714782714844;
18010500;13.499267578125;
18019500;17.547248840332031;
18028500;18.011672973632812;
18037500;13.418327331542969;
18046500;13.48236083984375;
18055500;13.369270324707031;
18064500;13.364158630371094;
18073500;13.169013977050781;
18082500;13.165077209472656;
18091500;13.482276916503906;
18100500;13.500343322753906;
18109500;18.813934326171875;
18118500;17.041206359863281;
18127500;13.706695556640625;
18136500;13.757820129394531;
18145500;13.278755187988281;
18154500;13.698402404785156;
18163500;13.891098022460938;
18172500;13.613388061523438;
18181500;13.686859130859375;
18190500;14.048980712890625;
18199500;18.447174072265625;
18208500;15.653274536132813;
18217500;13.701339721679688;
18226500;13.848716735839844;
18235500;13.888145446777344;
18244500;13.894088745117188;
18253500;13.991119384765625;
18262500;14.122573852539063;
18271500;13.971885681152344;
18280500;14.038787841796875;
18289500;16.03167724609375;
18298500;14.774040222167969;
18307500;14.327125549316406;
18316500;14.366439819335937;
18325500;14.505889892578125;
18334500;14.547622680664063;
18343500;14.518707275390625;
18352500;14.539680480957031;
18361500;14.881492614746094;
18370500;14.7586669921875;
18379500;16.474494934082031;
18388500;14.774452209472656;
18397500;14.770957946777344;
18406500;14.805152893066406;
18415500;14.862052917480469;
18424500;15.01220703125;
18433500;15.07928466796875;
18442500;15.643638610839844;
18451500;15.103408813476563;
18460500;16.599044799804687;
18469500;28.565963745117188;
18478500;22.077484130859375;
18487500;14.904685974121094;
18496500;15.277320861816406;
18505500;15.748672485351562;
18514500;15.178512573242188;
18523500;15.065132141113281;
18532500;14.903465270996094;
18541500;15.206855773925781;
18550500;18.240028381347656;
18559500;21.670089721679688;
18568500;15.35345458984375;
18577500;14.893638610839844;
18586500;14.8829345703125;
18595500;14.959510803222656;
18604500;14.705184936523437;
18613500;14.823326110839844;
18622500;14.514839172363281;
18631500;14.853370666503906;
18640500;18.957710266113281;
18649500;21.122718811035156;
18658500;14.92529296875;
18667500;14.77142333984375;
18676500;14.522010803222656;
18685500;14.562812805175781;
18694500;14.739616394042969;
18703500;14.75225830078125;
18712500;14.531219482421875;
18721500;14.736259460449219;
18730500;18.679183959960938;
18739500;18.4580078125;
18748500;15.057395935058594;
18757500;14.671302795410156;
18766500;14.670997619628906;
18775500;14.53643798828125;
18784500;14.1785888671875;
18793500;14.31561279296875;
18802500;14.611846923828125;
18811500;14.924026489257812;
18820500;16.466743469238281;
18829500;15.622123718261719;
18838500;14.805206298828125;
18847500;14.858268737792969;
18856500;14.903167724609375;
18865500;15.071937561035156;
18874500;14.870857238769531;
18883500;14.985374450683594;
18892500;14.959190368652344;
18901500;15.363311767578125;
18910500;15.933479309082031;
18919500;15.318748474121094;
18928500;15.236724853515625;
18937500;15.335556030273438;
18946500;15.161796569824219;
18955500;15.035125732421875;
18964500;15.525352478027344;
18973500;15.410369873046875;
18982500;15.379753112792969;
18991500;15.7694091796875;
19000500;19.209297180175781;
19009500;16.082412719726562;
19018500;15.397895812988281;
19027500;15.435997009277344;
19036500;15.778114318847656;
19045500;15.652145385742188;
19054500;16.107765197753906;
19063500;15.563461303710938;
19072500;15.787666320800781;
19081500;16.773735046386719;
19090500;21.65411376953125;
19099500;16.403068542480469;
19108500;15.799285888671875;
19117500;16.205665588378906;
19126500;15.819160461425781;
19135500;15.907890319824219;
19144500;15.796638488769531;
19153500;15.708099365234375;
19162500;16.180046081542969;
19171500;17.627166748046875;
19180500;21.506668090820312;
19189500;16.144248962402344;
19198500;16.065834045410156;
19207500;15.754348754882812;
19216500;15.861068725585938;
19225500;15.668205261230469;
19234500;16.006729125976563;
19243500;15.840675354003906;
19252500;15.87713623046875;
19261500;17.874336242675781;
19270500;19.931793212890625;
19279500;15.894393920898437;
19288500;15.9652099609375;
19297500;16.356788635253906;
19306500;16.046043395996094;
19315500;15.926277160644531;
19324500;15.9595947265625;
19333500;16.02520751953125;
19342500;16.087051391601563;
19351500;17.191131591796875;
19360500;17.776130676269531;
19369500;16.029151916503906;
19378500;15.833457946777344;
19387500;15.978179931640625;
19396500;15.962158203125;
19405500;15.936874389648438;
19414500;16.107986450195313;
19423500;16.087692260742188;
19432500;16.349510192871094;
19441500;16.328422546386719;
19450500;16.300788879394531;
19459500;16.105010986328125;
19468500;16.30267333984375;
19477500;16.858833312988281;
19486500;16.619590759277344;
19495500;16.794784545898437;
19504500;16.597267150878906;
19513500;16.683006286621094;
19522500;16.742210388183594;
19531500;18.733245849609375;
19540500;17.862747192382813;
19549500;16.52557373046875;
19558500;16.451591491699219;
19567500;16.647979736328125;
19576500;16.634986877441406;
19585500;16.862075805664063;
19594500;16.759895324707031;
19603500;17.073928833007813;
19612500;16.879219055175781;
19621500;20.996147155761719;
19630500;17.749465942382813;
19639500;16.815010070800781;
19648500;16.663154602050781;
19657500;16.713577270507812;
19666500;16.841804504394531;
19675500;16.611358642578125;
19684500;16.445091247558594;
19693500;16.838539123535156;
19702500;17.206901550292969;
19711500;21.357406616210938;
19720500;17.193382263183594;
19729500;16.758598327636719;
19738500;16.312652587890625;
19747500;16.243972778320313;
19756500;16.454063415527344;
19765500;16.286102294921875;
19774500;16.856170654296875;
19783500;16.640365600585938;
19792500;16.847808837890625;
19801500;20.380180358886719;
19810500;16.511543273925781;
19819500;15.954940795898438;
19828500;15.8236083984375;
19837500;16.043594360351562;
19846500;15.803024291992188;
19855500;15.774162292480469;
19864500;15.660415649414063;
19873500;15.636146545410156;
19882500;16.254196166992187;
19891500;17.4326171875;
19900500;15.643112182617188;
19909500;15.502944946289063;
19918500;15.517082214355469;
19927500;15.443817138671875;
19936500;15.508377075195313;
19945500;15.275650024414063;
19954500;15.277931213378906;
19963500;15.341644287109375;
19972500;15.527381896972656;
19981500;15.883026123046875;
19990500;15.370773315429688;
19999500;15.427238464355469;
20008500;15.598419189453125;
20017500;15.4674072265625;
20026500;15.578903198242188;
20035500;15.511993408203125;
20044500;15.389633178710938;
20053500;15.8148193359375;
20062500;17.37469482421875;
20071500;17.47003173828125;
20080500;15.773330688476563;
20089500;15.905105590820313;
20098500;16.08905029296875;
20107500;15.976516723632813;
20116500;15.962692260742188;
20125500;15.983512878417969;
20134500;16.172393798828125;
20143500;16.149826049804688;
20152500;19.914497375488281;
20161500;18.48486328125;
20170500;16.239883422851562;
20179500;16.362663269042969;
20188500;16.112960815429688;
20197500;16.195289611816406;
20206500;16.201828002929688;
20215500;16.271354675292969;
20224500;16.311996459960938;
20233500;16.480316162109375;
20242500;20.389701843261719;
20251500;17.861717224121094;
20260500;16.176765441894531;
20269500;16.266006469726563;
20278500;16.324790954589844;
20287500;16.100837707519531;
20296500;16.373077392578125;
20305500;16.24237060546875;
20314500;15.877853393554688;
20323500;16.351722717285156;
20332500;19.427970886230469;
20341500;16.666671752929688;
20350500;15.8702392578125;
20359500;15.609153747558594;
20368500;15.802536010742188;
20377500;15.781723022460938;
20386500;15.3701171875;
20395500;15.458763122558594;
20404500;15.336143493652344;
20413500;15.500152587890625;
20422500;17.078643798828125;
20431500;15.068092346191406;
20440500;14.97412109375;
20449500;14.937614440917969;
20458500;14.931777954101562;
20467500;14.654541015625;
20476500;14.616302490234375;
20485500;14.321990966796875;
20494500;14.428855895996094;
20503500;14.309257507324219;
20512500;14.8135986328125;
20521500;14.211288452148438;
20530500;13.932640075683594;
20539500;14.144203186035156;
20548500;13.942893981933594;
20557500;13.709480285644531;
20566500;13.946128845214844;
20575500;13.721733093261719;
20584500;13.782905578613281;
20593500;14.314987182617187;
20602500;15.001632690429687;
20611500;13.772506713867188;
20620500;13.727523803710937;
20629500;13.547203063964844;
20638500;13.833892822265625;
20647500;13.472122192382813;
20656500;13.735137939453125;
20665500;13.888015747070313;
20674500;13.546981811523438;
20683500;15.597320556640625;
20692500;16.034233093261719;
20701500;13.667984008789063;
20710500;13.639060974121094;
20719500;13.552040100097656;
20728500;13.72021484375;
20737500;13.928314208984375;
20746500;13.499320983886719;
20755500;13.754241943359375;
20764500;13.551353454589844;
20773500;16.022705078125;
20782500;15.608993530273438;
20791500;13.369338989257813;
20800500;13.637619018554687;
20809500;13.515838623046875;
20818500;13.490760803222656;
20827500;13.67315673828125;
20836500;13.0831298828125;
20845500;13.433090209960938;
20854500;13.46734619140625;
20863500;15.443870544433594;
20872500;14.40814208984375;
20881500;13.130645751953125;
20890500;13.326187133789063;
20899500;13.454269409179688;
20908500;13.020614624023437;
20917500;13.275955200195313;
20926500;12.935462951660156;
20935500;12.999855041503906;
20944500;13.224311828613281;
20953500;14.134780883789063;
20962500;13.459693908691406;
20971500;13.345046997070313;
20980500;13.5660400390625;
20989500;13.34320068359375;
20998500;14.902778625488281;
21007500;14.85528564453125;
21016500;13.264923095703125;
21025500;13.027084350585938;
21034500;12.634384155273438;
21043500;12.989532470703125;
21052500;12.1884765625;
21061500;11.967704772949219;
21070500;11.78240966796875;
21079500;11.589614868164063;
21088500;11.594032287597656;
21097500;11.864845275878906;
21106500;11.741157531738281;
21115500;11.570671081542969;
21124500;11.554763793945313;
21133500;12.442596435546875;
21142500;11.514442443847656;
21151500;11.370811462402344;
21160500;11.277603149414063;
21169500;11.193458557128906;
21178500;11.301361083984375;
21187500;11.592277526855469;
21196500;11.433982849121094;
21205500;11.076164245605469;
21214500;11.59820556640625;
21223500;13.1441650390625;
21232500;10.776969909667969;
21241500;10.93798828125;
21250500;11.116668701171875;
21259500;10.934066772460938;
21268500;10.84527587890625;
21277500;10.732917785644531;
21286500;10.819305419921875;
21295500;10.992195129394531;
21304500;12.452537536621094;
21313500;13.876419067382812;
21322500;11.019035339355469;
21331500;10.909873962402344;
21340500;11.101242065429688;
21349500;10.803733825683594;
21358500;10.898651123046875;
21367500;10.67083740234375;
21376500;11.049263000488281;
21385500;10.79425048828125;
21394500;12.2803955078125;
21403500;12.505760192871094;
21412500;10.500823974609375;
21421500;10.580070495605469;
21430500;10.655601501464844;
21439500;10.565116882324219;
21448500;10.571952819824219;
21457500;10.514862060546875;
21466500;10.112419128417969;
21475500;10.273208618164062;
21484500;11.292465209960938;
21493500;10.926742553710938;
21502500;10.142372131347656;
21511500;10.096710205078125;
21520500;10.010879516601562;
21529500;9.7914657592773437;
21538500;9.9272384643554687;
21547500;9.85443115234375;
21556500;10.169158935546875;
21565500;9.7603530883789062;
21574500;9.9856338500976563;
21583500;9.8162078857421875;
21592500;9.65869140625;
21601500;9.8159027099609375;
21610500;9.426055908203125;
21619500;9.3693466186523437;
21628500;9.1446685791015625;
21637500;9.0808181762695313;
21646500;8.9171142578125;
21655500;9.1449813842773437;
21664500;9.660308837890625;
21673500;9.0092315673828125;
21682500;8.9260635375976563;
21691500;8.6479949951171875;
21700500;8.7309494018554687;
21709500;8.6142654418945312;
21718500;8.409393310546875;
21727500;8.4486846923828125;
21736500;8.72515869140625;
21745500;8.992706298828125;
21754500;10.114097595214844;
21763500;8.3394241333007813;
21772500;8.0999069213867188;
21781500;8.2696685791015625;
21790500;7.9737472534179687;
21799500;8.5130233764648437;
21808500;8.4652633666992187;
21817500;8.0280685424804687;
21826500;7.9984283447265625;
21835500;8.3936309814453125;
21844500;9.8882293701171875;
21853500;8.21636962890625;
21862500;9.049560546875;
21871500;7.974853515625;
21880500;8.0279998779296875;
21889500;8.1136398315429687;
21898500;8.1975860595703125;
21907500;8.293914794921875;
21916500;8.2542343139648437;
21925500;9.1505889892578125;
21934500;9.4197998046875;
21943500;8.0282135009765625;
21952500;8.3545150756835937;
21961500;7.885528564453125;
21970500;7.9852981567382812;
21979500;8.3451461791992187;
21988500;8.024322509765625;
21997500;8.1922225952148437;
22006500;7.8495635986328125;
22015500;8.303680419921875;
22024500;8.6251449584960937;
22033500;8.1035003662109375;
22042500;8.041290283203125;
22051500;8.174163818359375;
22060500;8.2046890258789063;
22069500;8.2401580810546875;
22078500;8.21917724609375;
22087500;8.0752410888671875;
22096500;8.4576644897460937;
22105500;8.2929534912109375;
22114500;8.402679443359375;
22123500;8.2771224975585937;
22132500;8.1593170166015625;
22141500;8.4385528564453125;
22150500;8.3336868286132812;
22159500;8.293975830078125;
22168500;8.5114974975585937;
22177500;8.4675979614257813;
22186500;8.2661666870117187;
22195500;8.3590469360351562;
22204500;8.3151473999023437;
22213500;8.0553131103515625;
22222500;8.2612228393554687;
22231500;8.1211624145507812;
22240500;8.17718505859375;
22249500;8.2662277221679687;
22258500;8.25994873046875;
22267500;8.3919525146484375;
22276500;8.1026992797851562;
22285500;8.9422378540039062;
22294500;8.3808517456054687;
22303500;8.32470703125;
22312500;8.318634033203125;
22321500;8.17388916015625;
22330500;8.287811279296875;
22339500;8.5181808471679687;
22348500;8.4922256469726562;
22357500;8.4316329956054687;
22366500;8.4173202514648438;
22375500;9.5407257080078125;
22384500;8.556610107421875;
22393500;8.4680099487304687;
22402500;8.6875762939453125;
22411500;8.5412826538085937;
22420500;8.445526123046875;
22429500;8.4717483520507812;
22438500;8.7226791381835937;
22447500;9.0326919555664062;
22456500;8.9475173950195312;
22465500;9.876190185546875;
22474500;9.2972869873046875;
22483500;9.3949966430664062;
22492500;9.6154937744140625;
22501500;9.7637786865234375;
22510500;9.5896759033203125;
22519500;9.5429306030273437;
22528500;10.026954650878906;
22537500;9.9660186767578125;
22546500;9.241973876953125;
22555500;9.3611907958984375;
22564500;9.0008087158203125;
22573500;9.0626983642578125;
22582500;9.2079620361328125;
22591500;9.1823043823242187;
22600500;9.1917572021484375;
22609500;9.1047210693359375;
22618500;9.2010574340820312;
22627500;9.3313980102539063;
22636500;9.2327499389648438;
22645500;9.3696823120117187;
22654500;9.3658905029296875;
22663500;9.4283676147460937;
22672500;9.446624755859375;
22681500;9.18267822265625;
22690500;9.2274017333984375;
22699500;9.251617431640625;
22708500;9.1531448364257813;
22717500;9.552337646484375;
22726500;9.5458526611328125;
22735500;9.3327407836914062;
22744500;9.3714065551757812;
22753500;9.2592391967773437;
22762500;9.294952392578125;
22771500;9.4137725830078125;
22780500;9.2450332641601562;
22789500;9.3567657470703125;
22798500;9.212646484375;
22807500;9.40594482421875;
22816500;9.7612152099609375;
22825500;9.6555862426757812;
22834500;9.4381637573242187;
22843500;9.634674072265625;
22852500;9.3755340576171875;
22861500;9.3885498046875;
22870500;9.0938568115234375;
22879500;9.0635757446289062;
22888500;9.3299636840820312;
22897500;9.4984970092773437;
22906500;9.6954727172851562;
22915500;9.5469207763671875;
22924500;9.3218765258789062;
22933500;9.4086761474609375;
22942500;9.1684646606445312;
22951500;9.181732177734375;
22960500;9.4565658569335938;
22969500;9.1826858520507812;
22978500;9.470977783203125;
22987500;9.37359619140625;
22996500;9.7404708862304687;
23005500;9.5731048583984375;
23014500;9.3406906127929687;
23023500;9.79986572265625;
23032500;9.3369979858398437;
23041500;9.5371475219726562;
23050500;9.7847213745117187;
23059500;9.7918853759765625;
23068500;9.7779998779296875;
23077500;9.8546371459960937;
23086500;10.139320373535156;
23095500;10.202171325683594;
23104500;10.045379638671875;
23113500;10.277618408203125;
23122500;10.060333251953125;
23131500;10.258163452148437;
23140500;9.9678192138671875;
23149500;9.8560943603515625;
23158500;9.9066009521484375;
23167500;10.079139709472656;
23176500;10.217033386230469;
23185500;10.109519958496094;
23194500;10.223579406738281;
23203500;10.306488037109375;
23212500;10.271568298339844;
23221500;10.154685974121094;
23230500;10.155204772949219;
23239500;10.483146667480469;
23248500;10.423561096191406;
23257500;10.59039306640625;
23266500;11.042076110839844;
23275500;10.818344116210938;
23284500;10.6142578125;
23293500;10.547561645507812;
23302500;10.62542724609375;
23311500;10.919731140136719;
23320500;10.849288940429687;
23329500;11.484458923339844;
23338500;10.89605712890625;
23347500;10.937294006347656;
23356500;11.392921447753906;
23365500;11.179954528808594;
23374500;11.087425231933594;
23383500;11.265174865722656;
23392500;11.393966674804687;
23401500;11.485763549804688;
23410500;11.510940551757813;
23419500;11.303802490234375;
23428500;11.507484436035156;
23437500;11.50958251953125;
23446500;11.24017333984375;
23455500;11.342544555664063;
23464500;11.217613220214844;
23473500;11.242416381835937;
23482500;11.488189697265625;
23491500;11.310379028320313;
23500500;11.221961975097656;
23509500;11.301849365234375;
23518500;11.509681701660156;
23527500;11.728172302246094;
23536500;12.349029541015625;
23545500;11.498222351074219;
23554500;11.17596435546875;
23563500;11.253807067871094;
23572500;11.571266174316406;
23581500;11.411567687988281;
23590500;11.51629638671875;
23599500;11.288558959960938;
23608500;11.381210327148437;
23617500;11.855445861816406;
23626500;11.663902282714844;
23635500;11.690383911132813;
23644500;11.515960693359375;
23653500;11.716415405273437;
23662500;12.096595764160156;
23671500;11.968612670898438;
23680500;11.799346923828125;
23689500;11.618476867675781;
23698500;11.681922912597656;
23707500;11.661857604980469;
23716500;11.771728515625;
23725500;12.048919677734375;
23734500;12.017143249511719;
23743500;11.990440368652344;
23752500;12.305580139160156;
23761500;12.526100158691406;
23770500;12.128250122070313;
23779500;11.96173095703125;
23788500;11.869781494140625;
23797500;12.05682373046875;
23806500;11.943565368652344;
23815500;12.280868530273438;
23824500;12.413963317871094;
23833500;12.782386779785156;
23842500;20.03460693359375;
23851500;14.161476135253906;
23860500;12.739517211914062;
23869500;12.667381286621094;
23878500;12.829963684082031;
23887500;12.629783630371094;
23896500;12.716232299804688;
23905500;12.700889587402344;
23914500;12.96881103515625;
23923500;13.0826416015625;
23932500;13.427658081054688;
23941500;14.508445739746094;
23950500;15.074508666992188;
23959500;16.275421142578125;
23968500;17.228378295898438;
23977500;18.043159484863281;
23986500;18.620826721191406;
23995500;27.062797546386719;
24004500;37.450401306152344;
24013500;24.161537170410156;
24022500;18.714393615722656;
24031500;17.529808044433594;
24040500;15.805068969726563;
24049500;14.207511901855469;
24058500;13.594810485839844;
24067500;13.727935791015625;
24076500;13.8004150390625;
24085500;13.635231018066406;
24094500;13.455856323242188;
24103500;13.010162353515625;
24112500;13.63232421875;
24121500;14.261512756347656;
24130500;14.33740234375;
24139500;13.560768127441406;
24148500;13.002708435058594;
24157500;13.161140441894531;
24166500;12.933723449707031;
24175500;13.226524353027344;
24184500;13.141510009765625;
24193500;12.566200256347656;
24202500;12.078460693359375;
24211500;13.024551391601562;
24220500;12.935218811035156;
24229500;13.206581115722656;
24238500;13.627937316894531;
24247500;12.902786254882812;
24256500;12.160575866699219;
24265500;12.54888916015625;
24274500;12.927688598632813;
24283500;13.243606567382812;
24292500;13.016265869140625;
24301500;12.733451843261719;
24310500;12.951957702636719;
24319500;13.113182067871094;
24328500;13.468612670898438;
24337500;13.460281372070312;
24346500;13.648513793945312;
24355500;12.544784545898438;
24364500;12.24505615234375;
24373500;12.621437072753906;
24382500;12.901054382324219;
24391500;13.078933715820312;
24400500;13.118270874023437;
24409500;12.696517944335938;
24418500;12.382514953613281;
24427500;12.714248657226562;
24436500;13.150177001953125;
24445500;12.790008544921875;
24454500;12.448799133300781;
24463500;12.559059143066406;
24472500;12.945487976074219;
24481500;13.354583740234375;
24490500;13.318023681640625;
24499500;13.016845703125;
24508500;13.063911437988281;
24517500;13.720550537109375;
24526500;14.533103942871094;
24535500;13.75628662109375;
24544500;12.891632080078125;
24553500;12.696083068847656;
24562500;12.851387023925781;
24571500;13.484687805175781;
24580500;14.033950805664063;
24589500;14.547439575195313;
24598500;14.112083435058594;
24607500;13.600128173828125;
24616500;13.528732299804687;
24625500;14.756706237792969;
24634500;14.508148193359375;
24643500;13.157279968261719;
24652500;12.705001831054688;
24661500;12.486320495605469;
24670500;12.7020263671875;
24679500;13.236579895019531;
24688500;13.269859313964844;
24697500;12.750823974609375;
24706500;12.357185363769531;
24715500;12.415367126464844;
24724500;13.526908874511719;
24733500;13.821701049804687;
24742500;13.185470581054688;
24751500;12.976898193359375;
24760500;12.793128967285156;
24769500;13.093246459960938;
24778500;13.745758056640625;
24787500;13.962745666503906;
24796500;13.737281799316406;
24805500;12.872726440429687;
24814500;12.283599853515625;
24823500;13.033195495605469;
24832500;13.58258056640625;
24841500;13.612686157226563;
24850500;13.03314208984375;
24859500;12.642471313476563;
24868500;12.236701965332031;
24877500;13.051651000976563;
24886500;13.624794006347656;
24895500;13.5120849609375;
24904500;13.098091125488281;
24913500;12.639274597167969;
24922500;13.026351928710938;
24931500;13.569664001464844;
24940500;13.835609436035156;
24949500;13.298255920410156;
24958500;12.647590637207031;
24967500;11.830169677734375;
24976500;12.617523193359375;
24985500;13.697052001953125;
24994500;13.832984924316406;
25003500;13.31640625;
25012500;12.475242614746094;
25021500;12.278495788574219;
25030500;13.048881530761719;
25039500;14.04132080078125;
25048500;13.865898132324219;
25057500;13.389144897460938;
25066500;12.54620361328125;
25075500;12.695343017578125;
25084500;13.751075744628906;
25093500;14.408714294433594;
25102500;14.263313293457031;
25111500;13.288825988769531;
25120500;12.622795104980469;
25129500;13.4365234375;
25138500;14.566856384277344;
25147500;14.936233520507812;
25156500;14.796096801757812;
25165500;13.622024536132812;
25174500;12.996597290039063;
25183500;13.689605712890625;
25192500;14.677093505859375;
25201500;14.644058227539063;
25210500;14.011482238769531;
25219500;13.402252197265625;
25228500;13.371871948242188;
25237500;14.044380187988281;
25246500;14.647438049316406;
25255500;14.516250610351563;
25264500;14.019973754882812;
25273500;13.578201293945312;
25282500;14.011421203613281;
25291500;14.307861328125;
25300500;14.858192443847656;
25309500;14.478759765625;
25318500;14.006576538085937;
25327500;13.584205627441406;
25336500;14.199775695800781;
25345500;15.446456909179688;
25354500;14.802146911621094;
25363500;14.567390441894531;
25372500;14.593170166015625;
25381500;14.602737426757812;
25390500;15.45556640625;
25399500;15.700668334960938;
25408500;15.664886474609375;
25417500;15.137702941894531;
25426500;14.670135498046875;
25435500;14.985794067382813;
25444500;15.883872985839844;
25453500;16.554985046386719;
25462500;17.347740173339844;
25471500;17.7813720703125;
25480500;17.856178283691406;
25489500;18.48748779296875;
25498500;18.96429443359375;
25507500;18.82373046875;
25516500;18.606498718261719;
25525500;18.132698059082031;
25534500;17.617813110351563;
25543500;17.229042053222656;
25552500;16.8485107421875;
25561500;16.57891845703125;
25570500;16.161865234375;
25579500;14.862319946289063;
25588500;15.195587158203125;
25597500;15.602806091308594;
25606500;15.550163269042969;
25615500;15.250152587890625;
25624500;15.083511352539063;
25633500;15.054275512695312;
25642500;15.354248046875;
25651500;15.968978881835938;
25660500;14.82080078125;
25669500;14.405403137207031;
25678500;14.208992004394531;
25687500;14.429092407226563;
25696500;15.09197998046875;
25705500;15.024978637695313;
25714500;14.555366516113281;
25723500;14.235702514648438;
25732500;14.600227355957031;
25741500;14.936187744140625;
25750500;15.273147583007812;
25759500;14.97088623046875;
25768500;14.860610961914063;
25777500;14.682220458984375;
25786500;14.679267883300781;
25795500;15.235122680664063;
25804500;15.323654174804688;
25813500;14.883216857910156;
25822500;14.455368041992187;
25831500;15.239479064941406;
25840500;15.073257446289063;
25849500;15.221450805664063;
25858500;15.165275573730469;
25867500;14.544189453125;
25876500;14.357063293457031;
25885500;14.494796752929688;
25894500;15.061424255371094;
25903500;15.453773498535156;
25912500;15.207542419433594;
25921500;14.500236511230469;
25930500;14.655281066894531;
25939500;14.902473449707031;
25948500;15.450149536132812;
25957500;16.761039733886719;
25966500;17.31341552734375;
25975500;17.973869323730469;
25984500;14.749221801757812;
25993500;14.907028198242187;
26002500;15.530807495117188;
26011500;16.591049194335937;
26020500;16.698387145996094;
26029500;14.850204467773438;
26038500;14.78387451171875;
26047500;15.333656311035156;
26056500;15.8199462890625;
26065500;16.081077575683594;
26074500;16.093780517578125;
26083500;15.897430419921875;
26092500;15.998908996582031;
26101500;16.2198486328125;
26110500;16.481155395507813;
26119500;16.241828918457031;
26128500;15.84722900390625;
26137500;15.569931030273437;
26146500;15.410385131835938;
26155500;15.761474609375;
26164500;15.859222412109375;
26173500;15.761474609375;
26182500;15.607017517089844;
26191500;15.723373413085937;
26200500;16.182319641113281;
26209500;16.527687072753906;
26218500;16.391464233398438;
26227500;16.158187866210937;
26236500;15.870391845703125;
26245500;16.068038940429688;
26254500;16.399459838867188;
26263500;16.514862060546875;
26272500;16.420913696289062;
26281500;17.200592041015625;
26290500;16.494476318359375;
26299500;16.223159790039063;
26308500;16.228843688964844;
26317500;16.831230163574219;
26326500;16.868400573730469;
26335500;16.397125244140625;
26344500;16.582191467285156;
26353500;16.416610717773438;
26362500;16.5863037109375;
26371500;18.352378845214844;
26380500;19.410720825195313;
26389500;16.678268432617188;
26398500;16.470123291015625;
26407500;16.870841979980469;
26416500;16.975944519042969;
26425500;16.958602905273438;
26434500;16.846061706542969;
26443500;16.971969604492188;
26452500;16.803268432617187;
26461500;17.076675415039063;
26470500;16.617469787597656;
26479500;16.863136291503906;
26488500;16.909095764160156;
26497500;16.665939331054687;
26506500;17.058364868164063;
26515500;17.105140686035156;
26524500;16.904335021972656;
26533500;16.963958740234375;
26542500;16.991622924804687;
26551500;17.409149169921875;
26560500;17.044052124023438;
26569500;16.962791442871094;
26578500;17.003761291503906;
26587500;16.940933227539063;
26596500;17.013320922851563;
26605500;17.258644104003906;
26614500;17.286453247070312;
26623500;17.418701171875;
26632500;17.693107604980469;
26641500;18.130462646484375;
26650500;17.304801940917969;
26659500;17.573890686035156;
26668500;17.391914367675781;
26677500;17.293533325195313;
26686500;17.473052978515625;
26695500;17.18988037109375;
26704500;16.971511840820313;
26713500;17.118202209472656;
26722500;17.9815673828125;
26731500;18.249908447265625;
26740500;16.964073181152344;
26749500;17.098739624023437;
26758500;17.150802612304688;
26767500;17.025794982910156;
26776500;17.3865966796875;
26785500;18.581863403320313;
26794500;16.652374267578125;
26803500;16.913955688476563;
26812500;18.334487915039063;
26821500;18.204322814941406;
26830500;16.652351379394531;
26839500;16.353317260742188;
26848500;16.230575561523438;
26857500;16.278289794921875;
26866500;16.743667602539063;
26875500;16.776802062988281;
26884500;16.5494384765625;
26893500;16.304450988769531;
26902500;17.658348083496094;
26911500;17.169403076171875;
26920500;16.598434448242188;
26929500;16.370986938476563;
26938500;16.062339782714844;
26947500;16.012672424316406;
26956500;16.610244750976562;
26965500;17.273513793945313;
26974500;17.640716552734375;
26983500;17.791542053222656;
26992500;18.393630981445313;
27001500;20.141410827636719;
27010500;19.043411254882813;
27019500;17.781791687011719;
27028500;17.2615966796875;
27037500;16.6666259765625;
27046500;15.9918212890625;
27055500;15.351554870605469;
27064500;15.077888488769531;
27073500;15.18402099609375;
27082500;15.784393310546875;
27091500;15.016700744628906;
27100500;14.322265625;
27109500;14.324958801269531;
27118500;14.848930358886719;
27127500;14.621871948242188;
27136500;14.325485229492188;
27145500;14.027862548828125;
27154500;13.917366027832031;
27163500;13.910575866699219;
27172500;14.964584350585937;
27181500;14.42266845703125;
27190500;16.917320251464844;
27199500;15.879203796386719;
27208500;12.952285766601562;
27217500;12.817634582519531;
27226500;13.17852783203125;
27235500;13.640960693359375;
27244500;13.059616088867188;
27253500;13.19158935546875;
27262500;14.365852355957031;
27271500;12.916656494140625;
27280500;12.74957275390625;
27289500;12.794204711914063;
27298500;12.9844970703125;
27307500;12.370994567871094;
27316500;12.009490966796875;
27325500;12.409080505371094;
27334500;12.574165344238281;
27343500;12.940383911132812;
27352500;14.021759033203125;
27361500;12.32550048828125;
27370500;11.964118957519531;
27379500;11.730972290039063;
27388500;11.415184020996094;
27397500;11.517242431640625;
27406500;11.399253845214844;
27415500;11.153160095214844;
27424500;11.298606872558594;
27433500;12.576789855957031;
27442500;13.437583923339844;
27451500;10.996124267578125;
27460500;10.74285888671875;
27469500;10.564498901367188;
27478500;10.889450073242188;
27487500;10.808029174804687;
27496500;10.483497619628906;
27505500;10.423431396484375;
27514500;10.644378662109375;
27523500;11.120918273925781;
27532500;10.654373168945313;
27541500;10.306938171386719;
27550500;9.9634170532226563;
27559500;10.056343078613281;
27568500;9.8378524780273437;
27577500;9.975067138671875;
27586500;10.235427856445312;
27595500;12.056694030761719;
27604500;10.34625244140625;
27613500;10.35791015625;
27622500;9.7692794799804687;
27631500;9.4812164306640625;
27640500;9.2768020629882812;
27649500;9.3130874633789063;
27658500;9.1961746215820312;
27667500;9.1724624633789062;
27676500;9.299591064453125;
27685500;9.3612442016601562;
27694500;8.8267669677734375;
27703500;9.2197036743164062;
27712500;9.015777587890625;
27721500;9.0921249389648437;
27730500;9.3212509155273437;
27739500;8.912139892578125;
27748500;8.8084716796875;
27757500;8.7996902465820312;
27766500;8.7236404418945313;
27775500;9.0761489868164062;
27784500;8.9487152099609375;
27793500;9.4577484130859375;
27802500;8.6997833251953125;
27811500;8.7079620361328125;
27820500;8.702606201171875;
27829500;8.8769378662109375;
27838500;8.904876708984375;
27847500;8.6688766479492187;
27856500;8.6204452514648437;
27865500;8.653350830078125;
27874500;8.9197235107421875;
27883500;9.6724014282226563;
27892500;8.9101333618164062;
27901500;9.0402450561523437;
27910500;9.3939437866210937;
27919500;8.9021224975585937;
27928500;8.9331512451171875;
27937500;9.371307373046875;
27946500;9.0642929077148438;
27955500;8.8930282592773437;
27964500;8.9832992553710937;
27973500;9.5080413818359375;
27982500;9.1971359252929687;
27991500;9.0608978271484375;
28000500;10.066398620605469;
28009500;9.0878524780273437;
28018500;9.045989990234375;
28027500;9.0763702392578125;
28036500;9.375152587890625;
28045500;9.5175857543945312;
28054500;9.5214691162109375;
28063500;9.4779815673828125;
28072500;9.2983779907226563;
28081500;9.5461654663085938;
28090500;10.117263793945312;
28099500;9.8071975708007812;
28108500;9.76715087890625;
28117500;9.625244140625;
28126500;9.5725173950195312;
28135500;9.5859832763671875;
28144500;9.6443862915039062;
28153500;9.933135986328125;
28162500;9.65521240234375;
28171500;9.5578460693359375;
28180500;9.4411773681640625;
28189500;9.81024169921875;
28198500;10.005165100097656;
28207500;9.8035125732421875;
28216500;11.1566162109375;
28225500;10.482185363769531;
28234500;9.8264083862304687;
28243500;9.8930740356445313;
28252500;9.9871063232421875;
28261500;9.9021224975585938;
28270500;9.89154052734375;
28279500;10.384078979492187;
28288500;9.8561477661132812;
28297500;9.8970947265625;
28306500;10.07568359375;
28315500;10.033531188964844;
28324500;10.469947814941406;
28333500;10.14410400390625;
28342500;10.176651000976562;
28351500;10.162078857421875;
28360500;10.07354736328125;
28369500;10.110008239746094;
28378500;9.9041290283203125;
28387500;10.076133728027344;
28396500;10.371681213378906;
28405500;10.684463500976563;
28414500;10.7198486328125;
28423500;10.484870910644531;
28432500;10.979393005371094;
28441500;10.795173645019531;
28450500;10.770713806152344;
28459500;11.124588012695312;
28468500;10.660995483398437;
28477500;10.806831359863281;
28486500;11.106521606445313;
28495500;11.080604553222656;
28504500;11.396774291992188;
28513500;11.07781982421875;
28522500;11.618789672851563;
28531500;11.036018371582031;
28540500;10.846305847167969;
28549500;10.969337463378906;
28558500;11.49957275390625;
28567500;11.411827087402344;
28576500;10.99420166015625;
28585500;11.065742492675781;
28594500;11.422447204589844;
28603500;11.179679870605469;
28612500;11.198371887207031;
28621500;11.023422241210938;
28630500;13.67364501953125;
28639500;13.017219543457031;
28648500;11.152000427246094;
28657500;11.193344116210938;
28666500;11.215087890625;
28675500;11.224662780761719;
28684500;11.714347839355469;
28693500;11.516830444335938;
28702500;11.837051391601563;
28711500;12.154930114746094;
28720500;11.636474609375;
28729500;11.820556640625;
28738500;11.708015441894531;
28747500;11.793678283691406;
28756500;12.086448669433594;
28765500;12.444732666015625;
28774500;12.300178527832031;
28783500;12.168853759765625;
28792500;12.27099609375;
28801500;12.322967529296875;
28810500;12.276458740234375;
28819500;12.527961730957031;
28828500;12.722625732421875;
28837500;12.408973693847656;
28846500;12.548774719238281;
28855500;12.753334045410156;
28864500;12.757598876953125;
28873500;12.724899291992188;
28882500;13.089431762695313;
28891500;12.844345092773438;
28900500;12.856689453125;
28909500;12.971054077148438;
28918500;12.915191650390625;
28927500;13.01470947265625;
28936500;12.968063354492188;
28945500;13.781158447265625;
28954500;13.507293701171875;
28963500;13.086532592773438;
28972500;13.260215759277344;
28981500;13.152565002441406;
28990500;13.242134094238281;
28999500;13.576499938964844;
29008500;13.888320922851563;
29017500;13.5526123046875;
29026500;13.671516418457031;
29035500;14.503097534179688;
29044500;14.083702087402344;
29053500;13.960174560546875;
29062500;13.868278503417969;
29071500;14.304023742675781;
29080500;13.748222351074219;
29089500;13.93560791015625;
29098500;14.002227783203125;
29107500;14.195808410644531;
29116500;14.173690795898438;
29125500;14.934608459472656;
29134500;14.927383422851563;
29143500;14.339859008789063;
29152500;14.305503845214844;
29161500;14.741081237792969;
29170500;15.010055541992188;
29179500;15.029624938964844;
29188500;15.056694030761719;
29197500;14.998634338378906;
29206500;15.094032287597656;
29215500;15.686576843261719;
29224500;15.445648193359375;
29233500;15.34539794921875;
29242500;15.286888122558594;
29251500;15.562896728515625;
29260500;15.613250732421875;
29269500;15.618453979492188;
29278500;16.187431335449219;
29287500;18.019966125488281;
29296500;16.547943115234375;
29305500;16.241012573242188;
29314500;16.712501525878906;
29323500;16.404754638671875;
29332500;16.72149658203125;
29341500;16.925041198730469;
29350500;16.833320617675781;
29359500;16.961334228515625;
29368500;16.993110656738281;
29377500;17.3189697265625;
29386500;17.453941345214844;
29395500;17.893562316894531;
29404500;18.030059814453125;
29413500;17.935646057128906;
29422500;18.030197143554687;
29431500;18.1202392578125;
29440500;18.299354553222656;
29449500;18.089225769042969;
29458500;18.458206176757813;
29467500;18.368522644042969;
29476500;18.951278686523438;
29485500;19.211898803710937;
29494500;18.884689331054687;
29503500;18.669998168945313;
29512500;18.725700378417969;
29521500;18.834739685058594;
29530500;18.967002868652344;
29539500;18.80523681640625;
29548500;18.78582763671875;
29557500;19.304061889648437;
29566500;20.04193115234375;
29575500;19.633132934570312;
29584500;19.137939453125;
29593500;19.467239379882812;
29602500;19.357460021972656;
29611500;19.26226806640625;
29620500;19.838050842285156;
29629500;19.547988891601562;
29638500;19.486572265625;
29647500;19.750808715820313;
29656500;20.380165100097656;
29665500;22.090164184570313;
29674500;21.252212524414063;
29683500;19.85906982421875;
29692500;19.534347534179688;
29701500;19.300529479980469;
29710500;19.456047058105469;
29719500;19.522048950195312;
29728500;19.983428955078125;
29737500;20.270126342773438;
29746500;20.739425659179688;
29755500;20.541847229003906;
29764500;20.011032104492188;
29773500;19.597122192382813;
29782500;19.813385009765625;
29791500;19.615013122558594;
29800500;25.115707397460938;
29809500;25.360496520996094;
29818500;20.036453247070313;
29827500;22.632843017578125;
29836500;19.79083251953125;
29845500;19.614700317382812;
29854500;19.800727844238281;
29863500;19.737930297851563;
29872500;19.813362121582031;
29881500;19.943595886230469;
29890500;19.576492309570313;
29899500;20.198799133300781;
29908500;19.767494201660156;
29917500;20.292465209960938;
29926500;21.351104736328125;
29935500;19.768753051757813;
29944500;19.721916198730469;
29953500;19.463409423828125;
29962500;19.921783447265625;
29971500;20.311965942382813;
29980500;20.798004150390625;
29989500;21.328620910644531;
29998500;24.493545532226563;
