Type;FSV-13;
Version;3.70;
Date;14.Mar 24;
Mode;ANALYZER;
Center Freq;15076500.000000;Hz
Freq Offset;0.000000;Hz
Span;29844000.000000;Hz
x-Axis;LIN;
Start;154500.000000;Hz
Stop;29998500.000000;Hz
Ref Level;69.000000;dBµV
Level Offset;0.000000;dB
Ref Position;100.000000;%
y-Axis;LOG;
Level Range;100.000000;dB
Rf Att;0.000000;dB
El Att;0.000000;dB
RBW;9000.000000;Hz
VBW;100000.000000;Hz
SWT;0.100000;s
Trace Mode;AVERAGE;
Detector;RMS;
Sweep Count;0;
Trace 1:;;
x-Unit;Hz;
y-Unit;dBµV;
Preamplifier;OFF;
Transducer;OFF;
Values;3317;
154500;33.280532836914063;
163500;27.651397705078125;
172500;29.878562927246094;
181500;25.412178039550781;
190500;29.886383056640625;
199500;32.02593994140625;
208500;29.428413391113281;
217500;29.607765197753906;
226500;26.342330932617188;
235500;31.01641845703125;
244500;28.051414489746094;
253500;30.706207275390625;
262500;28.390281677246094;
271500;32.249336242675781;
280500;32.469070434570313;
289500;35.74761962890625;
298500;32.121734619140625;
307500;29.612022399902344;
316500;36.079345703125;
325500;30.087570190429687;
334500;28.378555297851563;
343500;21.56597900390625;
352500;27.323692321777344;
361500;26.324356079101563;
370500;28.478523254394531;
379500;23.830177307128906;
388500;20.450019836425781;
397500;23.783432006835938;
406500;25.225608825683594;
415500;24.500297546386719;
424500;21.719306945800781;
433500;20.539016723632813;
442500;19.5025634765625;
451500;22.870162963867188;
460500;19.896430969238281;
469500;19.205360412597656;
478500;20.4140625;
487500;21.699447631835938;
496500;22.574287414550781;
505500;18.292083740234375;
514500;16.992660522460938;
523500;17.273033142089844;
532500;18.579750061035156;
541500;15.821388244628906;
550500;17.465644836425781;
559500;17.983169555664063;
568500;20.469985961914063;
577500;20.822425842285156;
586500;17.705207824707031;
595500;17.312950134277344;
604500;15.886100769042969;
613500;17.467353820800781;
622500;15.517189025878906;
631500;19.805267333984375;
640500;21.10064697265625;
649500;21.018600463867188;
658500;20.47442626953125;
667500;19.47015380859375;
676500;29.11346435546875;
685500;23.355865478515625;
694500;24.480926513671875;
703500;23.48486328125;
712500;32.154998779296875;
721500;31.544326782226563;
730500;30.340667724609375;
739500;28.027900695800781;
748500;30.041099548339844;
757500;38.581344604492188;
766500;33.201797485351562;
775500;31.705345153808594;
784500;29.441947937011719;
793500;41.299171447753906;
802500;39.227935791015625;
811500;40.421333312988281;
820500;33.972740173339844;
829500;38.080070495605469;
838500;45.98687744140625;
847500;46.433685302734375;
856500;43.916908264160156;
865500;39.82818603515625;
874500;48.930091857910156;
883500;50.059730529785156;
892500;54.400745391845703;
901500;47.797996520996094;
910500;45.120342254638672;
919500;48.515998840332031;
928500;56.093254089355469;
937500;51.829097747802734;
946500;45.236015319824219;
955500;44.324043273925781;
964500;45.828498840332031;
973500;49.787834167480469;
982500;40.573699951171875;
991500;38.899215698242188;
1000500;41.39666748046875;
1009500;40.929901123046875;
1018500;36.01800537109375;
1027500;31.362442016601562;
1036500;39.255973815917969;
1045500;32.656356811523438;
1054500;33.008926391601563;
1063500;30.288970947265625;
1072500;33.12493896484375;
1081500;33.959175109863281;
1090500;26.555404663085937;
1099500;23.506423950195313;
1108500;22.432273864746094;
1117500;30.377853393554688;
1126500;20.388442993164062;
1135500;16.495758056640625;
1144500;18.721046447753906;
1153500;24.30084228515625;
1162500;22.392158508300781;
1171500;16.851509094238281;
1180500;19.592864990234375;
1189500;20.910011291503906;
1198500;24.6717529296875;
1207500;21.545051574707031;
1216500;23.360397338867188;
1225500;24.707176208496094;
1234500;27.060226440429687;
1243500;25.756568908691406;
1252500;23.68487548828125;
1261500;21.939346313476563;
1270500;21.424537658691406;
1279500;25.038581848144531;
1288500;21.5958251953125;
1297500;21.358314514160156;
1306500;20.756858825683594;
1315500;24.111801147460937;
1324500;21.602943420410156;
1333500;24.816482543945313;
1342500;23.958656311035156;
1351500;22.267105102539063;
1360500;24.658538818359375;
1369500;25.926795959472656;
1378500;26.426506042480469;
1387500;26.036102294921875;
1396500;27.417732238769531;
1405500;26.412841796875;
1414500;28.096954345703125;
1423500;26.415214538574219;
1432500;24.81256103515625;
1441500;26.486282348632813;
1450500;25.203811645507812;
1459500;25.417144775390625;
1468500;24.252044677734375;
1477500;30.438018798828125;
1486500;23.423049926757813;
1495500;25.345634460449219;
1504500;28.982109069824219;
1513500;31.61053466796875;
1522500;31.894584655761719;
1531500;26.422340393066406;
1540500;29.996658325195313;
1549500;31.010063171386719;
1558500;37.083953857421875;
1567500;31.438438415527344;
1576500;32.005020141601563;
1585500;33.599128723144531;
1594500;37.994407653808594;
1603500;36.643852233886719;
1612500;35.039108276367188;
1621500;34.535148620605469;
1630500;34.464752197265625;
1639500;40.325660705566406;
1648500;35.934829711914063;
1657500;36.006095886230469;
1666500;34.464370727539062;
1675500;38.172966003417969;
1684500;36.11187744140625;
1693500;36.84613037109375;
1702500;34.040092468261719;
1711500;32.66302490234375;
1720500;37.045883178710937;
1729500;34.482864379882812;
1738500;33.473899841308594;
1747500;30.69805908203125;
1756500;34.879707336425781;
1765500;31.335533142089844;
1774500;33.415481567382813;
1783500;29.363662719726563;
1792500;29.395706176757813;
1801500;32.849777221679688;
1810500;29.798065185546875;
1819500;28.33978271484375;
1828500;26.011482238769531;
1837500;32.124839782714844;
1846500;26.349456787109375;
1855500;27.578445434570313;
1864500;27.65655517578125;
1873500;27.826316833496094;
1882500;28.887245178222656;
1891500;23.158065795898438;
1900500;24.413650512695313;
1909500;24.723411560058594;
1918500;28.121360778808594;
1927500;22.6710205078125;
1936500;21.44488525390625;
1945500;25.830841064453125;
1954500;25.148635864257812;
1963500;24.287788391113281;
1972500;21.860244750976562;
1981500;23.38287353515625;
1990500;23.258506774902344;
1999500;25.023529052734375;
2008500;21.426719665527344;
2017500;21.571479797363281;
2026500;23.535888671875;
2035500;23.886322021484375;
2044500;22.467437744140625;
2053500;21.61212158203125;
2062500;21.692886352539063;
2071500;20.849212646484375;
2080500;24.564674377441406;
2089500;19.642921447753906;
2098500;19.383384704589844;
2107500;19.718246459960937;
2116500;23.295242309570312;
2125500;20.214210510253906;
2134500;18.349372863769531;
2143500;17.75885009765625;
2152500;18.2650146484375;
2161500;22.727630615234375;
2170500;16.60174560546875;
2179500;14.669227600097656;
2188500;16.140342712402344;
2197500;21.304779052734375;
2206500;16.427825927734375;
2215500;15.923057556152344;
2224500;14.56146240234375;
2233500;16.117446899414063;
2242500;18.676246643066406;
2251500;14.543746948242188;
2260500;14.466934204101562;
2269500;12.849075317382812;
2278500;17.813499450683594;
2287500;13.628692626953125;
2296500;16.020698547363281;
2305500;24.041145324707031;
2314500;15.87646484375;
2323500;16.602783203125;
2332500;14.867141723632812;
2341500;13.910263061523438;
2350500;14.240737915039063;
2359500;17.246826171875;
2368500;14.534996032714844;
2377500;15.499717712402344;
2386500;24.329887390136719;
2395500;30.98590087890625;
2404500;17.537704467773438;
2413500;15.190719604492188;
2422500;15.300994873046875;
2431500;15.444229125976563;
2440500;17.093948364257812;
2449500;13.785911560058594;
2458500;14.397125244140625;
2467500;15.776222229003906;
2476500;26.375267028808594;
2485500;29.45849609375;
2494500;14.902931213378906;
2503500;13.62530517578125;
2512500;13.868072509765625;
2521500;16.877365112304688;
2530500;15.015113830566406;
2539500;13.445808410644531;
2548500;13.319908142089844;
2557500;16.020042419433594;
2566500;22.911163330078125;
2575500;23.782882690429688;
2584500;13.882568359375;
2593500;16.119865417480469;
2602500;16.355308532714844;
2611500;15.607704162597656;
2620500;15.202537536621094;
2629500;15.9346923828125;
2638500;17.7021484375;
2647500;16.813407897949219;
2656500;20.557693481445313;
2665500;19.565902709960937;
2674500;18.987701416015625;
2683500;20.118980407714844;
2692500;19.190971374511719;
2701500;18.767646789550781;
2710500;18.571517944335938;
2719500;21.65771484375;
2728500;19.727775573730469;
2737500;18.981498718261719;
2746500;19.868095397949219;
2755500;20.279609680175781;
2764500;20.269721984863281;
2773500;17.22882080078125;
2782500;16.359809875488281;
2791500;16.347854614257813;
2800500;20.367782592773438;
2809500;16.400344848632812;
2818500;15.862220764160156;
2827500;15.819633483886719;
2836500;24.969322204589844;
2845500;20.079826354980469;
2854500;16.491775512695312;
2863500;15.316505432128906;
2872500;15.424110412597656;
2881500;18.372505187988281;
2890500;15.861000061035156;
2899500;15.703262329101563;
2908500;14.482566833496094;
2917500;18.584640502929688;
2926500;26.936431884765625;
2935500;17.774139404296875;
2944500;12.835769653320312;
2953500;13.424880981445313;
2962500;16.695831298828125;
2971500;14.110420227050781;
2980500;13.4169921875;
2989500;13.589797973632813;
2998500;17.597213745117188;
3007500;18.194664001464844;
3016500;26.433815002441406;
3025500;14.673316955566406;
3034500;13.8887939453125;
3043500;15.756027221679688;
3052500;13.936897277832031;
3061500;14.026695251464844;
3070500;13.105880737304688;
3079500;15.917762756347656;
3088500;13.132125854492188;
3097500;18.527061462402344;
3106500;23.512977600097656;
3115500;13.694122314453125;
3124500;14.852302551269531;
3133500;12.491455078125;
3142500;12.31951904296875;
3151500;12.169952392578125;
3160500;15.64129638671875;
3169500;13.382766723632813;
3178500;13.284996032714844;
3187500;16.68438720703125;
3196500;18.855949401855469;
3205500;15.196128845214844;
3214500;14.39556884765625;
3223500;14.748405456542969;
3232500;15.141433715820313;
3241500;16.578125;
3250500;14.977714538574219;
3259500;15.215927124023437;
3268500;14.847618103027344;
3277500;16.185447692871094;
3286500;15.966567993164063;
3295500;15.853851318359375;
3304500;15.600059509277344;
3313500;16.039566040039063;
3322500;17.716018676757813;
3331500;17.272163391113281;
3340500;16.861045837402344;
3349500;17.196495056152344;
3358500;18.342864990234375;
3367500;22.947372436523438;
3376500;21.293586730957031;
3385500;18.22979736328125;
3394500;18.652549743652344;
3403500;19.192718505859375;
3412500;18.486503601074219;
3421500;18.086891174316406;
3430500;18.134521484375;
3439500;18.610916137695313;
3448500;18.0081787109375;
3457500;24.618186950683594;
3466500;20.423233032226563;
3475500;17.798149108886719;
3484500;18.367599487304688;
3493500;18.066055297851563;
3502500;17.675460815429688;
3511500;17.368202209472656;
3520500;18.516769409179688;
3529500;17.682716369628906;
3538500;17.549354553222656;
3547500;20.871345520019531;
3556500;17.770835876464844;
3565500;17.248031616210938;
3574500;16.895759582519531;
3583500;15.93731689453125;
3592500;15.591232299804688;
3601500;17.142707824707031;
3610500;15.575408935546875;
3619500;15.566627502441406;
3628500;15.153228759765625;
3637500;17.340873718261719;
3646500;16.115158081054688;
3655500;15.452110290527344;
3664500;14.89495849609375;
3673500;14.755912780761719;
3682500;16.034919738769531;
3691500;15.332855224609375;
3700500;15.008590698242188;
3709500;14.854087829589844;
3718500;15.7047119140625;
3727500;16.070388793945313;
3736500;15.4161376953125;
3745500;14.655517578125;
3754500;14.758132934570313;
3763500;15.99310302734375;
3772500;14.874801635742188;
3781500;14.529640197753906;
3790500;14.550239562988281;
3799500;15.62774658203125;
3808500;14.933517456054687;
3817500;14.728775024414063;
3826500;14.824920654296875;
3835500;14.949241638183594;
3844500;15.858963012695312;
3853500;15.096748352050781;
3862500;15.071968078613281;
3871500;14.497917175292969;
3880500;15.903221130371094;
3889500;15.051521301269531;
3898500;15.303619384765625;
3907500;14.456695556640625;
3916500;14.846725463867188;
3925500;15.715644836425781;
3934500;14.945152282714844;
3943500;14.538848876953125;
3952500;14.315826416015625;
3961500;16.051597595214844;
3970500;14.745376586914063;
3979500;15.173233032226563;
3988500;14.834030151367188;
3997500;15.584732055664062;
4006500;16.102027893066406;
4015500;15.563941955566406;
4024500;16.021759033203125;
4033500;15.367424011230469;
4042500;17.198837280273438;
4051500;16.50726318359375;
4060500;16.947525024414063;
4069500;16.918037414550781;
4078500;17.231376647949219;
4087500;17.943748474121094;
4096500;17.408302307128906;
4105500;17.801811218261719;
4114500;17.497627258300781;
4123500;18.577705383300781;
4132500;18.460807800292969;
4141500;18.404129028320312;
4150500;18.562324523925781;
4159500;19.052421569824219;
4168500;19.362922668457031;
4177500;19.470199584960937;
4186500;19.494224548339844;
4195500;20.302642822265625;
4204500;20.435615539550781;
4213500;20.737335205078125;
4222500;20.52764892578125;
4231500;21.141738891601563;
4240500;21.137519836425781;
4249500;21.628555297851563;
4258500;21.56622314453125;
4267500;21.815155029296875;
4276500;21.825225830078125;
4285500;22.152359008789063;
4294500;22.170982360839844;
4303500;22.038078308105469;
4312500;22.30352783203125;
4321500;22.227165222167969;
4330500;22.322410583496094;
4339500;22.122917175292969;
4348500;22.019195556640625;
4357500;21.956062316894531;
4366500;21.859893798828125;
4375500;21.521217346191406;
4384500;21.250572204589844;
4393500;20.981781005859375;
4402500;21.1976318359375;
4411500;20.4962158203125;
4420500;20.709465026855469;
4429500;19.967391967773437;
4438500;20.379104614257813;
4447500;19.612190246582031;
4456500;19.584625244140625;
4465500;19.047348022460938;
4474500;18.740989685058594;
4483500;18.658187866210937;
4492500;18.252456665039063;
4501500;17.700302124023438;
4510500;17.614295959472656;
4519500;17.550071716308594;
4528500;17.877235412597656;
4537500;16.536628723144531;
4546500;15.988906860351563;
4555500;15.854301452636719;
4564500;15.991355895996094;
4573500;15.210098266601563;
4582500;15.111038208007813;
4591500;14.405303955078125;
4600500;14.988960266113281;
4609500;15.57073974609375;
4618500;15.786842346191406;
4627500;13.713363647460937;
4636500;13.281646728515625;
4645500;13.936309814453125;
4654500;13.063117980957031;
4663500;12.943634033203125;
4672500;12.318992614746094;
4681500;13.122161865234375;
4690500;12.492012023925781;
4699500;14.479949951171875;
4708500;13.318206787109375;
4717500;11.785781860351562;
4726500;12.400909423828125;
4735500;12.174911499023438;
4744500;10.860687255859375;
4753500;11.312400817871094;
4762500;12.470565795898438;
4771500;11.657508850097656;
4780500;11.633964538574219;
4789500;12.014846801757813;
4798500;12.036865234375;
4807500;11.575874328613281;
4816500;11.740921020507813;
4825500;11.228546142578125;
4834500;10.368019104003906;
4843500;12.563217163085938;
4852500;10.6009521484375;
4861500;11.758186340332031;
4870500;10.45196533203125;
4879500;11.286849975585938;
4888500;11.931732177734375;
4897500;11.078575134277344;
4906500;11.375816345214844;
4915500;10.145652770996094;
4924500;12.287322998046875;
4933500;11.801246643066406;
4942500;11.850471496582031;
4951500;11.198570251464844;
4960500;11.12042236328125;
4969500;13.603507995605469;
4978500;11.530868530273438;
4987500;10.552658081054687;
4996500;11.077415466308594;
5005500;11.630294799804688;
5014500;11.601654052734375;
5023500;10.615821838378906;
5032500;10.83685302734375;
5041500;11.595657348632812;
5050500;11.877113342285156;
5059500;15.950851440429687;
5068500;10.592948913574219;
5077500;10.767326354980469;
5086500;11.997802734375;
5095500;11.134132385253906;
5104500;10.515625;
5113500;10.311599731445312;
5122500;11.730140686035156;
5131500;10.867729187011719;
5140500;13.002479553222656;
5149500;15.842697143554688;
5158500;10.8658447265625;
5167500;11.613121032714844;
5176500;11.29095458984375;
5185500;9.815399169921875;
5194500;10.423805236816406;
5203500;11.858871459960937;
5212500;10.606422424316406;
5221500;11.174057006835938;
5230500;11.573478698730469;
5239500;13.683738708496094;
5248500;10.767601013183594;
5257500;11.158966064453125;
5266500;10.054092407226562;
5275500;8.9859695434570312;
5284500;11.878204345703125;
5293500;9.9177017211914062;
5302500;10.349807739257812;
5311500;8.9062881469726563;
5320500;10.775230407714844;
5329500;11.562461853027344;
5338500;10.344978332519531;
5347500;9.4426422119140625;
5356500;8.9194564819335938;
5365500;11.248756408691406;
5374500;10.70062255859375;
5383500;9.541229248046875;
5392500;9.4205322265625;
5401500;10.441146850585937;
5410500;10.324211120605469;
5419500;11.071807861328125;
5428500;8.516845703125;
5437500;9.9295196533203125;
5446500;11.540481567382813;
5455500;10.838462829589844;
5464500;10.47808837890625;
5473500;9.3616256713867187;
5482500;12.278228759765625;
5491500;10.796730041503906;
5500500;12.573196411132812;
5509500;10.878982543945313;
5518500;11.104347229003906;
5527500;12.849441528320313;
5536500;12.2471923828125;
5545500;12.026123046875;
5554500;11.712257385253906;
5563500;13.805580139160156;
5572500;13.0360107421875;
5581500;13.410659790039063;
5590500;15.984275817871094;
5599500;13.85015869140625;
5608500;14.032539367675781;
5617500;14.337066650390625;
5626500;13.722953796386719;
5635500;13.668052673339844;
5644500;15.04791259765625;
5653500;14.4005126953125;
5662500;15.293952941894531;
5671500;15.140243530273438;
5680500;20.337112426757813;
5689500;16.046279907226563;
5698500;15.822624206542969;
5707500;15.841812133789063;
5716500;15.086936950683594;
5725500;17.117279052734375;
5734500;16.085472106933594;
5743500;16.820442199707031;
5752500;16.816444396972656;
5761500;18.233642578125;
5770500;23.04736328125;
5779500;17.385551452636719;
5788500;17.339271545410156;
5797500;17.187416076660156;
5806500;17.727012634277344;
5815500;17.9287109375;
5824500;17.766006469726562;
5833500;17.739234924316406;
5842500;17.796234130859375;
5851500;20.384628295898437;
5860500;23.264556884765625;
5869500;17.220306396484375;
5878500;17.474777221679688;
5887500;17.771514892578125;
5896500;17.233787536621094;
5905500;17.565330505371094;
5914500;16.37255859375;
5923500;17.324630737304688;
5932500;16.272537231445313;
5941500;16.887603759765625;
5950500;18.998519897460938;
5959500;20.83746337890625;
5968500;16.07843017578125;
5977500;14.537040710449219;
5986500;14.72509765625;
5995500;14.808280944824219;
6004500;13.158180236816406;
6013500;13.968475341796875;
6022500;13.19970703125;
6031500;17.15386962890625;
6040500;16.576461791992187;
6049500;11.622367858886719;
6058500;13.33404541015625;
6067500;10.77093505859375;
6076500;11.062187194824219;
6085500;12.671737670898437;
6094500;11.246192932128906;
6103500;12.048805236816406;
6112500;9.8915176391601562;
6121500;22.295791625976562;
6130500;18.429191589355469;
6139500;9.9972610473632812;
6148500;10.824943542480469;
6157500;9.4961090087890625;
6166500;11.137809753417969;
6175500;10.013031005859375;
6184500;9.32672119140625;
6193500;10.40557861328125;
6202500;9.5406951904296875;
6211500;23.546112060546875;
6220500;16.728294372558594;
6229500;8.5769195556640625;
6238500;9.967193603515625;
6247500;9.0713577270507813;
6256500;10.802742004394531;
6265500;8.6586456298828125;
6274500;7.8530654907226563;
6283500;10.979660034179688;
6292500;11.532455444335938;
6301500;23.80889892578125;
6310500;13.173599243164063;
6319500;9.3911972045898437;
6328500;11.839454650878906;
6337500;9.6426162719726563;
6346500;11.847930908203125;
6355500;8.6701507568359375;
6364500;11.621078491210938;
6373500;11.330543518066406;
6382500;13.844161987304687;
6391500;21.999778747558594;
6400500;11.305397033691406;
6409500;12.50433349609375;
6418500;12.768020629882813;
6427500;10.38189697265625;
6436500;12.21136474609375;
6445500;11.441184997558594;
6454500;12.633308410644531;
6463500;12.283256530761719;
6472500;11.391716003417969;
6481500;15.788078308105469;
6490500;11.876091003417969;
6499500;13.946174621582031;
6508500;11.311416625976563;
6517500;10.801643371582031;
6526500;14.244781494140625;
6535500;11.61236572265625;
6544500;14.022285461425781;
6553500;11.526588439941406;
6562500;14.833450317382813;
6571500;17.476860046386719;
6580500;13.383247375488281;
6589500;13.789146423339844;
6598500;11.962142944335937;
6607500;14.212173461914063;
6616500;14.584335327148438;
6625500;13.074432373046875;
6634500;14.1939697265625;
6643500;13.50665283203125;
6652500;21.614051818847656;
6661500;22.505455017089844;
6670500;12.452232360839844;
6679500;14.272056579589844;
6688500;14.4873046875;
6697500;15.197166442871094;
6706500;14.581939697265625;
6715500;13.102821350097656;
6724500;16.165115356445312;
6733500;14.64013671875;
6742500;25.226570129394531;
6751500;22.849372863769531;
6760500;14.354026794433594;
6769500;16.631454467773438;
6778500;15.78094482421875;
6787500;15.337867736816406;
6796500;14.518867492675781;
6805500;15.719039916992188;
6814500;16.059715270996094;
6823500;16.44342041015625;
6832500;24.60174560546875;
6841500;19.688156127929687;
6850500;15.809585571289062;
6859500;17.135841369628906;
6868500;14.4971923828125;
6877500;14.706199645996094;
6886500;16.52215576171875;
6895500;15.526405334472656;
6904500;16.994789123535156;
6913500;14.148323059082031;
6922500;21.284469604492188;
6931500;17.198966979980469;
6940500;17.102821350097656;
6949500;15.534294128417969;
6958500;14.012290954589844;
6967500;17.492294311523438;
6976500;15.935379028320313;
6985500;16.904273986816406;
6994500;15.333442687988281;
7003500;16.418670654296875;
7012500;17.940261840820312;
7021500;17.799102783203125;
7030500;16.672134399414063;
7039500;16.340690612792969;
7048500;18.100006103515625;
7057500;18.800888061523438;
7066500;17.53192138671875;
7075500;17.387939453125;
7084500;18.294380187988281;
7093500;18.546249389648437;
7102500;21.825736999511719;
7111500;17.548881530761719;
7120500;18.915260314941406;
7129500;19.643905639648437;
7138500;20.382865905761719;
7147500;20.121200561523438;
7156500;18.7291259765625;
7165500;21.101043701171875;
7174500;20.071006774902344;
7183500;24.014198303222656;
7192500;27.035118103027344;
7201500;20.677360534667969;
7210500;22.467041015625;
7219500;22.0675048828125;
7228500;22.073928833007813;
7237500;21.380699157714844;
7246500;22.910232543945313;
7255500;23.08538818359375;
7264500;23.082450866699219;
7273500;28.375839233398438;
7282500;30.156867980957031;
7291500;24.159591674804688;
7300500;24.776321411132812;
7309500;23.460411071777344;
7318500;24.33685302734375;
7327500;24.70489501953125;
7336500;24.999229431152344;
7345500;25.400726318359375;
7354500;24.405105590820313;
7363500;31.309432983398438;
7372500;31.329719543457031;
7381500;26.610237121582031;
7390500;25.474601745605469;
7399500;25.266548156738281;
7408500;26.818695068359375;
7417500;26.367095947265625;
7426500;26.900077819824219;
7435500;26.137832641601562;
7444500;26.756263732910156;
7453500;31.995391845703125;
7462500;30.137626647949219;
7471500;26.533561706542969;
7480500;26.493515014648437;
7489500;27.714668273925781;
7498500;27.969932556152344;
7507500;27.310188293457031;
7516500;26.600105285644531;
7525500;27.442214965820313;
7534500;26.973487854003906;
7543500;29.23876953125;
7552500;26.681327819824219;
7561500;26.701148986816406;
7570500;27.655235290527344;
7579500;27.517120361328125;
7588500;27.073226928710938;
7597500;25.8792724609375;
7606500;27.309646606445313;
7615500;26.481147766113281;
7624500;27.472816467285156;
7633500;28.715911865234375;
7642500;25.792503356933594;
7651500;26.867111206054687;
7660500;26.933395385742187;
7669500;25.370819091796875;
7678500;24.995796203613281;
7687500;25.875572204589844;
7696500;25.982048034667969;
7705500;26.667793273925781;
7714500;26.001914978027344;
7723500;33.4241943359375;
7732500;26.23651123046875;
7741500;26.792778015136719;
7750500;23.996879577636719;
7759500;23.774650573730469;
7768500;25.776268005371094;
7777500;25.124008178710938;
7786500;25.953849792480469;
7795500;23.380767822265625;
7804500;27.871482849121094;
7813500;33.46221923828125;
7822500;26.512115478515625;
7831500;24.131881713867188;
7840500;23.118232727050781;
7849500;25.3870849609375;
7858500;25.155319213867188;
7867500;25.108078002929688;
7876500;23.350296020507813;
7885500;24.416000366210937;
7894500;27.404899597167969;
7903500;30.826881408691406;
7912500;23.541664123535156;
7921500;23.333877563476563;
7930500;24.963417053222656;
7939500;25.126731872558594;
7948500;24.402915954589844;
7957500;22.961685180664063;
7966500;24.364288330078125;
7975500;24.186912536621094;
7984500;26.8336181640625;
7993500;25.996383666992188;
8002500;23.050338745117188;
8011500;24.5390625;
8020500;24.968643188476563;
8029500;23.542266845703125;
8038500;22.692413330078125;
8047500;23.989410400390625;
8056500;23.750572204589844;
8065500;24.902450561523438;
8074500;23.005744934082031;
8083500;23.249198913574219;
8092500;23.906219482421875;
8101500;24.975372314453125;
8110500;22.892524719238281;
8119500;22.239387512207031;
8128500;23.580596923828125;
8137500;23.30267333984375;
8146500;24.421928405761719;
8155500;22.003089904785156;
8164500;23.191230773925781;
8173500;23.257476806640625;
8182500;24.579597473144531;
8191500;22.17962646484375;
8200500;21.812721252441406;
8209500;23.182266235351563;
8218500;23.118545532226562;
8227500;23.546073913574219;
8236500;21.465461730957031;
8245500;22.412437438964844;
8254500;24.846427917480469;
8263500;24.403831481933594;
8272500;21.407333374023438;
8281500;21.05938720703125;
8290500;22.795890808105469;
8299500;22.8642578125;
8308500;22.51611328125;
8317500;20.596733093261719;
8326500;21.663551330566406;
8335500;22.082527160644531;
8344500;26.320655822753906;
8353500;20.690078735351563;
8362500;20.282310485839844;
8371500;21.959236145019531;
8380500;22.521583557128906;
8389500;21.6016845703125;
8398500;19.403823852539063;
8407500;21.474411010742187;
8416500;20.725440979003906;
8425500;23.146804809570313;
8434500;24.174339294433594;
8443500;19.996971130371094;
8452500;21.306755065917969;
8461500;22.18719482421875;
8470500;20.540267944335938;
8479500;18.589553833007813;
8488500;21.118606567382813;
8497500;20.306938171386719;
8506500;22.324111938476562;
8515500;19.752548217773438;
8524500;22.447608947753906;
8533500;20.91949462890625;
8542500;22.388473510742188;
8551500;19.900924682617188;
8560500;18.601303100585937;
8569500;21.270835876464844;
8578500;21.065765380859375;
8587500;22.240066528320313;
8596500;19.433708190917969;
8605500;20.379104614257813;
8614500;21.544204711914063;
8623500;22.9329833984375;
8632500;20.643424987792969;
8641500;19.876213073730469;
8650500;22.128364562988281;
8659500;22.394271850585938;
8668500;22.771507263183594;
8677500;21.088531494140625;
8686500;21.762229919433594;
8695500;22.680747985839844;
8704500;24.018051147460937;
8713500;21.815841674804688;
8722500;21.803703308105469;
8731500;23.016975402832031;
8740500;23.756446838378906;
8749500;23.413917541503906;
8758500;22.444953918457031;
8767500;23.043266296386719;
8776500;23.203865051269531;
8785500;24.904129028320313;
8794500;22.894569396972656;
8803500;22.986091613769531;
8812500;23.631584167480469;
8821500;24.519203186035156;
8830500;23.738883972167969;
8839500;22.796554565429688;
8848500;24.005752563476562;
8857500;23.440254211425781;
8866500;24.978347778320313;
8875500;23.506843566894531;
8884500;23.212844848632812;
8893500;23.970298767089844;
8902500;24.521713256835938;
8911500;23.779464721679687;
8920500;22.938392639160156;
8929500;23.933151245117188;
8938500;23.854927062988281;
8947500;24.51214599609375;
8956500;23.168319702148438;
8965500;23.247032165527344;
8974500;23.874412536621094;
8983500;24.795318603515625;
8992500;23.354354858398438;
9001500;23.181953430175781;
9010500;23.646324157714844;
9019500;23.9281005859375;
9028500;24.228935241699219;
9037500;22.689598083496094;
9046500;23.411705017089844;
9055500;23.518844604492188;
9064500;24.876808166503906;
9073500;22.724555969238281;
9082500;22.565658569335938;
9091500;23.630958557128906;
9100500;23.325515747070312;
9109500;23.900299072265625;
9118500;22.214035034179687;
9127500;23.048027038574219;
9136500;23.209754943847656;
9145500;24.430145263671875;
9154500;22.588798522949219;
9163500;22.164260864257813;
9172500;23.640632629394531;
9181500;23.827041625976563;
9190500;23.181549072265625;
9199500;22.262153625488281;
9208500;22.88916015625;
9217500;22.926681518554688;
9226500;24.584396362304687;
9235500;22.31475830078125;
9244500;22.430335998535156;
9253500;23.304794311523438;
9262500;24.270858764648438;
9271500;22.811752319335938;
9280500;22.026145935058594;
9289500;23.353225708007813;
9298500;22.948966979980469;
9307500;24.900360107421875;
9316500;22.2557373046875;
9325500;23.049713134765625;
9334500;23.425880432128906;
9343500;24.846519470214844;
9352500;23.307968139648437;
9361500;22.139923095703125;
9370500;24.208839416503906;
9379500;23.790412902832031;
9388500;25.240028381347656;
9397500;22.760986328125;
9406500;23.770439147949219;
9415500;24.77752685546875;
9424500;25.683914184570313;
9433500;24.064865112304688;
9442500;23.206207275390625;
9451500;24.986663818359375;
9460500;25.17132568359375;
9469500;25.913894653320313;
9478500;24.073806762695313;
9487500;24.497833251953125;
9496500;25.714439392089844;
9505500;27.223709106445313;
9514500;24.873542785644531;
9523500;24.729789733886719;
9532500;25.933975219726563;
9541500;26.661567687988281;
9550500;26.834823608398437;
9559500;25.150711059570313;
9568500;26.238021850585937;
9577500;26.229660034179688;
9586500;28.547088623046875;
9595500;25.814865112304688;
9604500;25.936943054199219;
9613500;27.1015625;
9622500;27.87591552734375;
9631500;27.480705261230469;
9640500;25.87152099609375;
9649500;27.522056579589844;
9658500;27.057762145996094;
9667500;29.093772888183594;
9676500;26.881210327148438;
9685500;26.818931579589844;
9694500;28.429130554199219;
9703500;29.256172180175781;
9712500;28.485252380371094;
9721500;27.313446044921875;
9730500;28.445777893066406;
9739500;28.719291687011719;
9748500;30.018333435058594;
9757500;28.182403564453125;
9766500;28.298927307128906;
9775500;29.501510620117188;
9784500;30.909133911132813;
9793500;29.211174011230469;
9802500;28.903617858886719;
9811500;29.938133239746094;
9820500;30.480255126953125;
9829500;31.607345581054687;
9838500;29.582000732421875;
9847500;30.325920104980469;
9856500;31.022956848144531;
9865500;32.963470458984375;
9874500;30.890068054199219;
9883500;30.841743469238281;
9892500;32.470840454101563;
9901500;32.905708312988281;
9910500;33.908538818359375;
9919500;31.995765686035156;
9928500;32.826171875;
9937500;33.686248779296875;
9946500;35.755958557128906;
9955500;33.453872680664063;
9964500;33.439483642578125;
9973500;35.317436218261719;
9982500;36.454376220703125;
9991500;36.189704895019531;
10000500;35.130722045898438;
10009500;36.087875366210938;
10018500;36.532211303710938;
10027500;39.003105163574219;
10036500;36.106636047363281;
10045500;36.482673645019531;
10054500;37.551902770996094;
10063500;38.925399780273438;
10072500;37.814933776855469;
10081500;36.083206176757813;
10090500;37.330612182617188;
10099500;36.864402770996094;
10108500;38.911056518554688;
10117500;35.524337768554687;
10126500;34.992546081542969;
10135500;35.706924438476562;
10144500;36.847984313964844;
10153500;35.115547180175781;
10162500;33.362297058105469;
10171500;34.093513488769531;
10180500;33.796646118164062;
10189500;34.996490478515625;
10198500;32.051261901855469;
10207500;31.752098083496094;
10216500;31.916275024414063;
10225500;33.527793884277344;
10234500;31.066612243652344;
10243500;30.297805786132812;
10252500;30.873214721679688;
10261500;30.625198364257813;
10270500;31.630691528320313;
10279500;28.749443054199219;
10288500;29.357017517089844;
10297500;28.977867126464844;
10306500;30.940719604492188;
10315500;28.557052612304688;
10324500;27.717658996582031;
10333500;28.737129211425781;
10342500;28.594017028808594;
10351500;29.185523986816406;
10360500;26.924171447753906;
10369500;27.34375;
10378500;27.297462463378906;
10387500;28.999832153320313;
10396500;26.464286804199219;
10405500;25.929855346679688;
10414500;26.738746643066406;
10423500;27.042747497558594;
10432500;26.680915832519531;
10441500;25.176406860351563;
10450500;25.845687866210937;
10459500;25.444244384765625;
10468500;27.096321105957031;
10477500;24.84393310546875;
10486500;24.532020568847656;
10495500;24.9892578125;
10504500;25.7554931640625;
10513500;25.140701293945313;
10522500;23.704414367675781;
10531500;24.290695190429688;
10540500;24.094200134277344;
10549500;25.547294616699219;
10558500;23.361579895019531;
10567500;23.154380798339844;
10576500;23.876258850097656;
10585500;24.590263366699219;
10594500;23.469429016113281;
10603500;22.390426635742188;
10612500;22.880416870117188;
10621500;23.023025512695313;
10630500;23.837814331054688;
10639500;22.098197937011719;
10648500;21.7095947265625;
10657500;22.196632385253906;
10666500;23.632820129394531;
10675500;21.51824951171875;
10684500;21.3099365234375;
10693500;21.673858642578125;
10702500;21.874313354492187;
10711500;22.48602294921875;
10720500;20.622451782226562;
10729500;20.926353454589844;
10738500;20.783851623535156;
10747500;22.563720703125;
10756500;20.161842346191406;
10765500;19.854194641113281;
10774500;20.672035217285156;
10783500;20.897621154785156;
10792500;21.237495422363281;
10801500;19.2904052734375;
10810500;19.825958251953125;
10819500;19.869674682617188;
10828500;21.556465148925781;
10837500;19.439453125;
10846500;18.953132629394531;
10855500;19.636260986328125;
10864500;20.30755615234375;
10873500;19.952018737792969;
10882500;18.897529602050781;
10891500;19.13720703125;
10900500;19.131919860839844;
10909500;20.632003784179688;
10918500;19.411972045898437;
10927500;19.006393432617188;
10936500;19.030021667480469;
10945500;20.197181701660156;
10954500;19.348838806152344;
10963500;18.510322570800781;
10972500;19.106307983398438;
10981500;18.949867248535156;
10990500;20.43701171875;
10999500;18.76947021484375;
11008500;20.049301147460938;
11017500;19.413406372070312;
11026500;20.397689819335937;
11035500;19.497756958007812;
11044500;19.081443786621094;
11053500;19.76202392578125;
11062500;19.772163391113281;
11071500;20.635414123535156;
11080500;19.54656982421875;
11089500;19.746322631835938;
11098500;21.125350952148438;
11107500;21.31182861328125;
11116500;20.193862915039063;
11125500;20.199417114257813;
11134500;20.652877807617188;
11143500;20.951385498046875;
11152500;21.279998779296875;
11161500;20.726387023925781;
11170500;20.992874145507813;
11179500;21.257499694824219;
11188500;23.285331726074219;
11197500;21.270576477050781;
11206500;21.373680114746094;
11215500;21.823196411132812;
11224500;22.203742980957031;
11233500;22.496551513671875;
11242500;21.949447631835938;
11251500;22.428627014160156;
11260500;22.341163635253906;
11269500;23.362083435058594;
11278500;23.953079223632813;
11287500;22.567291259765625;
11296500;22.720970153808594;
11305500;22.989265441894531;
11314500;22.806480407714844;
11323500;22.5361328125;
11332500;22.596649169921875;
11341500;22.755706787109375;
11350500;22.974586486816406;
11359500;23.211799621582031;
11368500;23.530014038085938;
11377500;22.109146118164063;
11386500;22.502601623535156;
11395500;21.927352905273438;
11404500;21.866806030273438;
11413500;21.740837097167969;
11422500;21.67047119140625;
11431500;22.000137329101563;
11440500;21.104682922363281;
11449500;22.966026306152344;
11458500;22.922813415527344;
11467500;21.372779846191406;
11476500;20.980491638183594;
11485500;20.502182006835938;
11494500;20.893478393554688;
11503500;20.54150390625;
11512500;20.826820373535156;
11521500;20.4588623046875;
11530500;20.2135009765625;
11539500;24.2303466796875;
11548500;22.58355712890625;
11557500;20.22772216796875;
11566500;19.826507568359375;
11575500;19.914543151855469;
11584500;20.14239501953125;
11593500;20.042625427246094;
11602500;19.7899169921875;
11611500;19.580390930175781;
11620500;19.935958862304688;
11629500;25.785087585449219;
11638500;21.601829528808594;
11647500;19.601768493652344;
11656500;19.455612182617188;
11665500;19.811851501464844;
11674500;19.789077758789063;
11683500;19.494461059570313;
11692500;19.685783386230469;
11701500;19.592308044433594;
11710500;20.427810668945313;
11719500;26.478111267089844;
11728500;21.191009521484375;
11737500;19.691947937011719;
11746500;19.779708862304687;
11755500;19.866065979003906;
11764500;19.684829711914063;
11773500;19.723762512207031;
11782500;19.866241455078125;
11791500;20.160171508789063;
11800500;20.819770812988281;
11809500;25.438545227050781;
11818500;20.359466552734375;
11827500;20.119728088378906;
11836500;19.990676879882813;
11845500;20.045280456542969;
11854500;19.963302612304688;
11863500;20.351600646972656;
11872500;20.415603637695313;
11881500;20.166336059570313;
11890500;20.9287109375;
11899500;22.823074340820312;
11908500;20.378952026367188;
11917500;22.914596557617188;
11926500;21.214897155761719;
11935500;20.098533630371094;
11944500;20.249252319335937;
11953500;20.541030883789063;
11962500;20.378616333007812;
11971500;20.16644287109375;
11980500;20.789680480957031;
11989500;22.259185791015625;
11998500;29.374725341796875;
12007500;22.923080444335938;
12016500;20.012779235839844;
12025500;19.743942260742188;
12034500;19.811004638671875;
12043500;19.490455627441406;
12052500;19.447212219238281;
12061500;19.516258239746094;
12070500;22.99163818359375;
12079500;23.68011474609375;
12088500;19.218246459960938;
12097500;19.151657104492188;
12106500;19.123741149902344;
12115500;18.803359985351562;
12124500;18.822471618652344;
12133500;18.560226440429688;
12142500;18.423263549804688;
12151500;18.69464111328125;
12160500;24.983406066894531;
12169500;23.468292236328125;
12178500;17.9210205078125;
12187500;17.975341796875;
12196500;17.725967407226563;
12205500;17.446861267089844;
12214500;17.280471801757813;
12223500;17.222610473632813;
12232500;17.36865234375;
12241500;17.231086730957031;
12250500;24.694305419921875;
12259500;21.623153686523438;
12268500;17.161300659179687;
12277500;16.600608825683594;
12286500;16.624801635742188;
12295500;16.425048828125;
12304500;16.44561767578125;
12313500;16.477958679199219;
12322500;16.074630737304688;
12331500;16.564346313476562;
12340500;22.040306091308594;
12349500;17.910064697265625;
12358500;16.005714416503906;
12367500;15.809883117675781;
12376500;15.694305419921875;
12385500;15.68597412109375;
12394500;16.018379211425781;
12403500;15.689041137695312;
12412500;15.712837219238281;
12421500;15.634902954101563;
12430500;16.783393859863281;
12439500;15.732345581054688;
12448500;15.693275451660156;
12457500;15.8450927734375;
12466500;15.702377319335938;
12475500;15.74566650390625;
12484500;15.585792541503906;
12493500;15.420463562011719;
12502500;15.613746643066406;
12511500;15.734390258789062;
12520500;17.331214904785156;
12529500;15.644615173339844;
12538500;15.632148742675781;
12547500;15.961769104003906;
12556500;15.694137573242188;
12565500;15.830429077148438;
12574500;15.55865478515625;
12583500;15.749732971191406;
12592500;15.893058776855469;
12601500;17.296470642089844;
12610500;20.1292724609375;
12619500;16.001541137695313;
12628500;15.833518981933594;
12637500;15.673553466796875;
12646500;15.338241577148438;
12655500;15.367340087890625;
12664500;15.65228271484375;
12673500;15.328231811523438;
12682500;15.503898620605469;
12691500;18.273849487304688;
12700500;19.972412109375;
12709500;15.22967529296875;
12718500;15.002510070800781;
12727500;15.087715148925781;
12736500;15.194427490234375;
12745500;14.962730407714844;
12754500;14.948799133300781;
12763500;14.786857604980469;
12772500;14.77801513671875;
12781500;17.686630249023437;
12790500;17.918304443359375;
12799500;14.775703430175781;
12808500;14.354888916015625;
12817500;14.376350402832031;
12826500;14.236480712890625;
12835500;14.020004272460938;
12844500;13.954200744628906;
12853500;13.922325134277344;
12862500;14.150611877441406;
12871500;15.791732788085937;
12880500;14.994415283203125;
12889500;13.519355773925781;
12898500;13.613922119140625;
12907500;13.611862182617188;
12916500;13.505889892578125;
12925500;13.548011779785156;
12934500;13.614349365234375;
12943500;13.060890197753906;
12952500;13.141563415527344;
12961500;13.251640319824219;
12970500;12.936546325683594;
12979500;12.916343688964844;
12988500;12.76800537109375;
12997500;13.135200500488281;
13006500;12.851211547851563;
13015500;12.924171447753906;
13024500;12.75396728515625;
13033500;12.758766174316406;
13042500;12.683708190917969;
13051500;13.626029968261719;
13060500;12.827590942382812;
13069500;12.897666931152344;
13078500;12.763938903808594;
13087500;12.794845581054688;
13096500;12.80743408203125;
13105500;12.962356567382813;
13114500;12.7596435546875;
13123500;12.732620239257813;
13132500;13.252593994140625;
13141500;16.031639099121094;
13150500;13.346176147460937;
13159500;12.838821411132812;
13168500;12.859329223632812;
13177500;12.930099487304688;
13186500;13.02801513671875;
13195500;13.003410339355469;
13204500;13.057090759277344;
13213500;13.260498046875;
13222500;14.075790405273438;
13231500;16.900527954101563;
13240500;13.454833984375;
13249500;13.366439819335937;
13258500;13.512748718261719;
13267500;13.572311401367188;
13276500;13.646713256835938;
13285500;13.675910949707031;
13294500;13.780136108398438;
13303500;13.90130615234375;
13312500;14.895378112792969;
13321500;16.590957641601562;
13330500;14.409561157226563;
13339500;14.420875549316406;
13348500;14.200904846191406;
13357500;14.456771850585938;
13366500;14.346412658691406;
13375500;14.510650634765625;
13384500;14.852035522460938;
13393500;14.849227905273438;
13402500;15.659744262695313;
13411500;15.539291381835937;
13420500;14.953346252441406;
13429500;14.829269409179688;
13438500;14.875923156738281;
13447500;15.278366088867187;
13456500;15.352317810058594;
13465500;15.91131591796875;
13474500;15.600418090820313;
13483500;15.899192810058594;
13492500;16.050567626953125;
13501500;16.131134033203125;
13510500;16.152542114257813;
13519500;15.990951538085937;
13528500;15.915496826171875;
13537500;15.57232666015625;
13546500;15.673820495605469;
13555500;15.646614074707031;
13564500;15.282829284667969;
13573500;15.410469055175781;
13582500;15.860885620117188;
13591500;15.737380981445313;
13600500;15.334129333496094;
13609500;15.361495971679688;
13618500;15.249748229980469;
13627500;15.169609069824219;
13636500;15.186141967773438;
13645500;14.907844543457031;
13654500;15.154136657714844;
13663500;15.167633056640625;
13672500;16.144119262695313;
13681500;15.288475036621094;
13690500;14.706192016601563;
13699500;14.783638000488281;
13708500;14.671234130859375;
13717500;14.554557800292969;
13726500;14.649200439453125;
13735500;14.630363464355469;
13744500;14.511932373046875;
13753500;14.396568298339844;
13762500;15.392623901367188;
13771500;14.302558898925781;
13780500;14.0694580078125;
13789500;13.95037841796875;
13798500;13.901481628417969;
13807500;13.939071655273437;
13816500;13.731300354003906;
13825500;13.686599731445313;
13834500;13.717872619628906;
13843500;13.530448913574219;
13852500;13.972274780273438;
13861500;13.305191040039062;
13870500;13.297996520996094;
13879500;13.117607116699219;
13888500;12.909210205078125;
13897500;12.969642639160156;
13906500;12.679908752441406;
13915500;12.822685241699219;
13924500;12.517341613769531;
13933500;12.690864562988281;
13942500;12.926483154296875;
13951500;12.472114562988281;
13960500;12.5185546875;
13969500;12.059967041015625;
13978500;12.3260498046875;
13987500;12.122573852539063;
13996500;12.339942932128906;
14005500;12.140373229980469;
14014500;11.735420227050781;
14023500;12.642204284667969;
14032500;12.321174621582031;
14041500;11.93218994140625;
14050500;11.760498046875;
14059500;12.049140930175781;
14068500;12.104522705078125;
14077500;11.86505126953125;
14086500;11.766822814941406;
14095500;11.664161682128906;
14104500;11.676750183105469;
14113500;11.776893615722656;
14122500;11.841842651367188;
14131500;11.772605895996094;
14140500;11.632217407226562;
14149500;11.348838806152344;
14158500;11.453475952148438;
14167500;11.558631896972656;
14176500;11.132942199707031;
14185500;11.098457336425781;
14194500;11.111587524414063;
14203500;12.093551635742188;
14212500;11.675392150878906;
14221500;11.039016723632813;
14230500;11.058486938476562;
14239500;11.112533569335938;
14248500;11.011222839355469;
14257500;11.102622985839844;
14266500;11.070976257324219;
14275500;11.0819091796875;
14284500;10.652191162109375;
14293500;12.043594360351563;
14302500;11.270797729492187;
14311500;10.870101928710937;
14320500;10.482460021972656;
14329500;10.803619384765625;
14338500;10.808158874511719;
14347500;10.66107177734375;
14356500;10.476852416992187;
14365500;10.292587280273437;
14374500;10.535926818847656;
14383500;12.321693420410156;
14392500;10.999313354492188;
14401500;10.577865600585938;
14410500;10.380844116210937;
14419500;10.284385681152344;
14428500;10.19232177734375;
14437500;9.9470672607421875;
14446500;10.16571044921875;
14455500;10.229789733886719;
14464500;10.377532958984375;
14473500;12.072601318359375;
14482500;10.052177429199219;
14491500;9.7467727661132812;
14500500;9.7448196411132812;
14509500;9.7532424926757812;
14518500;9.6553268432617187;
14527500;9.7815322875976563;
14536500;9.696441650390625;
14545500;9.41973876953125;
14554500;9.6194000244140625;
14563500;10.744598388671875;
14572500;9.2232131958007813;
14581500;8.9254531860351562;
14590500;9.0148162841796875;
14599500;9.1546249389648438;
14608500;9.019927978515625;
14617500;8.9939193725585938;
14626500;8.910125732421875;
14635500;8.648193359375;
14644500;8.974212646484375;
14653500;9.7691726684570312;
14662500;8.6549530029296875;
14671500;8.60723876953125;
14680500;8.4851150512695313;
14689500;8.3880767822265625;
14698500;8.4380035400390625;
14707500;8.2099380493164062;
14716500;8.431060791015625;
14725500;8.5332565307617188;
14734500;9.289825439453125;
14743500;10.013015747070312;
14752500;7.9025955200195312;
14761500;8.1857757568359375;
14770500;7.9464035034179687;
14779500;7.9041061401367187;
14788500;7.8863754272460937;
14797500;8.422271728515625;
14806500;8.0216064453125;
14815500;7.9882049560546875;
14824500;10.477569580078125;
14833500;10.420570373535156;
14842500;7.8583755493164062;
14851500;7.5137481689453125;
14860500;8.1582183837890625;
14869500;8.222259521484375;
14878500;8.1309051513671875;
14887500;7.9462127685546875;
14896500;7.671478271484375;
14905500;7.8405685424804687;
14914500;11.560615539550781;
14923500;10.466987609863281;
14932500;8.1775665283203125;
14941500;7.9473953247070313;
14950500;7.7662734985351563;
14959500;7.9947738647460938;
14968500;8.329376220703125;
14977500;8.4677963256835938;
14986500;8.8245773315429687;
14995500;10.695953369140625;
15004500;13.320358276367188;
15013500;10.011093139648437;
15022500;8.7301712036132812;
15031500;8.3689498901367188;
15040500;8.0703277587890625;
15049500;7.899444580078125;
15058500;7.8386917114257812;
15067500;7.6318511962890625;
15076500;8.3069839477539062;
15085500;7.82464599609375;
15094500;10.06439208984375;
15103500;8.1112518310546875;
15112500;7.985198974609375;
15121500;7.7368240356445313;
15130500;7.9744186401367187;
15139500;7.8206329345703125;
15148500;8.093994140625;
15157500;7.7638092041015625;
15166500;7.680267333984375;
15175500;8.0081863403320312;
15184500;8.9800872802734375;
15193500;8.0413894653320312;
15202500;8.025238037109375;
15211500;8.3324508666992187;
15220500;8.0142440795898437;
15229500;8.361114501953125;
15238500;8.2725067138671875;
15247500;8.39996337890625;
15256500;8.30963134765625;
15265500;9.1193618774414062;
15274500;10.682151794433594;
15283500;8.7393341064453125;
15292500;8.73577880859375;
15301500;8.72576904296875;
15310500;8.8666839599609375;
15319500;9.1660385131835938;
15328500;8.93096923828125;
15337500;8.9039535522460937;
15346500;8.9403533935546875;
15355500;10.749114990234375;
15364500;12.933258056640625;
15373500;9.0765762329101562;
15382500;9.2928009033203125;
15391500;9.242919921875;
15400500;9.3417129516601562;
15409500;9.51312255859375;
15418500;9.5775833129882812;
15427500;9.651702880859375;
15436500;9.7406005859375;
15445500;13.358009338378906;
15454500;14.9525146484375;
15463500;10.027099609375;
15472500;10.158523559570312;
15481500;10.277107238769531;
15490500;10.043792724609375;
15499500;10.03216552734375;
15508500;10.03680419921875;
15517500;10.068534851074219;
15526500;10.494682312011719;
15535500;15.296516418457031;
15544500;14.732109069824219;
15553500;10.655426025390625;
15562500;10.530387878417969;
15571500;10.465782165527344;
15580500;10.463104248046875;
15589500;10.650428771972656;
15598500;11.055274963378906;
15607500;10.905868530273438;
15616500;11.219291687011719;
15625500;14.727386474609375;
15634500;12.781982421875;
15643500;10.600227355957031;
15652500;10.554473876953125;
15661500;10.907234191894531;
15670500;10.579353332519531;
15679500;10.949249267578125;
15688500;10.880271911621094;
15697500;10.80126953125;
15706500;10.771949768066406;
15715500;12.915412902832031;
15724500;11.245521545410156;
15733500;10.788238525390625;
15742500;10.723419189453125;
15751500;10.989212036132813;
15760500;10.924156188964844;
15769500;10.926368713378906;
15778500;10.806808471679688;
15787500;10.996223449707031;
15796500;11.362396240234375;
15805500;15.550056457519531;
15814500;11.678451538085938;
15823500;10.958084106445313;
15832500;10.959403991699219;
15841500;10.767143249511719;
15850500;10.916328430175781;
15859500;11.135536193847656;
15868500;11.252471923828125;
15877500;11.341262817382812;
15886500;13.133224487304687;
15895500;19.041740417480469;
15904500;11.922012329101563;
15913500;11.239456176757813;
15922500;11.1956787109375;
15931500;11.413047790527344;
15940500;10.964874267578125;
15949500;11.395317077636719;
15958500;11.034233093261719;
15967500;11.100570678710937;
15976500;14.700912475585938;
15985500;20.274909973144531;
15994500;12.012496948242188;
16003500;11.552665710449219;
16012500;11.447418212890625;
16021500;11.272911071777344;
16030500;11.128807067871094;
16039500;10.990974426269531;
16048500;11.202056884765625;
16057500;11.438758850097656;
16066500;16.59619140625;
16075500;19.731468200683594;
16084500;11.620880126953125;
16093500;11.412994384765625;
16102500;11.193008422851563;
16111500;11.234878540039063;
16120500;11.085861206054688;
16129500;11.196266174316406;
16138500;11.154525756835937;
16147500;11.320571899414063;
16156500;15.678565979003906;
16165500;16.341499328613281;
16174500;11.4437255859375;
16183500;11.189476013183594;
16192500;11.509788513183594;
16201500;11.022994995117188;
16210500;11.078872680664063;
16219500;11.066505432128906;
16228500;11.243026733398438;
16237500;11.15972900390625;
16246500;13.333419799804687;
16255500;12.573646545410156;
16264500;11.424819946289063;
16273500;11.253219604492188;
16282500;11.265434265136719;
16291500;11.266807556152344;
16300500;11.090034484863281;
16309500;11.169097900390625;
16318500;11.242607116699219;
16327500;11.689239501953125;
16336500;16.368827819824219;
16345500;13.844993591308594;
16354500;11.358680725097656;
16363500;11.302207946777344;
16372500;11.078506469726563;
16381500;11.274749755859375;
16390500;11.397727966308594;
16399500;11.326362609863281;
16408500;11.354232788085937;
16417500;12.36767578125;
16426500;20.426589965820312;
16435500;14.52435302734375;
16444500;11.429412841796875;
16453500;11.489212036132813;
16462500;11.459922790527344;
16471500;11.600112915039063;
16480500;11.838829040527344;
16489500;12.006340026855469;
16498500;12.005661010742188;
16507500;13.331550598144531;
16516500;21.610366821289063;
16525500;13.822319030761719;
16534500;11.472198486328125;
16543500;11.475692749023438;
16552500;11.891868591308594;
16561500;11.568061828613281;
16570500;11.467002868652344;
16579500;11.354278564453125;
16588500;11.5743408203125;
16597500;14.484230041503906;
16606500;21.014236450195313;
16615500;12.756912231445313;
16624500;11.8883056640625;
16633500;11.497085571289063;
16642500;11.279022216796875;
16651500;11.565376281738281;
16660500;11.885231018066406;
16669500;11.744361877441406;
16678500;11.637718200683594;
16687500;14.566787719726563;
16696500;18.105484008789062;
16705500;11.97662353515625;
16714500;11.624420166015625;
16723500;11.792854309082031;
16732500;11.934852600097656;
16741500;11.574836730957031;
16750500;11.740768432617187;
16759500;11.659538269042969;
16768500;11.596885681152344;
16777500;13.000839233398438;
16786500;14.20086669921875;
16795500;12.018112182617188;
16804500;11.763809204101563;
16813500;11.753059387207031;
16822500;11.967826843261719;
16831500;12.051582336425781;
16840500;11.559356689453125;
16849500;11.686065673828125;
16858500;11.879615783691406;
16867500;13.622024536132812;
16876500;13.341934204101562;
16885500;11.909858703613281;
16894500;11.64190673828125;
16903500;11.424858093261719;
16912500;11.576896667480469;
16921500;11.691360473632813;
16930500;11.83856201171875;
16939500;11.802223205566406;
16948500;11.768165588378906;
16957500;15.507461547851562;
16966500;14.118255615234375;
16975500;11.652740478515625;
16984500;11.76446533203125;
16993500;12.0291748046875;
17002500;11.760139465332031;
17011500;11.709396362304688;
17020500;12.110816955566406;
17029500;12.067520141601563;
17038500;12.071205139160156;
17047500;16.63934326171875;
17056500;13.645988464355469;
17065500;12.157218933105469;
17074500;11.485870361328125;
17083500;11.861274719238281;
17092500;11.976631164550781;
17101500;11.85540771484375;
17110500;12.031326293945313;
17119500;11.839813232421875;
17128500;12.331535339355469;
17137500;16.873947143554688;
17146500;12.986289978027344;
17155500;12.22149658203125;
17164500;12.01275634765625;
17173500;11.941368103027344;
17182500;11.902908325195313;
17191500;12.014434814453125;
17200500;11.991188049316406;
17209500;11.859542846679688;
17218500;12.4879150390625;
17227500;15.852767944335937;
17236500;12.212974548339844;
17245500;11.832145690917969;
17254500;12.016998291015625;
17263500;11.914176940917969;
17272500;11.875495910644531;
17281500;11.957679748535156;
17290500;12.378524780273438;
17299500;11.958045959472656;
17308500;12.274429321289063;
17317500;13.982894897460937;
17326500;12.145462036132812;
17335500;11.943595886230469;
17344500;11.927696228027344;
17353500;12.512184143066406;
17362500;12.238723754882813;
17371500;11.809555053710937;
17380500;12.055587768554688;
17389500;11.917007446289063;
17398500;12.646942138671875;
17407500;12.859588623046875;
17416500;11.983604431152344;
17425500;12.715507507324219;
17434500;11.990615844726563;
17443500;12.088081359863281;
17452500;11.904167175292969;
17461500;12.324752807617188;
17470500;11.839675903320313;
17479500;12.063125610351563;
17488500;12.753318786621094;
17497500;12.692558288574219;
17506500;11.964065551757813;
17515500;11.87774658203125;
17524500;12.04498291015625;
17533500;12.102790832519531;
17542500;12.179527282714844;
17551500;11.998405456542969;
17560500;12.333747863769531;
17569500;12.04046630859375;
17578500;12.262947082519531;
17587500;12.1942138671875;
17596500;12.078231811523438;
17605500;12.058334350585937;
17614500;12.036170959472656;
17623500;12.145683288574219;
17632500;11.966178894042969;
17641500;12.112472534179688;
17650500;12.204765319824219;
17659500;11.898651123046875;
17668500;12.655555725097656;
17677500;12.25341796875;
17686500;12.178398132324219;
17695500;12.30230712890625;
17704500;12.142326354980469;
17713500;12.062232971191406;
17722500;12.188652038574219;
17731500;12.488967895507813;
17740500;12.041938781738281;
17749500;12.157463073730469;
17758500;13.449470520019531;
17767500;12.310348510742188;
17776500;12.271820068359375;
17785500;12.422843933105469;
17794500;12.617500305175781;
17803500;12.441902160644531;
17812500;12.603607177734375;
17821500;12.737373352050781;
17830500;12.691474914550781;
17839500;12.585891723632813;
17848500;14.415184020996094;
17857500;12.983016967773437;
17866500;13.004684448242188;
17875500;15.937240600585937;
17884500;18.928459167480469;
17893500;13.759979248046875;
17902500;12.982978820800781;
17911500;12.751152038574219;
17920500;12.850799560546875;
17929500;13.424400329589844;
17938500;15.557716369628906;
17947500;13.300941467285156;
17956500;13.300193786621094;
17965500;13.414054870605469;
17974500;13.281471252441406;
17983500;13.138816833496094;
17992500;13.176727294921875;
18001500;14.255218505859375;
18010500;13.096382141113281;
18019500;14.236778259277344;
18028500;16.755348205566406;
18037500;13.508110046386719;
18046500;13.316299438476562;
18055500;13.393829345703125;
18064500;13.583686828613281;
18073500;13.384185791015625;
18082500;13.48944091796875;
18091500;14.099922180175781;
18100500;14.149322509765625;
18109500;15.288200378417969;
18118500;16.480384826660156;
18127500;14.097854614257813;
18136500;13.944534301757812;
18145500;13.961837768554688;
18154500;13.853340148925781;
18163500;14.46588134765625;
18172500;13.968505859375;
18181500;13.985076904296875;
18190500;14.176124572753906;
18199500;15.617889404296875;
18208500;15.570236206054687;
18217500;14.144020080566406;
18226500;14.77313232421875;
18235500;14.302406311035156;
18244500;14.034378051757813;
18253500;14.174880981445313;
18262500;14.39422607421875;
18271500;14.099151611328125;
18280500;14.411636352539063;
18289500;15.315376281738281;
18298500;15.363143920898438;
18307500;14.597648620605469;
18316500;14.375030517578125;
18325500;14.255767822265625;
18334500;14.491233825683594;
18343500;14.579505920410156;
18352500;14.599853515625;
18361500;14.996002197265625;
18370500;14.726005554199219;
18379500;15.743721008300781;
18388500;14.988639831542969;
18397500;14.462860107421875;
18406500;14.53875732421875;
18415500;14.799407958984375;
18424500;14.678825378417969;
18433500;14.677787780761719;
18442500;14.703506469726563;
18451500;15.201286315917969;
18460500;18.9951171875;
18469500;34.679435729980469;
18478500;26.378028869628906;
18487500;14.696464538574219;
18496500;14.658126831054688;
18505500;14.6749267578125;
18514500;14.857406616210938;
18523500;14.922096252441406;
18532500;14.984146118164063;
18541500;14.764076232910156;
18550500;15.429107666015625;
18559500;20.710594177246094;
18568500;15.667472839355469;
18577500;14.6103515625;
18586500;14.660415649414063;
18595500;14.772811889648438;
18604500;14.641120910644531;
18613500;14.674552917480469;
18622500;14.847579956054688;
18631500;15.320068359375;
18640500;16.043869018554688;
18649500;20.544219970703125;
18658500;15.105003356933594;
18667500;14.686515808105469;
18676500;14.501396179199219;
18685500;14.57196044921875;
18694500;14.888839721679687;
18703500;14.783004760742187;
18712500;14.53662109375;
18721500;14.5565185546875;
18730500;16.12158203125;
18739500;18.750968933105469;
18748500;14.312919616699219;
18757500;14.397514343261719;
18766500;14.9959716796875;
18775500;14.41302490234375;
18784500;14.319465637207031;
18793500;14.323997497558594;
18802500;14.356582641601563;
18811500;14.152328491210938;
18820500;14.7921142578125;
18829500;16.069564819335938;
18838500;14.265037536621094;
18847500;14.156852722167969;
18856500;14.104820251464844;
18865500;14.084640502929688;
18874500;14.012962341308594;
18883500;13.851829528808594;
18892500;14.2635498046875;
18901500;14.620559692382813;
18910500;14.195579528808594;
18919500;14.106643676757813;
18928500;14.133537292480469;
18937500;13.768730163574219;
18946500;13.599349975585937;
18955500;13.576774597167969;
18964500;14.091339111328125;
18973500;13.838409423828125;
18982500;13.459693908691406;
18991500;13.514511108398438;
19000500;16.428398132324219;
19009500;15.354179382324219;
19018500;13.300254821777344;
19027500;13.499946594238281;
19036500;13.41705322265625;
19045500;13.165359497070312;
19054500;13.275192260742188;
19063500;13.099327087402344;
19072500;13.083061218261719;
19081500;13.201469421386719;
19090500;18.688911437988281;
19099500;15.632583618164062;
19108500;13.186813354492187;
19117500;13.134956359863281;
19126500;12.906654357910156;
19135500;13.029319763183594;
19144500;12.993057250976562;
19153500;12.891441345214844;
19162500;12.997398376464844;
19171500;13.077178955078125;
19180500;18.923606872558594;
19189500;14.032089233398438;
19198500;12.660118103027344;
19207500;12.649070739746094;
19216500;12.353492736816406;
19225500;12.606407165527344;
19234500;12.432868957519531;
19243500;12.350448608398438;
19252500;12.415580749511719;
19261500;13.182662963867188;
19270500;17.74957275390625;
19279500;13.075538635253906;
19288500;12.279853820800781;
19297500;12.366050720214844;
19306500;12.218124389648438;
19315500;12.121719360351563;
19324500;12.070266723632813;
19333500;12.265716552734375;
19342500;12.071769714355469;
19351500;12.495193481445313;
19360500;14.207984924316406;
19369500;12.141502380371094;
19378500;12.156478881835937;
19387500;12.128692626953125;
19396500;12.11480712890625;
19405500;11.868141174316406;
19414500;11.813362121582031;
19423500;11.934295654296875;
19432500;12.083457946777344;
19441500;12.276535034179688;
19450500;12.9898681640625;
19459500;12.422286987304688;
19468500;12.498130798339844;
19477500;12.689216613769531;
19486500;12.86846923828125;
19495500;13.220748901367188;
19504500;13.206283569335938;
19513500;13.096939086914063;
19522500;12.936302185058594;
19531500;14.55322265625;
19540500;15.248558044433594;
19549500;12.092758178710937;
19558500;12.186187744140625;
19567500;11.989646911621094;
19576500;11.714683532714844;
19585500;11.893898010253906;
19594500;12.000213623046875;
19603500;12.0767822265625;
19612500;11.82476806640625;
19621500;17.088432312011719;
19630500;16.420516967773438;
19639500;12.178764343261719;
19648500;11.890090942382812;
19657500;11.827484130859375;
19666500;12.010139465332031;
19675500;11.787750244140625;
19684500;12.046340942382812;
19693500;11.827117919921875;
19702500;12.135780334472656;
19711500;18.360084533691406;
19720500;15.570487976074219;
19729500;12.307746887207031;
19738500;12.05499267578125;
19747500;11.992591857910156;
19756500;12.092697143554688;
19765500;11.907058715820313;
19774500;12.232162475585937;
19783500;12.163360595703125;
19792500;12.259040832519531;
19801500;17.633316040039063;
19810500;13.967842102050781;
19819500;12.137298583984375;
19828500;12.286170959472656;
19837500;12.29266357421875;
19846500;12.081825256347656;
19855500;12.150138854980469;
19864500;12.102127075195313;
19873500;12.327476501464844;
19882500;12.567138671875;
19891500;15.175399780273438;
19900500;12.648185729980469;
19909500;12.270408630371094;
19918500;12.255142211914063;
19927500;12.361297607421875;
19936500;12.419685363769531;
19945500;12.3055419921875;
19954500;12.3974609375;
19963500;12.512588500976563;
19972500;12.684036254882812;
19981500;13.513465881347656;
19990500;12.408744812011719;
19999500;12.705703735351563;
20008500;12.544631958007813;
20017500;12.570899963378906;
20026500;12.630836486816406;
20035500;12.591690063476563;
20044500;12.79010009765625;
20053500;12.733222961425781;
20062500;13.591102600097656;
20071500;15.782493591308594;
20080500;12.888153076171875;
20089500;12.830429077148437;
20098500;12.981674194335938;
20107500;12.912216186523438;
20116500;12.799484252929687;
20125500;12.739448547363281;
20134500;12.83111572265625;
20143500;12.994293212890625;
20152500;15.70208740234375;
20161500;17.599990844726562;
20170500;12.696876525878906;
20179500;12.885490417480469;
20188500;12.576583862304687;
20197500;12.657501220703125;
20206500;12.698287963867188;
20215500;12.684883117675781;
20224500;12.813484191894531;
20233500;12.656585693359375;
20242500;16.732208251953125;
20251500;17.163917541503906;
20260500;12.832061767578125;
20269500;12.758018493652344;
20278500;12.653411865234375;
20287500;12.599403381347656;
20296500;12.527374267578125;
20305500;12.6116943359375;
20314500;12.6610107421875;
20323500;12.47320556640625;
20332500;16.130699157714844;
20341500;15.359855651855469;
20350500;12.303428649902344;
20359500;12.539413452148437;
20368500;12.396392822265625;
20377500;12.585556030273438;
20386500;12.452064514160156;
20395500;12.138923645019531;
20404500;12.358833312988281;
20413500;12.227012634277344;
20422500;14.111114501953125;
20431500;12.860176086425781;
20440500;12.071235656738281;
20449500;12.042678833007812;
20458500;11.749977111816406;
20467500;11.874687194824219;
20476500;11.660247802734375;
20485500;11.72802734375;
20494500;11.679405212402344;
20503500;11.596153259277344;
20512500;12.335189819335938;
20521500;11.548912048339844;
20530500;11.573585510253906;
20539500;11.475814819335937;
20548500;11.377845764160156;
20557500;11.38958740234375;
20566500;11.25567626953125;
20575500;11.287940979003906;
20584500;11.335235595703125;
20593500;11.357223510742188;
20602500;13.303627014160156;
20611500;11.4361572265625;
20620500;11.12359619140625;
20629500;11.055351257324219;
20638500;10.944580078125;
20647500;10.974594116210938;
20656500;10.81878662109375;
20665500;11.030181884765625;
20674500;10.844284057617188;
20683500;11.283897399902344;
20692500;14.340850830078125;
20701500;10.784942626953125;
20710500;10.647720336914063;
20719500;10.596412658691406;
20728500;10.422264099121094;
20737500;10.598159790039063;
20746500;10.159942626953125;
20755500;10.463554382324219;
20764500;10.4134521484375;
20773500;11.990913391113281;
20782500;14.092613220214844;
20791500;10.202247619628906;
20800500;10.3387451171875;
20809500;10.107261657714844;
20818500;10.420021057128906;
20827500;10.06878662109375;
20836500;9.9534149169921875;
20845500;10.147720336914062;
20854500;10.026222229003906;
20863500;11.635551452636719;
20872500;12.607063293457031;
20881500;10.330657958984375;
20890500;10.205123901367187;
20899500;10.067649841308594;
20908500;10.255439758300781;
20917500;10.138999938964844;
20926500;9.8395919799804687;
20935500;10.156448364257812;
20944500;10.104843139648437;
20953500;11.207542419433594;
20962500;11.883659362792969;
20971500;11.672218322753906;
20980500;12.143600463867187;
20989500;12.172462463378906;
20998500;15.210151672363281;
21007500;14.751991271972656;
21016500;12.167015075683594;
21025500;11.73321533203125;
21034500;10.952552795410156;
21043500;10.87689208984375;
21052500;10.050460815429687;
21061500;9.859710693359375;
21070500;9.5662918090820312;
21079500;9.268463134765625;
21088500;9.5879898071289062;
21097500;9.4550704956054687;
21106500;9.7611923217773437;
21115500;9.3932037353515625;
21124500;9.462158203125;
21133500;10.347068786621094;
21142500;9.5575637817382812;
21151500;9.0588912963867187;
21160500;8.7763290405273437;
21169500;8.76385498046875;
21178500;9.0585784912109375;
21187500;8.8039474487304687;
21196500;8.7199172973632812;
21205500;8.4517288208007813;
21214500;8.6316146850585937;
21223500;10.698112487792969;
21232500;8.9939041137695312;
21241500;8.8441238403320312;
21250500;8.511505126953125;
21259500;8.391845703125;
21268500;8.4072418212890625;
21277500;8.5189056396484375;
21286500;8.5376968383789062;
21295500;8.5738601684570312;
21304500;8.8916168212890625;
21313500;10.828826904296875;
21322500;8.6269989013671875;
21331500;8.63818359375;
21340500;8.5538253784179687;
21349500;8.4237442016601562;
21358500;8.1721649169921875;
21367500;8.1207656860351562;
21376500;8.3682327270507813;
21385500;8.1523818969726562;
21394500;8.5722427368164062;
21403500;9.7775955200195312;
21412500;7.88787841796875;
21421500;7.9972457885742188;
21430500;7.9300537109375;
21439500;7.7576828002929687;
21448500;7.6722183227539062;
21457500;7.7775039672851562;
21466500;7.7795867919921875;
21475500;7.8037185668945312;
21484500;8.0015411376953125;
21493500;8.4858932495117187;
21502500;8.0262603759765625;
21511500;7.6767044067382813;
21520500;7.5022811889648437;
21529500;7.5420074462890625;
21538500;7.49127197265625;
21547500;7.4661788940429687;
21556500;7.425201416015625;
21565500;7.6559829711914063;
21574500;8.1752090454101562;
21583500;7.9556427001953125;
21592500;7.914520263671875;
21601500;7.969482421875;
21610500;7.7543258666992188;
21619500;7.634918212890625;
21628500;7.3754501342773438;
21637500;7.042938232421875;
21646500;7.2264633178710938;
21655500;7.1205215454101563;
21664500;7.16107177734375;
21673500;7.1263198852539062;
21682500;6.958831787109375;
21691500;6.9133758544921875;
21700500;7.0354156494140625;
21709500;6.8587188720703125;
21718500;6.7555465698242187;
21727500;6.8298263549804687;
21736500;6.9208526611328125;
21745500;6.8203277587890625;
21754500;7.162689208984375;
21763500;6.9511947631835938;
21772500;6.9882659912109375;
21781500;7.2155075073242188;
21790500;6.8953399658203125;
21799500;6.7089157104492188;
21808500;6.8651962280273438;
21817500;6.7628097534179687;
21826500;6.90679931640625;
21835500;6.80377197265625;
21844500;7.9889907836914062;
21853500;7.1093902587890625;
21862500;7.1691207885742188;
21871500;7.0954208374023437;
21880500;7.0342254638671875;
21889500;7.0903396606445313;
21898500;7.2377777099609375;
21907500;7.2239532470703125;
21916500;7.3778762817382812;
21925500;6.9735107421875;
21934500;7.6128692626953125;
21943500;6.8009719848632812;
21952500;6.86114501953125;
21961500;6.759429931640625;
21970500;6.6887893676757812;
21979500;7.0344390869140625;
21988500;6.7148818969726562;
21997500;6.873779296875;
22006500;6.6610870361328125;
22015500;6.6436843872070313;
22024500;7.13739013671875;
22033500;6.8942413330078125;
22042500;6.875030517578125;
22051500;6.7663650512695313;
22060500;6.8647308349609375;
22069500;6.7803726196289062;
22078500;6.957855224609375;
22087500;6.9740447998046875;
22096500;6.9627761840820313;
22105500;7.0668411254882813;
22114500;6.7113418579101562;
22123500;6.7973785400390625;
22132500;7.0352249145507813;
22141500;6.9847030639648437;
22150500;7.2053070068359375;
22159500;7.0638504028320313;
22168500;7.003692626953125;
22177500;7.1792144775390625;
22186500;7.2326278686523438;
22195500;7.0904617309570313;
22204500;7.0674896240234375;
22213500;6.9659347534179687;
22222500;7.01605224609375;
22231500;6.8396148681640625;
22240500;6.83734130859375;
22249500;7.1376190185546875;
22258500;6.9461746215820312;
22267500;7.0065689086914063;
22276500;7.094635009765625;
22285500;7.4510498046875;
22294500;7.3120574951171875;
22303500;7.086822509765625;
22312500;7.05657958984375;
22321500;7.3405532836914062;
22330500;7.046783447265625;
22339500;7.00592041015625;
22348500;6.9825363159179687;
22357500;6.902801513671875;
22366500;6.9606552124023437;
22375500;7.7037734985351562;
22384500;7.835784912109375;
22393500;7.51837158203125;
22402500;7.2872848510742187;
22411500;7.3559417724609375;
22420500;7.5109481811523438;
22429500;7.2130813598632812;
22438500;7.3025436401367187;
22447500;7.49993896484375;
22456500;7.854705810546875;
22465500;8.797943115234375;
22474500;8.9190521240234375;
22483500;9.0849838256835938;
22492500;9.117340087890625;
22501500;9.3142623901367187;
22510500;9.1518478393554687;
22519500;8.9610748291015625;
22528500;8.55084228515625;
22537500;8.3059463500976563;
22546500;8.2034530639648437;
22555500;7.8236160278320313;
22564500;7.7012176513671875;
22573500;7.5421600341796875;
22582500;7.519561767578125;
22591500;7.3085861206054687;
22600500;7.4753036499023437;
22609500;7.58892822265625;
22618500;7.593994140625;
22627500;7.6088714599609375;
22636500;7.38214111328125;
22645500;7.5284347534179687;
22654500;7.46112060546875;
22663500;7.4876861572265625;
22672500;7.5669021606445312;
22681500;7.2114334106445313;
22690500;7.5701446533203125;
22699500;7.51287841796875;
22708500;7.5077972412109375;
22717500;7.40777587890625;
22726500;7.4311599731445313;
22735500;7.9128341674804687;
22744500;7.48150634765625;
22753500;7.4366302490234375;
22762500;7.372528076171875;
22771500;7.430023193359375;
22780500;7.6898880004882812;
22789500;7.4593887329101563;
22798500;7.631072998046875;
22807500;7.714874267578125;
22816500;8.01556396484375;
22825500;8.5625686645507812;
22834500;7.9182662963867187;
22843500;7.931671142578125;
22852500;8.0659255981445313;
22861500;7.89361572265625;
22870500;7.5894241333007813;
22879500;7.5680770874023437;
22888500;7.7011489868164063;
22897500;7.836395263671875;
22906500;8.3446502685546875;
22915500;8.382080078125;
22924500;7.7620086669921875;
22933500;7.7115249633789063;
22942500;8.3875808715820312;
22951500;7.7964553833007812;
22960500;7.84344482421875;
22969500;7.89593505859375;
22978500;8.1015625;
22987500;8.1862564086914062;
22996500;8.7026824951171875;
23005500;8.934600830078125;
23014500;8.4758453369140625;
23023500;8.6038894653320312;
23032500;8.2579574584960937;
23041500;7.9949111938476562;
23050500;8.3806991577148438;
23059500;8.4610214233398437;
23068500;8.760009765625;
23077500;8.9097747802734375;
23086500;8.925445556640625;
23095500;8.8087539672851562;
23104500;9.1053390502929687;
23113500;9.2538833618164062;
23122500;9.1552200317382812;
23131500;9.2997512817382812;
23140500;9.1380538940429687;
23149500;9.117095947265625;
23158500;9.0353469848632812;
23167500;8.9831771850585937;
23176500;9.0349349975585938;
23185500;8.8385696411132812;
23194500;8.8099212646484375;
23203500;8.8719635009765625;
23212500;9.1524276733398437;
23221500;9.28485107421875;
23230500;9.0248260498046875;
23239500;9.270355224609375;
23248500;9.4500732421875;
23257500;9.6805343627929687;
23266500;9.990081787109375;
23275500;9.6337738037109375;
23284500;9.467498779296875;
23293500;9.32958984375;
23302500;9.465606689453125;
23311500;9.6620559692382812;
23320500;9.7777862548828125;
23329500;10.099128723144531;
23338500;9.8560638427734375;
23347500;9.9479293823242187;
23356500;10.523521423339844;
23365500;10.192298889160156;
23374500;10.532180786132812;
23383500;10.320068359375;
23392500;10.306747436523437;
23401500;10.341583251953125;
23410500;10.598556518554688;
23419500;10.518112182617187;
23428500;10.466239929199219;
23437500;10.643211364746094;
23446500;11.201087951660156;
23455500;10.400459289550781;
23464500;10.349449157714844;
23473500;10.498573303222656;
23482500;10.8671875;
23491500;10.801383972167969;
23500500;10.656723022460938;
23509500;10.388008117675781;
23518500;10.374786376953125;
23527500;10.677764892578125;
23536500;11.7569580078125;
23545500;10.653610229492188;
23554500;10.594093322753906;
23563500;10.592086791992188;
23572500;10.601661682128906;
23581500;10.725608825683594;
23590500;10.879165649414063;
23599500;11.018516540527344;
23608500;11.079666137695313;
23617500;10.967018127441406;
23626500;11.123542785644531;
23635500;11.345848083496094;
23644500;11.184120178222656;
23653500;11.333343505859375;
23662500;11.79840087890625;
23671500;11.692733764648438;
23680500;11.174667358398437;
23689500;10.998878479003906;
23698500;11.10089111328125;
23707500;11.29571533203125;
23716500;11.137901306152344;
23725500;11.149162292480469;
23734500;11.208702087402344;
23743500;11.386383056640625;
23752500;11.567802429199219;
23761500;11.723381042480469;
23770500;11.650588989257812;
23779500;11.2572021484375;
23788500;11.331863403320313;
23797500;11.301750183105469;
23806500;11.668037414550781;
23815500;11.941108703613281;
23824500;12.123031616210938;
23833500;11.973808288574219;
23842500;18.995841979980469;
23851500;14.251625061035156;
23860500;12.773612976074219;
23869500;12.356903076171875;
23878500;12.396934509277344;
23887500;12.206596374511719;
23896500;12.077018737792969;
23905500;12.225051879882813;
23914500;12.519683837890625;
23923500;12.799354553222656;
23932500;13.238616943359375;
23941500;14.553550720214844;
23950500;14.963630676269531;
23959500;16.137809753417969;
23968500;17.178131103515625;
23977500;18.252700805664063;
23986500;18.82562255859375;
23995500;26.801422119140625;
24004500;37.122360229492188;
24013500;23.8358154296875;
24022500;18.677452087402344;
24031500;17.583831787109375;
24040500;15.734306335449219;
24049500;14.135322570800781;
24058500;13.264053344726563;
24067500;13.64263916015625;
24076500;14.01727294921875;
24085500;13.989616394042969;
24094500;13.656669616699219;
24103500;13.547462463378906;
24112500;13.882186889648437;
24121500;14.231086730957031;
24130500;14.417160034179688;
24139500;14.296974182128906;
24148500;13.473770141601563;
24157500;13.405265808105469;
24166500;13.047760009765625;
24175500;13.359657287597656;
24184500;13.376289367675781;
24193500;12.905418395996094;
24202500;12.487564086914063;
24211500;13.251411437988281;
24220500;13.182502746582031;
24229500;13.546249389648438;
24238500;13.762969970703125;
24247500;13.424858093261719;
24256500;12.833297729492188;
24265500;12.671577453613281;
24274500;13.328231811523438;
24283500;13.721199035644531;
24292500;13.474433898925781;
24301500;13.289314270019531;
24310500;13.474838256835938;
24319500;13.572494506835938;
24328500;13.761863708496094;
24337500;13.939285278320313;
24346500;14.311882019042969;
24355500;13.259803771972656;
24364500;12.73712158203125;
24373500;12.708908081054687;
24382500;13.249702453613281;
24391500;13.362045288085938;
24400500;13.557746887207031;
24409500;13.182769775390625;
24418500;12.93975830078125;
24427500;12.92919921875;
24436500;13.100082397460937;
24445500;13.004196166992188;
24454500;12.944297790527344;
24463500;13.270233154296875;
24472500;13.388504028320313;
24481500;13.279434204101563;
24490500;13.307670593261719;
24499500;12.983673095703125;
24508500;13.134696960449219;
24517500;13.1851806640625;
24526500;13.278831481933594;
24535500;13.885810852050781;
24544500;14.765274047851563;
24553500;14.217857360839844;
24562500;13.409141540527344;
24571500;13.699813842773438;
24580500;14.069831848144531;
24589500;14.204048156738281;
24598500;14.376419067382813;
24607500;14.131515502929688;
24616500;14.033355712890625;
24625500;14.587455749511719;
24634500;13.847808837890625;
24643500;13.169845581054687;
24652500;12.969528198242188;
24661500;12.690605163574219;
24670500;13.032455444335938;
24679500;13.073165893554687;
24688500;13.109397888183594;
24697500;12.742965698242188;
24706500;12.711837768554687;
24715500;12.99755859375;
24724500;13.208808898925781;
24733500;13.257659912109375;
24742500;13.166877746582031;
24751500;12.969947814941406;
24760500;12.843994140625;
24769500;13.458709716796875;
24778500;13.983116149902344;
24787500;13.969184875488281;
24796500;13.508171081542969;
24805500;12.79217529296875;
24814500;12.391891479492188;
24823500;13.15869140625;
24832500;13.695106506347656;
24841500;13.552398681640625;
24850500;12.35137939453125;
24859500;12.190101623535156;
24868500;12.658096313476562;
24877500;13.452110290527344;
24886500;13.662391662597656;
24895500;13.621055603027344;
24904500;13.002059936523438;
24913500;12.599571228027344;
24922500;12.98297119140625;
24931500;13.465240478515625;
24940500;13.636360168457031;
24949500;13.18853759765625;
24958500;11.967178344726563;
24967500;11.731101989746094;
24976500;12.414077758789063;
24985500;13.357551574707031;
24994500;13.662948608398438;
25003500;13.111991882324219;
25012500;11.964859008789063;
25021500;11.751266479492188;
25030500;12.771041870117188;
25039500;13.298995971679687;
25048500;13.600677490234375;
25057500;12.904060363769531;
25066500;11.881568908691406;
25075500;12.149429321289063;
25084500;13.051773071289062;
25093500;13.781517028808594;
25102500;13.782257080078125;
25111500;13.169410705566406;
25120500;12.28277587890625;
25129500;12.7625732421875;
25138500;13.743255615234375;
25147500;14.262100219726563;
25156500;14.062820434570313;
25165500;13.265663146972656;
25174500;12.564483642578125;
25183500;12.827713012695312;
25192500;13.769218444824219;
25201500;14.004623413085938;
25210500;13.445625305175781;
25219500;12.7445068359375;
25228500;12.646797180175781;
25237500;13.412651062011719;
25246500;13.822914123535156;
25255500;14.013252258300781;
25264500;13.742095947265625;
25273500;13.191543579101563;
25282500;12.911880493164063;
25291500;13.402389526367188;
25300500;14.149078369140625;
25309500;14.189300537109375;
25318500;13.625640869140625;
25327500;12.876808166503906;
25336500;13.154769897460937;
25345500;13.768814086914063;
25354500;14.094161987304688;
25363500;14.297355651855469;
25372500;14.252838134765625;
25381500;14.088294982910156;
25390500;14.344436645507812;
25399500;14.888992309570313;
25408500;14.951759338378906;
25417500;14.720718383789063;
25426500;14.506477355957031;
25435500;14.314529418945313;
25444500;14.856819152832031;
25453500;15.692428588867187;
25462500;16.703475952148438;
25471500;17.591567993164063;
25480500;18.339485168457031;
25489500;18.741798400878906;
25498500;18.782341003417969;
25507500;18.541244506835937;
25516500;18.347053527832031;
25525500;17.970390319824219;
25534500;17.262397766113281;
25543500;16.686431884765625;
25552500;15.7955322265625;
25561500;15.901473999023437;
25570500;16.06195068359375;
25579500;14.913604736328125;
25588500;14.821510314941406;
25597500;14.908882141113281;
25606500;14.832839965820313;
25615500;14.599822998046875;
25624500;14.847923278808594;
25633500;14.975967407226563;
25642500;14.897537231445313;
25651500;14.550628662109375;
25660500;14.009513854980469;
25669500;13.481613159179688;
25678500;13.4017333984375;
25687500;14.109222412109375;
25696500;14.548934936523438;
25705500;14.325164794921875;
25714500;13.596221923828125;
25723500;13.180282592773437;
25732500;13.908248901367188;
25741500;14.442001342773438;
25750500;14.645454406738281;
25759500;14.189445495605469;
25768500;13.648002624511719;
25777500;13.3309326171875;
25786500;13.855056762695312;
25795500;14.712394714355469;
25804500;14.97491455078125;
25813500;14.507217407226563;
25822500;13.644302368164063;
25831500;13.675117492675781;
25840500;14.20977783203125;
25849500;14.952674865722656;
25858500;15.033966064453125;
25867500;14.241874694824219;
25876500;13.299179077148438;
25885500;13.180046081542969;
25894500;14.10394287109375;
25903500;14.905342102050781;
25912500;14.694427490234375;
25921500;13.716659545898438;
25930500;12.976661682128906;
25939500;13.658767700195312;
25948500;14.67626953125;
25957500;15.269050598144531;
25966500;17.404487609863281;
25975500;17.758613586425781;
25984500;13.396804809570313;
25993500;13.987457275390625;
26002500;14.939178466796875;
26011500;15.106475830078125;
26020500;14.441703796386719;
26029500;13.260520935058594;
26038500;13.16522216796875;
26047500;14.463043212890625;
26056500;15.346282958984375;
26065500;15.200309753417969;
26074500;14.892356872558594;
26083500;14.295394897460937;
26092500;14.728096008300781;
26101500;15.251235961914063;
26110500;15.627197265625;
26119500;15.249176025390625;
26128500;14.572189331054688;
26137500;13.887077331542969;
26146500;14.18438720703125;
26155500;14.979293823242187;
26164500;15.292449951171875;
26173500;14.995376586914063;
26182500;14.063705444335938;
26191500;13.836769104003906;
26200500;14.664398193359375;
26209500;15.095962524414063;
26218500;15.26519775390625;
26227500;14.964103698730469;
26236500;14.385726928710937;
26245500;14.410789489746094;
26254500;15.099014282226563;
26263500;15.718681335449219;
26272500;15.706932067871094;
26281500;15.143112182617187;
26290500;14.802734375;
26299500;15.139503479003906;
26308500;15.793670654296875;
26317500;16.215194702148438;
26326500;16.311332702636719;
26335500;15.572967529296875;
26344500;15.062278747558594;
26353500;15.325820922851563;
26362500;15.788932800292969;
26371500;17.744705200195313;
26380500;19.615379333496094;
26389500;15.492897033691406;
26398500;15.686004638671875;
26407500;16.154716491699219;
26416500;16.499679565429688;
26425500;16.284095764160156;
26434500;15.812164306640625;
26443500;15.739212036132813;
26452500;15.693023681640625;
26461500;16.086189270019531;
26470500;16.31414794921875;
26479500;16.133903503417969;
26488500;15.749160766601563;
26497500;15.740585327148438;
26506500;16.370826721191406;
26515500;16.644393920898438;
26524500;16.637420654296875;
26533500;16.118118286132813;
26542500;16.126251220703125;
26551500;16.603042602539062;
26560500;16.745925903320312;
26569500;16.857765197753906;
26578500;16.554695129394531;
26587500;16.24853515625;
26596500;16.639114379882812;
26605500;17.161590576171875;
26614500;17.335052490234375;
26623500;17.28961181640625;
26632500;16.555839538574219;
26641500;16.831924438476562;
26650500;17.042266845703125;
26659500;17.306396484375;
26668500;17.380088806152344;
26677500;16.956222534179688;
26686500;16.687461853027344;
26695500;16.457191467285156;
26704500;16.895217895507813;
26713500;17.080162048339844;
26722500;17.030105590820312;
26731500;17.336952209472656;
26740500;16.148536682128906;
26749500;16.113357543945312;
26758500;16.66961669921875;
26767500;17.128021240234375;
26776500;17.752616882324219;
26785500;19.342636108398438;
26794500;15.943634033203125;
26803500;16.264091491699219;
26812500;16.873794555664062;
26821500;17.300086975097656;
26830500;16.432723999023438;
26839500;15.709144592285156;
26848500;15.41827392578125;
26857500;16.021133422851562;
26866500;16.322235107421875;
26875500;16.842987060546875;
26884500;16.216194152832031;
26893500;15.777870178222656;
26902500;16.181777954101563;
26911500;16.748001098632812;
26920500;16.39208984375;
26929500;16.449676513671875;
26938500;15.7156982421875;
26947500;15.471397399902344;
26956500;16.05987548828125;
26965500;17.153411865234375;
26974500;18.125801086425781;
26983500;18.420509338378906;
26992500;18.431678771972656;
27001500;21.069473266601563;
27010500;20.000099182128906;
27019500;18.198104858398438;
27028500;17.647743225097656;
27037500;16.863510131835938;
27046500;15.417648315429687;
27055500;14.695747375488281;
27064500;14.367866516113281;
27073500;14.625335693359375;
27082500;14.77557373046875;
27091500;14.234367370605469;
27100500;13.573699951171875;
27109500;13.537681579589844;
27118500;13.971710205078125;
27127500;14.299079895019531;
27136500;14.013595581054688;
27145500;13.080429077148438;
27154500;12.585655212402344;
27163500;12.659866333007812;
27172500;13.301460266113281;
27181500;13.945037841796875;
27190500;16.73052978515625;
27199500;13.545692443847656;
27208500;11.708099365234375;
27217500;11.968170166015625;
27226500;12.806053161621094;
27235500;12.723373413085938;
27244500;12.324798583984375;
27253500;12.042533874511719;
27262500;12.172447204589844;
27271500;12.029541015625;
27280500;12.141021728515625;
27289500;12.114814758300781;
27298500;12.006874084472656;
27307500;11.510566711425781;
27316500;11.399795532226562;
27325500;11.763656616210937;
27334500;11.833351135253906;
27343500;11.520919799804688;
27352500;11.77032470703125;
27361500;10.993621826171875;
27370500;11.1873779296875;
27379500;11.087684631347656;
27388500;10.904930114746094;
27397500;10.750198364257813;
27406500;10.537826538085937;
27415500;10.358139038085937;
27424500;10.432418823242187;
27433500;10.932403564453125;
27442500;11.071601867675781;
27451500;10.119804382324219;
27460500;9.6505355834960937;
27469500;9.7876815795898437;
27478500;10.184135437011719;
27487500;10.244461059570312;
27496500;10.351043701171875;
27505500;9.7940826416015625;
27514500;9.9091796875;
27523500;9.949310302734375;
27532500;10.047767639160156;
27541500;9.7427215576171875;
27550500;9.9829864501953125;
27559500;9.5828933715820312;
27568500;9.3971710205078125;
27577500;9.971160888671875;
27586500;10.248062133789062;
27595500;12.232872009277344;
27604500;9.8560791015625;
27613500;9.7299118041992187;
27622500;9.9546585083007812;
27631500;9.5375289916992187;
27640500;9.348175048828125;
27649500;9.2544631958007813;
27658500;9.1532135009765625;
27667500;9.4348831176757812;
27676500;9.4910430908203125;
27685500;9.4876022338867187;
27694500;9.3673019409179687;
27703500;9.30010986328125;
27712500;9.1792221069335937;
27721500;8.9465484619140625;
27730500;9.3631820678710937;
27739500;9.373931884765625;
27748500;9.1606597900390625;
27757500;8.9609222412109375;
27766500;9.1716079711914062;
27775500;9.4577789306640625;
27784500;9.3968582153320312;
27793500;9.9270401000976563;
27802500;9.42047119140625;
27811500;9.0727386474609375;
27820500;9.0727005004882812;
27829500;9.5309371948242187;
27838500;9.938720703125;
27847500;9.8134613037109375;
27856500;9.1047592163085937;
27865500;9.234222412109375;
27874500;9.4344711303710937;
27883500;10.609428405761719;
27892500;10.323394775390625;
27901500;9.770599365234375;
27910500;9.564971923828125;
27919500;9.5867080688476562;
27928500;9.8917083740234375;
27937500;9.9725494384765625;
27946500;9.9739456176757813;
27955500;9.7417449951171875;
27964500;9.5951766967773437;
27973500;10.784111022949219;
27982500;10.15350341796875;
27991500;9.9810791015625;
28000500;10.913177490234375;
28009500;10.18731689453125;
28018500;10.131538391113281;
28027500;10.191871643066406;
28036500;10.424545288085937;
28045500;10.321670532226562;
28054500;10.433723449707031;
28063500;11.109939575195313;
28072500;10.147537231445312;
28081500;10.448326110839844;
28090500;10.556816101074219;
28099500;10.5704345703125;
28108500;10.626304626464844;
28117500;10.698043823242188;
28126500;10.761589050292969;
28135500;10.7474365234375;
28144500;10.942680358886719;
28153500;11.579055786132813;
28162500;10.717414855957031;
28171500;10.495887756347656;
28180500;10.586273193359375;
28189500;10.835647583007813;
28198500;10.8807373046875;
28207500;10.722930908203125;
28216500;10.613044738769531;
28225500;10.736579895019531;
28234500;10.977333068847656;
28243500;11.368827819824219;
28252500;11.106399536132812;
28261500;11.048355102539063;
28270500;10.931594848632813;
28279500;10.834892272949219;
28288500;11.297889709472656;
28297500;11.177017211914063;
28306500;11.174285888671875;
28315500;10.974037170410156;
28324500;11.55133056640625;
28333500;12.060752868652344;
28342500;10.997482299804688;
28351500;11.28851318359375;
28360500;11.055809020996094;
28369500;11.011016845703125;
28378500;11.063858032226563;
28387500;11.085289001464844;
28396500;11.397560119628906;
28405500;11.814193725585937;
28414500;12.267799377441406;
28423500;12.410385131835938;
28432500;11.412857055664063;
28441500;11.590919494628906;
28450500;11.648384094238281;
28459500;11.924880981445313;
28468500;11.888755798339844;
28477500;12.321678161621094;
28486500;12.769660949707031;
28495500;12.489120483398438;
28504500;13.618408203125;
28513500;12.957389831542969;
28522500;12.105674743652344;
28531500;12.005119323730469;
28540500;12.211029052734375;
28549500;11.977096557617188;
28558500;12.178634643554688;
28567500;12.280052185058594;
28576500;12.050079345703125;
28585500;12.465576171875;
28594500;13.767982482910156;
28603500;12.738258361816406;
28612500;12.327316284179687;
28621500;12.003402709960937;
28630500;12.17657470703125;
28639500;12.42877197265625;
28648500;12.398567199707031;
28657500;12.438873291015625;
28666500;12.635429382324219;
28675500;12.652694702148438;
28684500;13.358230590820313;
28693500;12.895149230957031;
28702500;12.654861450195313;
28711500;12.734046936035156;
28720500;12.950088500976562;
28729500;12.791893005371094;
28738500;12.815895080566406;
28747500;13.014747619628906;
28756500;13.237892150878906;
28765500;13.134780883789063;
28774500;13.425582885742188;
28783500;13.3326416015625;
28792500;13.448028564453125;
28801500;13.578994750976562;
28810500;13.667098999023438;
28819500;13.628265380859375;
28828500;13.671745300292969;
28837500;13.7509765625;
28846500;13.928131103515625;
28855500;14.129180908203125;
28864500;14.84039306640625;
28873500;13.973304748535156;
28882500;14.008132934570313;
28891500;14.082061767578125;
28900500;14.161933898925781;
28909500;14.151397705078125;
28918500;14.173530578613281;
28927500;14.203697204589844;
28936500;13.905059814453125;
28945500;14.60455322265625;
28954500;15.486801147460938;
28963500;14.409286499023437;
28972500;14.480422973632813;
28981500;14.302253723144531;
28990500;14.362739562988281;
28999500;14.4501953125;
29008500;14.362449645996094;
29017500;14.644500732421875;
29026500;14.747856140136719;
29035500;15.40325927734375;
29044500;15.708457946777344;
29053500;14.796646118164063;
29062500;14.597419738769531;
29071500;14.770271301269531;
29080500;14.778030395507813;
29089500;14.615402221679688;
29098500;14.850067138671875;
29107500;14.902030944824219;
29116500;14.767669677734375;
29125500;15.721244812011719;
29134500;15.357505798339844;
29143500;15.159080505371094;
29152500;15.186225891113281;
29161500;15.103500366210938;
29170500;15.204994201660156;
29179500;15.011054992675781;
29188500;15.179145812988281;
29197500;15.196487426757813;
29206500;15.519783020019531;
29215500;15.878326416015625;
29224500;15.787551879882813;
29233500;15.481124877929688;
29242500;15.505271911621094;
29251500;15.7158203125;
29260500;15.489822387695313;
29269500;15.794082641601563;
29278500;15.785041809082031;
29287500;15.987312316894531;
29296500;16.274848937988281;
29305500;16.202377319335938;
29314500;16.1749267578125;
29323500;16.527046203613281;
29332500;16.643325805664063;
29341500;16.668357849121094;
29350500;16.952827453613281;
29359500;16.99774169921875;
29368500;17.254402160644531;
29377500;17.235893249511719;
29386500;17.291046142578125;
29395500;17.89483642578125;
29404500;17.534393310546875;
29413500;17.550773620605469;
29422500;17.77264404296875;
29431500;17.934738159179688;
29440500;17.947311401367188;
29449500;18.056961059570313;
29458500;18.141136169433594;
29467500;18.261383056640625;
29476500;18.303146362304688;
29485500;19.388504028320313;
29494500;18.423316955566406;
29503500;18.625297546386719;
29512500;18.806106567382812;
29521500;18.760787963867188;
29530500;18.645950317382813;
29539500;18.749557495117188;
29548500;18.874122619628906;
29557500;19.083320617675781;
29566500;19.460403442382812;
29575500;20.332199096679688;
29584500;19.233100891113281;
29593500;19.305694580078125;
29602500;19.528549194335938;
29611500;19.629104614257813;
29620500;19.889930725097656;
29629500;19.599601745605469;
29638500;19.642837524414063;
29647500;19.7593994140625;
29656500;20.092330932617188;
29665500;21.08563232421875;
29674500;20.304023742675781;
29683500;19.914108276367188;
29692500;19.874763488769531;
29701500;19.710700988769531;
29710500;19.968971252441406;
29719500;20.104133605957031;
29728500;20.236381530761719;
29737500;20.083038330078125;
29746500;20.391387939453125;
29755500;20.805953979492188;
29764500;20.423866271972656;
29773500;20.43994140625;
29782500;20.058769226074219;
29791500;20.077354431152344;
29800500;24.989578247070313;
29809500;26.458778381347656;
29818500;20.658195495605469;
29827500;20.958595275878906;
29836500;20.707176208496094;
29845500;20.033584594726563;
29854500;20.097251892089844;
29863500;20.551956176757813;
29872500;20.417991638183594;
29881500;20.489959716796875;
29890500;20.266502380371094;
29899500;20.18560791015625;
29908500;20.365287780761719;
29917500;20.73309326171875;
29926500;21.520980834960937;
29935500;20.959991455078125;
29944500;20.481796264648438;
29953500;20.302848815917969;
29962500;21.082244873046875;
29971500;21.673194885253906;
29980500;22.12872314453125;
29989500;21.959617614746094;
29998500;25.689247131347656;
